Time,Transitions (ordered by area x trans x democatpos)
0.25,0,0,0,0,0,0,0,0,0,0,0,0,0,0,0,0,0,0,0,0,0,0,0,0,0,0,0,0,0,0,0,0,0,0,0,0,0,0,0,0,0,0,0,0,0,0,0,0,0,0,0,0,0,0,0,0,0,0,0,0,0,0,0,0,0,0,0,0,0,0,0,0,0,0,0,0,0,0,0,0,0,0,0,0,0,0,0,0,0,0,0,0,0,0,0,0,0,0,0,0,0,0,0,0,0,0,0,0,0,0,0,0,0,0,0,0,0,0,0,0,0,0,0,0,0,0,0,0,0,0,0,0,0,0,0,0,0,0,0,0,0,0,0,0,0,0,0,0,0,0,0,0,0,0,0,0,0,0,0,0,0,0,0,0,0,0,0,0,0,0,0,0,0,0,0,0,0,0,0,0,0,0,0,0,0,0,0,0,0,0,0,0,0,0,0,0,0,0,0,0,0,0,0,0,0,0,0,0,0,0,0,0,0,0,0,0,0,0,0,0,0,0,0,0,0,0,0,0,0,0,0,0,0,0,0,0,0,0,0,0,0,0,0,0,0,0,0,0,0,0,0,0,0,0,0,0,0,0,0,0,0,0,0,0,0,0,0,0,0,0,0,0,0,0,0,0,0,0,0,0,0,0,0,0,0,0,0,0,0,0,0,0,0,0,0,0,0,0,0,0,0,0,0,0,0,0,0,0,0,0,0,0,0,0,0,0,0,0,0,0
0.75,0,0,0,0,0,0,0,0,0,0,0,0,0,0,0,0,0,0,0,0,0,0,0,0,0,0,0,0,0,0,0,0,0,0,0,0,0,0,0,0,0,0,0,0,0,0,0,0,0,0,0,0,0,0,0,0,0,0,0,0,0,0,0,0,0,0,0,0,0,0,0,0,0,0,0,0,0,0,0,0,0,0,0,0,0,0,0,0,0,0,0,0,0,0,0,0,0,0,0,0,0,0,0,0,0,0,0,0,0,0,0,0,0,0,0,0,0,0,0,0,0,0,0,0,0,0,0,0,0,0,0,0,0,0,0,0,0,0,0,0,0,0,0,0,0,0,0,0,0,0,0,0,0,0,0,0,0,0,0,0,0,0,0,0,0,0,0,0,0,0,0,0,0,0,0,0,0,0,0,0,0,0,0,0,0,0,0,0,0,0,0,0,0,0,0,0,0,0,0,0,0,0,0,0,0,0,0,0,0,0,0,0,0,0,0,0,0,0,0,0,0,0,0,0,0,0,0,0,0,0,0,0,0,0,0,0,0,0,0,0,0,0,0,0,0,0,0,0,0,0,0,0,0,0,0,0,0,0,0,0,0,0,0,0,0,0,0,0,0,0,0,0,0,0,0,0,0,0,0,0,0,0,0,0,0,0,0,0,0,0,0,0,0,0,0,0,0,0,0,0,0,0,0,0,0,0,0,0,0,0,0,0,0,0,0,0,0,0,0,0
1.25,0,0,0,0,0,0,0,0,0,0,0,0,0,0,0,0,0,0,0,0,0,0,0,0,0,0,0,0,0,0,0,0,0,0,0,0,0,0,0,0,0,0,0,0,0,0,0,0,0,0,0,0,0,0,0,0,0,0,0,0,0,0,0,0,0,0,0,0,0,0,0,0,0,0,0,0,0,0,0,0,0,0,0,0,0,0,0,0,0,0,0,0,0,0,0,0,0,0,0,0,0,0,0,0,0,0,0,0,0,0,0,0,0,0,0,0,0,0,0,0,0,0,0,0,0,0,0,0,0,0,0,0,0,0,0,0,0,0,0,0,0,0,0,0,0,0,0,0,0,0,0,0,0,0,0,0,0,0,0,0,0,0,0,0,0,0,0,0,0,0,0,0,0,0,0,0,0,0,0,0,0,0,0,0,0,0,0,0,0,0,0,0,0,0,0,0,0,0,0,0,0,0,0,0,0,0,0,0,0,0,0,0,0,0,0,0,0,0,0,0,0,0,0,0,0,0,0,0,0,0,0,0,0,0,0,0,0,0,0,0,0,0,0,0,0,0,0,0,0,0,0,0,0,0,0,0,0,0,0,0,0,0,0,0,0,0,0,0,0,0,0,0,0,0,0,0,0,0,0,0,0,0,0,0,0,0,0,0,0,0,0,0,0,0,0,0,0,0,0,0,0,0,0,0,0,0,0,0,0,0,0,0,0,0,0,0,0,0,0,0
1.75,0,0,0,0,0,0,0,0,0,0,0,0,0,0,0,0,0,0,0,0,0,0,0,0,0,0,0,0,0,0,0,0,0,0,0,0,0,0,0,0,0,0,0,0,0,0,0,0,0,0,0,0,0,0,0,0,0,0,0,0,0,0,0,0,0,0,0,0,0,0,0,0,0,0,0,0,0,0,0,0,0,0,0,0,0,0,0,0,0,0,0,0,0,0,0,0,0,0,0,0,0,0,0,0,0,0,0,0,0,0,0,0,0,0,0,0,0,0,0,0,0,0,0,0,0,0,0,0,0,0,0,0,0,0,0,0,0,0,0,0,0,0,0,0,0,0,0,0,0,0,0,0,0,0,0,0,0,0,0,0,0,0,0,0,0,0,0,0,0,0,0,0,0,0,0,0,0,0,0,0,0,0,0,0,0,0,0,0,0,0,0,0,0,0,0,0,0,0,0,0,0,0,0,0,0,0,0,0,0,0,0,0,0,0,0,0,0,0,0,0,0,0,0,0,0,0,0,0,0,0,0,0,0,0,0,0,0,0,0,0,0,0,0,0,0,0,0,0,0,0,0,0,0,0,0,0,0,0,0,0,0,0,0,0,0,0,0,0,0,0,0,0,0,0,0,0,0,0,0,0,0,0,0,0,0,0,0,0,0,0,0,0,0,0,0,0,0,0,0,0,0,0,0,0,0,0,0,0,0,0,0,0,0,0,0,0,0,0,0,0
2.25,0,0,0,0,0,0,0,0,0,0,0,0,0,0,0,0,0,0,0,0,0,0,0,0,0,0,0,0,0,0,0,0,0,0,0,0,0,0,0,0,0,0,0,0,0,0,0,0,0,0,0,0,0,0,0,0,0,0,0,0,0,0,0,0,0,0,0,0,0,0,0,0,0,0,0,0,0,0,0,0,0,0,0,0,0,0,0,0,0,0,0,0,0,0,0,0,0,0,0,0,0,0,0,0,0,0,0,0,0,0,0,0,0,0,0,0,0,0,0,0,0,0,0,0,0,0,0,0,0,0,0,0,0,0,0,0,0,0,0,0,0,0,0,0,0,0,0,0,0,0,0,0,0,0,0,0,0,0,0,0,0,0,0,0,0,0,0,0,0,0,0,0,0,0,0,0,0,0,0,0,0,0,0,0,0,0,0,0,0,0,0,0,0,0,0,0,0,0,0,0,0,0,0,0,0,0,0,0,0,0,0,0,0,0,0,0,0,0,0,0,0,0,0,0,0,0,0,0,0,0,0,0,0,0,0,0,0,0,0,0,0,0,0,0,0,0,0,0,0,0,0,0,0,0,0,0,0,0,0,0,0,0,0,0,0,0,0,0,0,0,0,0,0,0,0,0,0,0,0,0,0,0,0,0,0,0,0,0,0,0,0,0,0,0,0,0,0,0,0,0,0,0,0,0,0,0,0,0,0,0,0,0,0,0,0,0,0,0,0,0
2.75,0,0,0,0,0,0,0,0,0,0,0,0,0,0,0,0,0,0,0,0,0,0,0,0,0,0,0,0,0,0,0,0,0,0,0,0,0,0,0,0,0,0,0,0,0,0,0,0,0,0,0,0,0,0,0,0,0,0,0,0,0,0,0,0,0,0,0,0,0,0,0,0,0,0,0,0,0,0,0,0,0,0,0,0,0,0,0,0,0,0,0,0,0,0,0,0,0,0,0,0,0,0,0,0,0,0,0,0,0,0,0,0,0,0,0,0,0,0,0,0,0,0,0,0,0,0,0,0,0,0,0,0,0,0,0,0,0,0,0,0,0,0,0,0,0,0,0,0,0,0,0,0,0,0,0,0,0,0,0,0,0,0,0,0,0,0,0,0,0,0,0,0,0,0,0,0,0,0,0,0,0,0,0,0,0,0,0,0,0,0,0,0,0,0,0,0,0,0,0,0,0,0,0,0,0,0,0,0,0,0,0,0,0,0,0,0,0,0,0,0,0,0,0,0,0,0,0,0,0,0,0,0,0,0,0,0,0,0,0,0,0,0,0,0,0,0,0,0,0,0,0,0,0,0,0,0,0,0,0,0,0,0,0,0,0,0,0,0,0,0,0,0,0,0,0,0,0,0,0,0,0,0,0,0,0,0,0,0,0,0,0,0,0,0,0,0,0,0,0,0,0,0,0,0,0,0,0,0,0,0,0,0,0,0,0,0,0,0,0,0
3.25,0,0,0,0,0,0,0,0,0,0,0,0,0,0,0,0,0,0,0,0,0,0,0,0,0,0,0,0,0,0,0,0,0,0,0,0,0,0,0,0,0,0,0,0,0,0,0,0,0,0,0,0,0,0,0,0,0,0,0,0,0,0,0,0,0,0,0,0,0,0,0,0,0,0,0,0,0,0,0,0,0,0,0,0,0,0,0,0,0,0,0,0,0,0,0,0,0,0,0,0,0,0,0,0,0,0,0,0,0,0,0,0,0,0,0,0,0,0,0,0,0,0,0,0,0,0,0,0,0,0,0,0,0,0,0,0,0,0,0,0,0,0,0,0,0,0,0,0,0,0,0,0,0,0,0,0,0,0,0,0,0,0,0,0,0,0,0,0,0,0,0,0,0,0,0,0,0,0,0,0,0,0,0,0,0,0,0,0,0,0,0,0,0,0,0,0,0,0,0,0,0,0,0,0,0,0,0,0,0,0,0,0,0,0,0,0,0,0,0,0,0,0,0,0,0,0,0,0,0,0,0,0,0,0,0,0,0,0,0,0,0,0,0,0,0,0,0,0,0,0,0,0,0,0,0,0,0,0,0,0,0,0,0,0,0,0,0,0,0,0,0,0,0,0,0,0,0,0,0,0,0,0,0,0,0,0,0,0,0,0,0,0,0,0,0,0,0,0,0,0,0,0,0,0,0,0,0,0,0,0,0,0,0,0,0,0,0,0,0,0
3.75,0,0,0,0,0,0,0,0,0,0,0,0,0,0,0,0,0,0,0,0,0,0,0,0,0,0,0,0,0,0,0,0,0,0,0,0,0,0,0,0,0,0,0,0,0,0,0,0,0,0,0,0,0,0,0,0,0,0,0,0,0,0,0,0,0,0,0,0,0,0,0,0,0,0,0,0,0,0,0,0,0,0,0,0,0,0,0,0,0,0,0,0,0,0,0,0,0,0,0,0,0,0,0,0,0,0,0,0,0,0,0,0,0,0,0,0,0,0,0,0,0,0,0,0,0,0,0,0,0,0,0,0,0,0,0,0,0,0,0,0,0,0,0,0,0,0,0,0,0,0,0,0,0,0,0,0,0,0,0,0,0,0,0,0,0,0,0,0,0,0,0,0,0,0,0,0,0,0,0,0,0,0,0,0,0,0,0,0,0,0,0,0,0,0,0,0,0,0,0,0,0,0,0,0,0,0,0,0,0,0,0,0,0,0,0,0,0,0,0,0,0,0,0,0,0,0,0,0,0,0,0,0,0,0,0,0,0,0,0,0,0,0,0,0,0,0,0,0,0,0,0,0,0,0,0,0,0,0,0,0,0,0,0,0,0,0,0,0,0,0,0,0,0,0,0,0,0,0,0,0,0,0,0,0,0,0,0,0,0,0,0,0,0,0,0,0,0,0,0,0,0,0,0,0,0,0,0,0,0,0,0,0,0,0,0,0,0,0,0,0
4.25,0,0,0,0,0,0,0,0,0,0,0,0,0,0,0,0,0,0,0,0,0,0,0,0,0,0,0,0,0,0,0,0,0,0,0,0,0,0,0,0,0,0,0,0,0,0,0,0,0,0,0,0,0,0,0,0,0,0,0,0,0,0,0,0,0,0,0,0,0,0,0,0,0,0,0,0,0,0,0,0,0,0,0,0,0,0,0,0,0,0,0,0,0,0,0,0,0,0,0,0,0,0,0,0,0,0,0,0,0,0,0,0,0,0,0,0,0,0,0,0,0,0,0,0,0,0,0,0,0,0,0,0,0,0,0,0,0,0,0,0,0,0,0,0,0,0,0,0,0,0,0,0,0,0,0,0,0,0,0,0,0,0,0,0,0,0,0,0,0,0,0,0,0,0,0,0,0,0,0,0,0,0,0,0,0,0,0,0,0,0,0,0,0,0,0,0,0,0,0,0,0,0,0,0,0,0,0,0,0,0,0,0,0,0,0,0,0,0,0,0,0,0,0,0,0,0,0,0,0,0,0,0,0,0,0,0,0,0,0,0,0,0,0,0,0,0,0,0,0,0,0,0,0,0,0,0,0,0,0,0,0,0,0,0,0,0,0,0,0,0,0,0,0,0,0,0,0,0,0,0,0,0,0,0,0,0,0,0,0,0,0,0,0,0,0,0,0,0,0,0,0,0,0,0,0,0,0,0,0,0,0,0,0,0,0,0,0,0,0,0
4.75,0,0,0,0,0,0,0,0,0,0,0,0,0,0,0,0,0,0,0,0,0,0,0,0,0,0,0,0,0,0,0,0,0,0,0,0,0,0,0,0,0,0,0,0,0,0,0,0,0,0,0,0,0,0,0,0,0,0,0,0,0,0,0,0,0,0,0,0,0,0,0,0,0,0,0,0,0,0,0,0,0,0,0,0,0,0,0,0,0,0,0,0,0,0,0,0,0,0,0,0,0,0,0,0,0,0,0,0,0,0,0,0,0,0,0,0,0,0,0,0,0,0,0,0,0,0,0,0,0,0,0,0,0,0,0,0,0,0,0,0,0,0,0,0,0,0,0,0,0,0,0,0,0,0,0,0,0,0,0,0,0,0,0,0,0,0,0,0,0,0,0,0,0,0,0,0,0,0,0,0,0,0,0,0,0,0,0,0,0,0,0,0,0,0,0,0,0,0,0,0,0,0,0,0,0,0,0,0,0,0,0,0,0,0,0,0,0,0,0,0,0,0,0,0,0,0,0,0,0,0,0,0,0,0,0,0,0,0,0,0,0,0,0,0,0,0,0,0,0,0,0,0,0,0,0,0,0,0,0,0,0,0,0,0,0,0,0,0,0,0,0,0,0,0,0,0,0,0,0,0,0,0,0,0,0,0,0,0,0,0,0,0,0,0,0,0,0,0,0,0,0,0,0,0,0,0,0,0,0,0,0,0,0,0,0,0,0,0,0,0
5.25,0,0,0,0,0,0,0,0,0,0,0,0,0,0,0,0,0,0,0,0,0,0,0,0,0,0,0,0,0,0,0,0,0,0,0,0,0,0,0,0,0,0,0,0,0,0,0,0,0,0,0,0,0,0,0,0,0,0,0,0,0,0,0,0,0,0,0,0,0,0,0,0,0,0,0,0,0,0,0,0,0,0,0,0,0,0,0,0,0,0,0,0,0,0,0,0,0,0,0,0,0,0,0,0,0,0,0,0,0,0,0,0,0,0,0,0,0,0,0,0,0,0,0,0,0,0,0,0,0,0,0,0,0,0,0,0,0,0,0,0,0,0,0,0,0,0,0,0,0,0,0,0,0,0,0,0,0,0,0,0,0,0,0,0,0,0,0,0,0,0,0,0,0,0,0,0,0,0,0,0,0,0,0,0,0,0,0,0,0,0,0,0,0,0,0,0,0,0,0,0,0,0,0,0,0,0,0,0,0,0,0,0,0,0,0,0,0,0,0,0,0,0,0,0,0,0,0,0,0,0,0,0,0,0,0,0,0,0,0,0,0,0,0,0,0,0,0,0,0,0,0,0,0,0,0,0,0,0,0,0,0,0,0,0,0,0,0,0,0,0,0,0,0,0,0,0,0,0,0,0,0,0,0,0,0,0,0,0,0,0,0,0,0,0,0,0,0,0,0,0,0,0,0,0,0,0,0,0,0,0,0,0,0,0,0,0,0,0,0,0
5.75,0,0,0,0,0,0,0,0,0,0,0,0,0,0,0,0,0,0,0,0,0,0,0,0,0,0,0,0,0,0,0,0,0,0,0,0,0,0,0,0,0,0,0,0,0,0,0,0,0,0,0,0,0,0,0,0,0,0,0,0,0,0,0,0,0,0,0,0,0,0,0,0,0,0,0,0,0,0,0,0,0,0,0,0,0,0,0,0,0,0,0,0,0,0,0,0,0,0,0,0,0,0,0,0,0,0,0,0,0,0,0,0,0,0,0,0,0,0,0,0,0,0,0,0,0,0,0,0,0,0,0,0,0,0,0,0,0,0,0,0,0,0,0,0,0,0,0,0,0,0,0,0,0,0,0,0,0,0,0,0,0,0,0,0,0,0,0,0,0,0,0,0,0,0,0,0,0,0,0,0,0,0,0,0,0,0,0,0,0,0,0,0,0,0,0,0,0,0,0,0,0,0,0,0,0,0,0,0,0,0,0,0,0,0,0,0,0,0,0,0,0,0,0,0,0,0,0,0,0,0,0,0,0,0,0,0,0,0,0,0,0,0,0,0,0,0,0,0,0,0,0,0,0,0,0,0,0,0,0,0,0,0,0,0,0,0,0,0,0,0,0,0,0,0,0,0,0,0,0,0,0,0,0,0,0,0,0,0,0,0,0,0,0,0,0,0,0,0,0,0,0,0,0,0,0,0,0,0,0,0,0,0,0,0,0,0,0,0,0,0
6.25,0,0,0,0,0,0,0,0,0,0,0,0,0,0,0,0,0,0,0,0,0,0,0,0,0,0,0,0,0,0,0,0,0,0,0,0,0,0,0,0,0,0,0,0,0,0,0,0,0,0,0,0,0,0,0,0,0,0,0,0,0,0,0,0,0,0,0,0,0,0,0,0,0,0,0,0,0,0,0,0,0,0,0,0,0,0,0,0,0,0,0,0,0,0,0,0,0,0,0,0,0,0,0,0,0,0,0,0,0,0,0,0,0,0,0,0,0,0,0,0,0,0,0,0,0,0,0,0,0,0,0,0,0,0,0,0,0,0,0,0,0,0,0,0,0,0,0,0,0,0,0,0,0,0,0,0,0,0,0,0,0,0,0,0,0,0,0,0,0,0,0,0,0,0,0,0,0,0,0,0,0,0,0,0,0,0,0,0,0,0,0,0,0,0,0,0,0,0,0,0,0,0,0,0,0,0,0,0,0,0,0,0,0,0,0,0,0,0,0,0,0,0,0,0,0,0,0,0,0,0,0,0,0,0,0,0,0,0,0,0,0,0,0,0,0,0,0,0,0,0,0,0,0,0,0,0,0,0,0,0,0,0,0,0,0,0,0,0,0,0,0,0,0,0,0,0,0,0,0,0,0,0,0,0,0,0,0,0,0,0,0,0,0,0,0,0,0,0,0,0,0,0,0,0,0,0,0,0,0,0,0,0,0,0,0,0,0,0,0,0
6.75,0,0,0,0,0,0,0,0,0,0,0,0,0,0,0,0,0,0,0,0,0,0,0,0,0,0,0,0,0,0,0,0,0,0,0,0,0,0,0,0,0,0,0,0,0,0,0,0,0,0,0,0,0,0,0,0,0,0,0,0,0,0,0,0,0,0,0,0,0,0,0,0,0,0,0,0,0,0,0,0,0,0,0,0,0,0,0,0,0,0,0,0,0,0,0,0,0,0,0,0,0,0,0,0,0,0,0,0,0,0,0,0,0,0,0,0,0,0,0,0,0,0,0,0,0,0,0,0,0,0,0,0,0,0,0,0,0,0,0,0,0,0,0,0,0,0,0,0,0,0,0,0,0,0,0,0,0,0,0,0,0,0,0,0,0,0,0,0,0,0,0,0,0,0,0,0,0,0,0,0,0,0,0,0,0,0,0,0,0,0,0,0,0,0,0,0,0,0,0,0,0,0,0,0,0,0,0,0,0,0,0,0,0,0,0,0,0,0,0,0,0,0,0,0,0,0,0,0,0,0,0,0,0,0,0,0,0,0,0,0,0,0,0,0,0,0,0,0,0,0,0,0,0,0,0,0,0,0,0,0,0,0,0,0,0,0,0,0,0,0,0,0,0,0,0,0,0,0,0,0,0,0,0,0,0,0,0,0,0,0,0,0,0,0,0,0,0,0,0,0,0,0,0,0,0,0,0,0,0,0,0,0,0,0,0,0,0,0,0,0
7.25,0,0,0,0,0,0,0,0,0,0,0,0,0,0,0,0,0,0,0,0,0,0,0,0,0,0,0,0,0,0,0,0,0,0,0,0,0,0,0,0,0,0,0,0,0,0,0,0,0,0,0,0,0,0,0,0,0,0,0,0,0,0,0,0,0,0,0,0,0,0,0,0,0,0,0,0,0,0,0,0,0,0,0,0,0,0,0,0,0,0,0,0,0,0,0,0,0,0,0,0,0,0,0,0,0,0,0,0,0,0,0,0,0,0,0,0,0,0,0,0,0,0,0,0,0,0,0,0,0,0,0,0,0,0,0,0,0,0,0,0,0,0,0,0,0,0,0,0,0,0,0,0,0,0,0,0,0,0,0,0,0,0,0,0,0,0,0,0,0,0,0,0,0,0,0,0,0,0,0,0,0,0,0,0,0,0,0,0,0,0,0,0,0,0,0,0,0,0,0,0,0,0,0,0,0,0,0,0,0,0,0,0,0,0,0,0,0,0,0,0,0,0,0,0,0,0,0,0,0,0,0,0,0,0,0,0,0,0,0,0,0,0,0,0,0,0,0,0,0,0,0,0,0,0,0,0,0,0,0,0,0,0,0,0,0,0,0,0,0,0,0,0,0,0,0,0,0,0,0,0,0,0,0,0,0,0,0,0,0,0,0,0,0,0,0,0,0,0,0,0,0,0,0,0,0,0,0,0,0,0,0,0,0,0,0,0,0,0,0,0
7.75,0,0,0,0,0,0,0,0,0,0,0,0,0,0,0,0,0,0,0,0,0,0,0,0,0,0,0,0,0,0,0,0,0,0,0,0,0,0,0,0,0,0,0,0,0,0,0,0,0,0,0,0,0,0,0,0,0,0,0,0,0,0,0,0,0,0,0,0,0,0,0,0,0,0,0,0,0,0,0,0,0,0,0,0,0,0,0,0,0,0,0,0,0,0,0,0,0,0,0,0,0,0,0,0,0,0,0,0,0,0,0,0,0,0,0,0,0,0,0,0,0,0,0,0,0,0,0,0,0,0,0,0,0,0,0,0,0,0,0,0,0,0,0,0,0,0,0,0,0,0,0,0,0,0,0,0,0,0,0,0,0,0,0,0,0,0,0,0,0,0,0,0,0,0,0,0,0,0,0,0,0,0,0,0,0,0,0,0,0,0,0,0,0,0,0,0,0,0,0,0,0,0,0,0,0,0,0,0,0,0,0,0,0,0,0,0,0,0,0,0,0,0,0,0,0,0,0,0,0,0,0,0,0,0,0,0,0,0,0,0,0,0,0,0,0,0,0,0,0,0,0,0,0,0,0,0,0,0,0,0,0,0,0,0,0,0,0,0,0,0,0,0,0,0,0,0,0,0,0,0,0,0,0,0,0,0,0,0,0,0,0,0,0,0,0,0,0,0,0,0,0,0,0,0,0,0,0,0,0,0,0,0,0,0,0,0,0,0,0,0
8.25,0,0,0,0,0,0,0,0,0,0,0,0,0,0,0,0,0,0,0,0,0,0,0,0,0,0,0,0,0,0,0,0,0,0,0,0,0,0,0,0,0,0,0,0,0,0,0,0,0,0,0,0,0,0,0,0,0,0,0,0,0,0,0,0,0,0,0,0,0,0,0,0,0,0,0,0,0,0,0,0,0,0,0,0,0,0,0,0,0,0,0,0,0,0,0,0,0,0,0,0,0,0,0,0,0,0,0,0,0,0,0,0,0,0,0,0,0,0,0,0,0,0,0,0,0,0,0,0,0,0,0,0,0,0,0,0,0,0,0,0,0,0,0,0,0,0,0,0,0,0,0,0,0,0,0,0,0,0,0,0,0,0,0,0,0,0,0,0,0,0,0,0,0,0,0,0,0,0,0,0,0,0,0,0,0,0,0,0,0,0,0,0,0,0,0,0,0,0,0,0,0,0,0,0,0,0,0,0,0,0,0,0,0,0,0,0,0,0,0,0,0,0,0,0,0,0,0,0,0,0,0,0,0,0,0,0,0,0,0,0,0,0,0,0,0,0,0,0,0,0,0,0,0,0,0,0,0,0,0,0,0,0,0,0,0,0,0,0,0,0,0,0,0,0,0,0,0,0,0,0,0,0,0,0,0,0,0,0,0,0,0,0,0,0,0,0,0,0,0,0,0,0,0,0,0,0,0,0,0,0,0,0,0,0,0,0,0,0,0,0
8.75,0,0,0,0,0,0,0,0,0,0,0,0,0,0,0,0,0,0,0,0,0,0,0,0,0,0,0,0,0,0,0,0,0,0,0,0,0,0,0,0,0,0,0,0,0,0,0,0,0,0,0,0,0,0,0,0,0,0,0,0,0,0,0,0,0,0,0,0,0,0,0,0,0,0,0,0,0,0,0,0,0,0,0,0,0,0,0,0,0,0,0,0,0,0,0,0,0,0,0,0,0,0,0,0,0,0,0,0,0,0,0,0,0,0,0,0,0,0,0,0,0,0,0,0,0,0,0,0,0,0,0,0,0,0,0,0,0,0,0,0,0,0,0,0,0,0,0,0,0,0,0,0,0,0,0,0,0,0,0,0,0,0,0,0,0,0,0,0,0,0,0,0,0,0,0,0,0,0,0,0,0,0,0,0,0,0,0,0,0,0,0,0,0,0,0,0,0,0,0,0,0,0,0,0,0,0,0,0,0,0,0,0,0,0,0,0,0,0,0,0,0,0,0,0,0,0,0,0,0,0,0,0,0,0,0,0,0,0,0,0,0,0,0,0,0,0,0,0,0,0,0,0,0,0,0,0,0,0,0,0,0,0,0,0,0,0,0,0,0,0,0,0,0,0,0,0,0,0,0,0,0,0,0,0,0,0,0,0,0,0,0,0,0,0,0,0,0,0,0,0,0,0,0,0,0,0,0,0,0,0,0,0,0,0,0,0,0,0,0,0
9.25,0,0,0,0,0,0,0,0,0,0,0,0,0,0,0,0,0,0,0,0,0,0,0,0,0,0,0,0,0,0,0,0,0,0,0,0,0,0,0,0,0,0,0,0,0,0,0,0,0,0,0,0,0,0,0,0,0,0,0,0,0,0,0,0,0,0,0,0,0,0,0,0,0,0,0,0,0,0,0,0,0,0,0,0,0,0,0,0,0,0,0,0,0,0,0,0,0,0,0,0,0,0,0,0,0,0,0,0,0,0,0,0,0,0,0,0,0,0,0,0,0,0,0,0,0,0,0,0,0,0,0,0,0,0,0,0,0,0,0,0,0,0,0,0,0,0,0,0,0,0,0,0,0,0,0,0,0,0,0,0,0,0,0,0,0,0,0,0,0,0,0,0,0,0,0,0,0,0,0,0,0,0,0,0,0,0,0,0,0,0,0,0,0,0,0,0,0,0,0,0,0,0,0,0,0,0,0,0,0,0,0,0,0,0,0,0,0,0,0,0,0,0,0,0,0,0,0,0,0,0,0,0,0,0,0,0,0,0,0,0,0,0,0,0,0,0,0,0,0,0,0,0,0,0,0,0,0,0,0,0,0,0,0,0,0,0,0,0,0,0,0,0,0,0,0,0,0,0,0,0,0,0,0,0,0,0,0,0,0,0,0,0,0,0,0,0,0,0,0,0,0,0,0,0,0,0,0,0,0,0,0,0,0,0,0,0,0,0,0,0
9.75,0,0,0,0,0,0,0,0,0,0,0,0,0,0,0,0,0,0,0,0,0,0,0,0,0,0,0,0,0,0,0,0,0,0,0,0,0,0,0,0,0,0,0,0,0,0,0,0,0,0,0,0,0,0,0,0,0,0,0,0,0,0,0,0,0,0,0,0,0,0,0,0,0,0,0,0,0,0,0,0,0,0,0,0,0,0,0,0,0,0,0,0,0,0,0,0,0,0,0,0,0,0,0,0,0,0,0,0,0,0,0,0,0,0,0,0,0,0,0,0,0,0,0,0,0,0,0,0,0,0,0,0,0,0,0,0,0,0,0,0,0,0,0,0,0,0,0,0,0,0,0,0,0,0,0,0,0,0,0,0,0,0,0,0,0,0,0,0,0,0,0,0,0,0,0,0,0,0,0,0,0,0,0,0,0,0,0,0,0,0,0,0,0,0,0,0,0,0,0,0,0,0,0,0,0,0,0,0,0,0,0,0,0,0,0,0,0,0,0,0,0,0,0,0,0,0,0,0,0,0,0,0,0,0,0,0,0,0,0,0,0,0,0,0,0,0,0,0,0,0,0,0,0,0,0,0,0,0,0,0,0,0,0,0,0,0,0,0,0,0,0,0,0,0,0,0,0,0,0,0,0,0,0,0,0,0,0,0,0,0,0,0,0,0,0,0,0,0,0,0,0,0,0,0,0,0,0,0,0,0,0,0,0,0,0,0,0,0,0,0
10.25,0,0,0,0,0,0,0,0,0,0,0,0,0,0,0,0,0,0,0,0,0,0,0,0,0,0,0,0,0,0,0,0,0,0,0,0,0,0,0,0,0,0,0,0,0,0,0,0,0,0,0,0,0,0,0,0,0,0,0,0,0,0,0,0,0,0,0,0,0,0,0,0,0,0,0,0,0,0,0,0,0,0,0,0,0,0,0,0,0,0,0,0,0,0,0,0,0,0,0,0,0,0,0,0,0,0,0,0,0,0,0,0,0,0,0,0,0,0,0,0,0,0,0,0,0,0,0,0,0,0,0,0,0,0,0,0,0,0,0,0,0,0,0,0,0,0,0,0,0,0,0,0,0,0,0,0,0,0,0,0,0,0,0,0,0,0,0,0,0,0,0,0,0,0,0,0,0,0,0,0,0,0,0,0,0,0,0,0,0,0,0,0,0,0,0,0,0,0,0,0,0,0,0,0,0,0,0,0,0,0,0,0,0,0,0,0,0,0,0,0,0,0,0,0,0,0,0,0,0,0,0,0,0,0,0,0,0,0,0,0,0,0,0,0,0,0,0,0,0,0,0,0,0,0,0,0,0,0,0,0,0,0,0,0,0,0,0,0,0,0,0,0,0,0,0,0,0,0,0,0,0,0,0,0,0,0,0,0,0,0,0,0,0,0,0,0,0,0,0,0,0,0,0,0,0,0,0,0,0,0,0,0,0,0,0,0,0,0,0,0
10.75,0,0,0,0,0,0,0,0,0,0,0,0,0,0,0,0,0,0,0,0,0,0,0,0,0,0,0,0,0,0,0,0,0,0,0,0,0,0,0,0,0,0,0,0,0,0,0,0,0,0,0,0,0,0,0,0,0,0,0,0,0,0,0,0,0,0,0,0,0,0,0,0,0,0,0,0,0,0,0,0,0,0,0,0,0,0,0,0,0,0,0,0,0,0,0,0,0,0,0,0,0,0,0,0,0,0,0,0,0,0,0,0,0,0,0,0,0,0,0,0,0,0,0,0,0,0,0,0,0,0,0,0,0,0,0,0,0,0,0,0,0,0,0,0,0,0,0,0,0,0,0,0,0,0,0,0,0,0,0,0,0,0,0,0,0,0,0,0,0,0,0,0,0,0,0,0,0,0,0,0,0,0,0,0,0,0,0,0,0,0,0,0,0,0,0,0,0,0,0,0,0,0,0,0,0,0,0,0,0,0,0,0,0,0,0,0,0,0,0,0,0,0,0,0,0,0,0,0,0,0,0,0,0,0,0,0,0,0,0,0,0,0,0,0,0,0,0,0,0,0,0,0,0,0,0,0,0,0,0,0,0,0,0,0,0,0,0,0,0,0,0,0,0,0,0,0,0,0,0,0,0,0,0,0,0,0,0,0,0,0,0,0,0,0,0,0,0,0,0,0,0,0,0,0,0,0,0,0,0,0,0,0,0,0,0,0,0,0,0,0
11.25,0,0,0,0,0,0,0,0,0,0,0,0,0,0,0,0,0,0,0,0,0,0,0,0,0,0,0,0,0,0,0,0,0,0,0,0,0,0,0,0,0,0,0,0,0,0,0,0,0,0,0,0,0,0,0,0,0,0,0,0,0,0,0,0,0,0,0,0,0,0,0,0,0,0,0,0,0,0,0,0,0,0,0,0,0,0,0,0,0,0,0,0,0,0,0,0,0,0,0,0,0,0,0,0,0,0,0,0,0,0,0,0,0,0,0,0,0,0,0,0,0,0,0,0,0,0,0,0,0,0,0,0,0,0,0,0,0,0,0,0,0,0,0,0,0,0,0,0,0,0,0,0,0,0,0,0,0,0,0,0,0,0,0,0,0,0,0,0,0,0,0,0,0,0,0,0,0,0,0,0,0,0,0,0,0,0,0,0,0,0,0,0,0,0,0,0,0,0,0,0,0,0,0,0,0,0,0,0,0,0,0,0,0,0,0,0,0,0,0,0,0,0,0,0,0,0,0,0,0,0,0,0,0,0,0,0,0,0,0,0,0,0,0,0,0,0,0,0,0,0,0,0,0,0,0,0,0,0,0,0,0,0,0,0,0,0,0,0,0,0,0,0,0,0,0,0,0,0,0,0,0,0,0,0,0,0,0,0,0,0,0,0,0,0,0,0,0,0,0,0,0,0,0,0,0,0,0,0,0,0,0,0,0,0,0,0,0,0,0,0
11.75,0,0,0,0,0,0,0,0,0,0,0,0,0,0,0,0,0,0,0,0,0,0,0,0,0,0,0,0,0,0,0,0,0,0,0,0,0,0,0,0,0,0,0,0,0,0,0,0,0,0,0,0,0,0,0,0,0,0,0,0,0,0,0,0,0,0,0,0,0,0,0,0,0,0,0,0,0,0,0,0,0,0,0,0,0,0,0,0,0,0,0,0,0,0,0,0,0,0,0,0,0,0,0,0,0,0,0,0,0,0,0,0,0,0,0,0,0,0,0,0,0,0,0,0,0,0,0,0,0,0,0,0,0,0,0,0,0,0,0,0,0,0,0,0,0,0,0,0,0,0,0,0,0,0,0,0,0,0,0,0,0,0,0,0,0,0,0,0,0,0,0,0,0,0,0,0,0,0,0,0,0,0,0,0,0,0,0,0,0,0,0,0,0,0,0,0,0,0,0,0,0,0,0,0,0,0,0,0,0,0,0,0,0,0,0,0,0,0,0,0,0,0,0,0,0,0,0,0,0,0,0,0,0,0,0,0,0,0,0,0,0,0,0,0,0,0,0,0,0,0,0,0,0,0,0,0,0,0,0,0,0,0,0,0,0,0,0,0,0,0,0,0,0,0,0,0,0,0,0,0,0,0,0,0,0,0,0,0,0,0,0,0,0,0,0,0,0,0,0,0,0,0,0,0,0,0,0,0,0,0,0,0,0,0,0,0,0,0,0,0
12.25,0,0,0,0,0,0,0,0,0,0,0,0,0,0,0,0,0,0,0,0,0,0,0,0,0,0,0,0,0,0,0,0,0,0,0,0,0,0,0,0,0,0,0,0,0,0,0,0,0,0,0,0,0,0,0,0,0,0,0,0,0,0,0,0,0,0,0,0,0,0,0,0,0,0,0,0,0,0,0,0,0,0,0,0,0,0,0,0,0,0,0,0,0,0,0,0,0,0,0,0,0,0,0,0,0,0,0,0,0,0,0,0,0,0,0,0,0,0,0,0,0,0,0,0,0,0,0,0,0,0,0,0,0,0,0,0,0,0,0,0,0,0,0,0,0,0,0,0,0,0,0,0,0,0,0,0,0,0,0,0,0,0,0,0,0,0,0,0,0,0,0,0,0,0,0,0,0,0,0,0,0,0,0,0,0,0,0,0,0,0,0,0,0,0,0,0,0,0,0,0,0,0,0,0,0,0,0,0,0,0,0,0,0,0,0,0,0,0,0,0,0,0,0,0,0,0,0,0,0,0,0,0,0,0,0,0,0,0,0,0,0,0,0,0,0,0,0,0,0,0,0,0,0,0,0,0,0,0,0,0,0,0,0,0,0,0,0,0,0,0,0,0,0,0,0,0,0,0,0,0,0,0,0,0,0,0,0,0,0,0,0,0,0,0,0,0,0,0,0,0,0,0,0,0,0,0,0,0,0,0,0,0,0,0,0,0,0,0,0,0
12.75,0,0,0,0,0,0,0,0,0,0,0,0,0,0,0,0,0,0,0,0,0,0,0,0,0,0,0,0,0,0,0,0,0,0,0,0,0,0,0,0,0,0,0,0,0,0,0,0,0,0,0,0,0,0,0,0,0,0,0,0,0,0,0,0,0,0,0,0,0,0,0,0,0,0,0,0,0,0,0,0,0,0,0,0,0,0,0,0,0,0,0,0,0,0,0,0,0,0,0,0,0,0,0,0,0,0,0,0,0,0,0,0,0,0,0,0,0,0,0,0,0,0,0,0,0,0,0,0,0,0,0,0,0,0,0,0,0,0,0,0,0,0,0,0,0,0,0,0,0,0,0,0,0,0,0,0,0,0,0,0,0,0,0,0,0,0,0,0,0,0,0,0,0,0,0,0,0,0,0,0,0,0,0,0,0,0,0,0,0,0,0,0,0,0,0,0,0,0,0,0,0,0,0,0,0,0,0,0,0,0,0,0,0,0,0,0,0,0,0,0,0,0,0,0,0,0,0,0,0,0,0,0,0,0,0,0,0,0,0,0,0,0,0,0,0,0,0,0,0,0,0,0,0,0,0,0,0,0,0,0,0,0,0,0,0,0,0,0,0,0,0,0,0,0,0,0,0,0,0,0,0,0,0,0,0,0,0,0,0,0,0,0,0,0,0,0,0,0,0,0,0,0,0,0,0,0,0,0,0,0,0,0,0,0,0,0,0,0,0,0
13.25,0,0,0,0,0,0,0,0,0,0,0,0,0,0,0,0,0,0,0,0,0,0,0,0,0,0,0,0,0,0,0,0,0,0,0,0,0,0,0,0,0,0,0,0,0,0,0,0,0,0,0,0,0,0,0,0,0,0,0,0,0,0,0,0,0,0,0,0,0,0,0,0,0,0,0,0,0,0,0,0,0,0,0,0,0,0,0,0,0,0,0,0,0,0,0,0,0,0,0,0,0,0,0,0,0,0,0,0,0,0,0,0,0,0,0,0,0,0,0,0,0,0,0,0,0,0,0,0,0,0,0,0,0,0,0,0,0,0,0,0,0,0,0,0,0,0,0,0,0,0,0,0,0,0,0,0,0,0,0,0,0,0,0,0,0,0,0,0,0,0,0,0,0,0,0,0,0,0,0,0,0,0,0,0,0,0,0,0,0,0,0,0,0,0,0,0,0,0,0,0,0,0,0,0,0,0,0,0,0,0,0,0,0,0,0,0,0,0,0,0,0,0,0,0,0,0,0,0,0,0,0,0,0,0,0,0,0,0,0,0,0,0,0,0,0,0,0,0,0,0,0,0,0,0,0,0,0,0,0,0,0,0,0,0,0,0,0,0,0,0,0,0,0,0,0,0,0,0,0,0,0,0,0,0,0,0,0,0,0,0,0,0,0,0,0,0,0,0,0,0,0,0,0,0,0,0,0,0,0,0,0,0,0,0,0,0,0,0,0,0
13.75,0,0,0,0,0,0,0,0,0,0,0,0,0,0,0,0,0,0,0,0,0,0,0,0,0,0,0,0,0,0,0,0,0,0,0,0,0,0,0,0,0,0,0,0,0,0,0,0,0,0,0,0,0,0,0,0,0,0,0,0,0,0,0,0,0,0,0,0,0,0,0,0,0,0,0,0,0,0,0,0,0,0,0,0,0,0,0,0,0,0,0,0,0,0,0,0,0,0,0,0,0,0,0,0,0,0,0,0,0,0,0,0,0,0,0,0,0,0,0,0,0,0,0,0,0,0,0,0,0,0,0,0,0,0,0,0,0,0,0,0,0,0,0,0,0,0,0,0,0,0,0,0,0,0,0,0,0,0,0,0,0,0,0,0,0,0,0,0,0,0,0,0,0,0,0,0,0,0,0,0,0,0,0,0,0,0,0,0,0,0,0,0,0,0,0,0,0,0,0,0,0,0,0,0,0,0,0,0,0,0,0,0,0,0,0,0,0,0,0,0,0,0,0,0,0,0,0,0,0,0,0,0,0,0,0,0,0,0,0,0,0,0,0,0,0,0,0,0,0,0,0,0,0,0,0,0,0,0,0,0,0,0,0,0,0,0,0,0,0,0,0,0,0,0,0,0,0,0,0,0,0,0,0,0,0,0,0,0,0,0,0,0,0,0,0,0,0,0,0,0,0,0,0,0,0,0,0,0,0,0,0,0,0,0,0,0,0,0,0,0
14.25,0,0,0,0,0,0,0,0,0,0,0,0,0,0,0,0,0,0,0,0,0,0,0,0,0,0,0,0,0,0,0,0,0,0,0,0,0,0,0,0,0,0,0,0,0,0,0,0,0,0,0,0,0,0,0,0,0,0,0,0,0,0,0,0,0,0,0,0,0,0,0,0,0,0,0,0,0,0,0,0,0,0,0,0,0,0,0,0,0,0,0,0,0,0,0,0,0,0,0,0,0,0,0,0,0,0,0,0,0,0,0,0,0,0,0,0,0,0,0,0,0,0,0,0,0,0,0,0,0,0,0,0,0,0,0,0,0,0,0,0,0,0,0,0,0,0,0,0,0,0,0,0,0,0,0,0,0,0,0,0,0,0,0,0,0,0,0,0,0,0,0,0,0,0,0,0,0,0,0,0,0,0,0,0,0,0,0,0,0,0,0,0,0,0,0,0,0,0,0,0,0,0,0,0,0,0,0,0,0,0,0,0,0,0,0,0,0,0,0,0,0,0,0,0,0,0,0,0,0,0,0,0,0,0,0,0,0,0,0,0,0,0,0,0,0,0,0,0,0,0,0,0,0,0,0,0,0,0,0,0,0,0,0,0,0,0,0,0,0,0,0,0,0,0,0,0,0,0,0,0,0,0,0,0,0,0,0,0,0,0,0,0,0,0,0,0,0,0,0,0,0,0,0,0,0,0,0,0,0,0,0,0,0,0,0,0,0,0,0,0
14.75,0,0,0,0,0,0,0,0,0,0,0,0,0,0,0,0,0,0,0,0,0,0,0,0,0,0,0,0,0,0,0,0,0,0,0,0,0,0,0,0,0,0,0,0,0,0,0,0,0,0,0,0,0,0,0,0,0,0,0,0,0,0,0,0,0,0,0,0,0,0,0,0,0,0,0,0,0,0,0,0,0,0,0,0,0,0,0,0,0,0,0,0,0,0,0,0,0,0,0,0,0,0,0,0,0,0,0,0,0,0,0,0,0,0,0,0,0,0,0,0,0,0,0,0,0,0,0,0,0,0,0,0,0,0,0,0,0,0,0,0,0,0,0,0,0,0,0,0,0,0,0,0,0,0,0,0,0,0,0,0,0,0,0,0,0,0,0,0,0,0,0,0,0,0,0,0,0,0,0,0,0,0,0,0,0,0,0,0,0,0,0,0,0,0,0,0,0,0,0,0,0,0,0,0,0,0,0,0,0,0,0,0,0,0,0,0,0,0,0,0,0,0,0,0,0,0,0,0,0,0,0,0,0,0,0,0,0,0,0,0,0,0,0,0,0,0,0,0,0,0,0,0,0,0,0,0,0,0,0,0,0,0,0,0,0,0,0,0,0,0,0,0,0,0,0,0,0,0,0,0,0,0,0,0,0,0,0,0,0,0,0,0,0,0,0,0,0,0,0,0,0,0,0,0,0,0,0,0,0,0,0,0,0,0,0,0,0,0,0,0
15.25,0,0,0,0,0,0,0,0,0,0,0,0,0,0,0,0,0,0,0,0,0,0,0,0,0,0,0,0,0,0,0,0,0,0,0,0,0,0,0,0,0,0,0,0,0,0,0,0,0,0,0,0,0,0,0,0,0,0,0,0,0,0,0,0,0,0,0,0,0,0,0,0,0,0,0,0,0,0,0,0,0,0,0,0,0,0,0,0,0,0,0,0,0,0,0,0,0,0,0,0,0,0,0,0,0,0,0,0,0,0,0,0,0,0,0,0,0,0,0,0,0,0,0,0,0,0,0,0,0,0,0,0,0,0,0,0,0,0,0,0,0,0,0,0,0,0,0,0,0,0,0,0,0,0,0,0,0,0,0,0,0,0,0,0,0,0,0,0,0,0,0,0,0,0,0,0,0,0,0,0,0,0,0,0,0,0,0,0,0,0,0,0,0,0,0,0,0,0,0,0,0,0,0,0,0,0,0,0,0,0,0,0,0,0,0,0,0,0,0,0,0,0,0,0,0,0,0,0,0,0,0,0,0,0,0,0,0,0,0,0,0,0,0,0,0,0,0,0,0,0,0,0,0,0,0,0,0,0,0,0,0,0,0,0,0,0,0,0,0,0,0,0,0,0,0,0,0,0,0,0,0,0,0,0,0,0,0,0,0,0,0,0,0,0,0,0,0,0,0,0,0,0,0,0,0,0,0,0,0,0,0,0,0,0,0,0,0,0,0,0
15.75,0,0,0,0,0,0,0,0,0,0,0,0,0,0,0,0,0,0,0,0,0,0,0,0,0,0,0,0,0,0,0,0,0,0,0,0,0,0,0,0,0,0,0,0,0,0,0,0,0,0,0,0,0,0,0,0,0,0,0,0,0,0,0,0,0,0,0,0,0,0,0,0,0,0,0,0,0,0,0,0,0,0,0,0,0,0,0,0,0,0,0,0,0,0,0,0,0,0,0,0,0,0,0,0,0,0,0,0,0,0,0,0,0,0,0,0,0,0,0,0,0,0,0,0,0,0,0,0,0,0,0,0,0,0,0,0,0,0,0,0,0,0,0,0,0,0,0,0,0,0,0,0,0,0,0,0,0,0,0,0,0,0,0,0,0,0,0,0,0,0,0,0,0,0,0,0,0,0,0,0,0,0,0,0,0,0,0,0,0,0,0,0,0,0,0,0,0,0,0,0,0,0,0,0,0,0,0,0,0,0,0,0,0,0,0,0,0,0,0,0,0,0,0,0,0,0,0,0,0,0,0,0,0,0,0,0,0,0,0,0,0,0,0,0,0,0,0,0,0,0,0,0,0,0,0,0,0,0,0,0,0,0,0,0,0,0,0,0,0,0,0,0,0,0,0,0,0,0,0,0,0,0,0,0,0,0,0,0,0,0,0,0,0,0,0,0,0,0,0,0,0,0,0,0,0,0,0,0,0,0,0,0,0,0,0,0,0,0,0,0
16.25,0,0,0,0,0,0,0,0,0,0,0,0,0,0,0,0,0,0,0,0,0,0,0,0,0,0,0,0,0,0,0,0,0,0,0,0,0,0,0,0,0,0,0,0,0,0,0,0,0,0,0,0,0,0,0,0,0,0,0,0,0,0,0,0,0,0,0,0,0,0,0,0,0,0,0,0,0,0,0,0,0,0,0,0,0,0,0,0,0,0,0,0,0,0,0,0,0,0,0,0,0,0,0,0,0,0,0,0,0,0,0,0,0,0,0,0,0,0,0,0,0,0,0,0,0,0,0,0,0,0,0,0,0,0,0,0,0,0,0,0,0,0,0,0,0,0,0,0,0,0,0,0,0,0,0,0,0,0,0,0,0,0,0,0,0,0,0,0,0,0,0,0,0,0,0,0,0,0,0,0,0,0,0,0,0,0,0,0,0,0,0,0,0,0,0,0,0,0,0,0,0,0,0,0,0,0,0,0,0,0,0,0,0,0,0,0,0,0,0,0,0,0,0,0,0,0,0,0,0,0,0,0,0,0,0,0,0,0,0,0,0,0,0,0,0,0,0,0,0,0,0,0,0,0,0,0,0,0,0,0,0,0,0,0,0,0,0,0,0,0,0,0,0,0,0,0,0,0,0,0,0,0,0,0,0,0,0,0,0,0,0,0,0,0,0,0,0,0,0,0,0,0,0,0,0,0,0,0,0,0,0,0,0,0,0,0,0,0,0,0
16.75,0,0,0,0,0,0,0,0,0,0,0,0,0,0,0,0,0,0,0,0,0,0,0,0,0,0,0,0,0,0,0,0,0,0,0,0,0,0,0,0,0,0,0,0,0,0,0,0,0,0,0,0,0,0,0,0,0,0,0,0,0,0,0,0,0,0,0,0,0,0,0,0,0,0,0,0,0,0,0,0,0,0,0,0,0,0,0,0,0,0,0,0,0,0,0,0,0,0,0,0,0,0,0,0,0,0,0,0,0,0,0,0,0,0,0,0,0,0,0,0,0,0,0,0,0,0,0,0,0,0,0,0,0,0,0,0,0,0,0,0,0,0,0,0,0,0,0,0,0,0,0,0,0,0,0,0,0,0,0,0,0,0,0,0,0,0,0,0,0,0,0,0,0,0,0,0,0,0,0,0,0,0,0,0,0,0,0,0,0,0,0,0,0,0,0,0,0,0,0,0,0,0,0,0,0,0,0,0,0,0,0,0,0,0,0,0,0,0,0,0,0,0,0,0,0,0,0,0,0,0,0,0,0,0,0,0,0,0,0,0,0,0,0,0,0,0,0,0,0,0,0,0,0,0,0,0,0,0,0,0,0,0,0,0,0,0,0,0,0,0,0,0,0,0,0,0,0,0,0,0,0,0,0,0,0,0,0,0,0,0,0,0,0,0,0,0,0,0,0,0,0,0,0,0,0,0,0,0,0,0,0,0,0,0,0,0,0,0,0,0
17.25,0,0,0,0,0,0,0,0,0,0,0,0,0,0,0,0,0,0,0,0,0,0,0,0,0,0,0,0,0,0,0,0,0,0,0,0,0,0,0,0,0,0,0,0,0,0,0,0,0,0,0,0,0,0,0,0,0,0,0,0,0,0,0,0,0,0,0,0,0,0,0,0,0,0,0,0,0,0,0,0,0,0,0,0,0,0,0,0,0,0,0,0,0,0,0,0,0,0,0,0,0,0,0,0,0,0,0,0,0,0,0,0,0,0,0,0,0,0,0,0,0,0,0,0,0,0,0,0,0,0,0,0,0,0,0,0,0,0,0,0,0,0,0,0,0,0,0,0,0,0,0,0,0,0,0,0,0,0,0,0,0,0,0,0,0,0,0,0,0,0,0,0,0,0,0,0,0,0,0,0,0,0,0,0,0,0,0,0,0,0,0,0,0,0,0,0,0,0,0,0,0,0,0,0,0,0,0,0,0,0,0,0,0,0,0,0,0,0,0,0,0,0,0,0,0,0,0,0,0,0,0,0,0,0,0,0,0,0,0,0,0,0,0,0,0,0,0,0,0,0,0,0,0,0,0,0,0,0,0,0,0,0,0,0,0,0,0,0,0,0,0,0,0,0,0,0,0,0,0,0,0,0,0,0,0,0,0,0,0,0,0,0,0,0,0,0,0,0,0,0,0,0,0,0,0,0,0,0,0,0,0,0,0,0,0,0,0,0,0,0
17.75,0,0,0,0,0,0,0,0,0,0,0,0,0,0,0,0,0,0,0,0,0,0,0,0,0,0,0,0,0,0,0,0,0,0,0,0,0,0,0,0,0,0,0,0,0,0,0,0,0,0,0,0,0,0,0,0,0,0,0,0,0,0,0,0,0,0,0,0,0,0,0,0,0,0,0,0,0,0,0,0,0,0,0,0,0,0,0,0,0,0,0,0,0,0,0,0,0,0,0,0,0,0,0,0,0,0,0,0,0,0,0,0,0,0,0,0,0,0,0,0,0,0,0,0,0,0,0,0,0,0,0,0,0,0,0,0,0,0,0,0,0,0,0,0,0,0,0,0,0,0,0,0,0,0,0,0,0,0,0,0,0,0,0,0,0,0,0,0,0,0,0,0,0,0,0,0,0,0,0,0,0,0,0,0,0,0,0,0,0,0,0,0,0,0,0,0,0,0,0,0,0,0,0,0,0,0,0,0,0,0,0,0,0,0,0,0,0,0,0,0,0,0,0,0,0,0,0,0,0,0,0,0,0,0,0,0,0,0,0,0,0,0,0,0,0,0,0,0,0,0,0,0,0,0,0,0,0,0,0,0,0,0,0,0,0,0,0,0,0,0,0,0,0,0,0,0,0,0,0,0,0,0,0,0,0,0,0,0,0,0,0,0,0,0,0,0,0,0,0,0,0,0,0,0,0,0,0,0,0,0,0,0,0,0,0,0,0,0,0,0
18.25,0,0,0,0,0,0,0,0,0,0,0,0,0,0,0,0,0,0,0,0,0,0,0,0,0,0,0,0,0,0,0,0,0,0,0,0,0,0,0,0,0,0,0,0,0,0,0,0,0,0,0,0,0,0,0,0,0,0,0,0,0,0,0,0,0,0,0,0,0,0,0,0,0,0,0,0,0,0,0,0,0,0,0,0,0,0,0,0,0,0,0,0,0,0,0,0,0,0,0,0,0,0,0,0,0,0,0,0,0,0,0,0,0,0,0,0,0,0,0,0,0,0,0,0,0,0,0,0,0,0,0,0,0,0,0,0,0,0,0,0,0,0,0,0,0,0,0,0,0,0,0,0,0,0,0,0,0,0,0,0,0,0,0,0,0,0,0,0,0,0,0,0,0,0,0,0,0,0,0,0,0,0,0,0,0,0,0,0,0,0,0,0,0,0,0,0,0,0,0,0,0,0,0,0,0,0,0,0,0,0,0,0,0,0,0,0,0,0,0,0,0,0,0,0,0,0,0,0,0,0,0,0,0,0,0,0,0,0,0,0,0,0,0,0,0,0,0,0,0,0,0,0,0,0,0,0,0,0,0,0,0,0,0,0,0,0,0,0,0,0,0,0,0,0,0,0,0,0,0,0,0,0,0,0,0,0,0,0,0,0,0,0,0,0,0,0,0,0,0,0,0,0,0,0,0,0,0,0,0,0,0,0,0,0,0,0,0,0,0,0
18.75,0,0,0,0,0,0,0,0,0,0,0,0,0,0,0,0,0,0,0,0,0,0,0,0,0,0,0,0,0,0,0,0,0,0,0,0,0,0,0,0,0,0,0,0,0,0,0,0,0,0,0,0,0,0,0,0,0,0,0,0,0,0,0,0,0,0,0,0,0,0,0,0,0,0,0,0,0,0,0,0,0,0,0,0,0,0,0,0,0,0,0,0,0,0,0,0,0,0,0,0,0,0,0,0,0,0,0,0,0,0,0,0,0,0,0,0,0,0,0,0,0,0,0,0,0,0,0,0,0,0,0,0,0,0,0,0,0,0,0,0,0,0,0,0,0,0,0,0,0,0,0,0,0,0,0,0,0,0,0,0,0,0,0,0,0,0,0,0,0,0,0,0,0,0,0,0,0,0,0,0,0,0,0,0,0,0,0,0,0,0,0,0,0,0,0,0,0,0,0,0,0,0,0,0,0,0,0,0,0,0,0,0,0,0,0,0,0,0,0,0,0,0,0,0,0,0,0,0,0,0,0,0,0,0,0,0,0,0,0,0,0,0,0,0,0,0,0,0,0,0,0,0,0,0,0,0,0,0,0,0,0,0,0,0,0,0,0,0,0,0,0,0,0,0,0,0,0,0,0,0,0,0,0,0,0,0,0,0,0,0,0,0,0,0,0,0,0,0,0,0,0,0,0,0,0,0,0,0,0,0,0,0,0,0,0,0,0,0,0,0
19.25,0,0,0,0,0,0,0,0,0,0,0,0,0,0,0,0,0,0,0,0,0,0,0,0,0,0,0,0,0,0,0,0,0,0,0,0,0,0,0,0,0,0,0,0,0,0,0,0,0,0,0,0,0,0,0,0,0,0,0,0,0,0,0,0,0,0,0,0,0,0,0,0,0,0,0,0,0,0,0,0,0,0,0,0,0,0,0,0,0,0,0,0,0,0,0,0,0,0,0,0,0,0,0,0,0,0,0,0,0,0,0,0,0,0,0,0,0,0,0,0,0,0,0,0,0,0,0,0,0,0,0,0,0,0,0,0,0,0,0,0,0,0,0,0,0,0,0,0,0,0,0,0,0,0,0,0,0,0,0,0,0,0,0,0,0,0,0,0,0,0,0,0,0,0,0,0,0,0,0,0,0,0,0,0,0,0,0,0,0,0,0,0,0,0,0,0,0,0,0,0,0,0,0,0,0,0,0,0,0,0,0,0,0,0,0,0,0,0,0,0,0,0,0,0,0,0,0,0,0,0,0,0,0,0,0,0,0,0,0,0,0,0,0,0,0,0,0,0,0,0,0,0,0,0,0,0,0,0,0,0,0,0,0,0,0,0,0,0,0,0,0,0,0,0,0,0,0,0,0,0,0,0,0,0,0,0,0,0,0,0,0,0,0,0,0,0,0,0,0,0,0,0,0,0,0,0,0,0,0,0,0,0,0,0,0,0,0,0,0,0
19.75,0,0,0,0,0,0,0,0,0,0,0,0,0,0,0,0,0,0,0,0,0,0,0,0,0,0,0,0,0,0,0,0,0,0,0,0,0,0,0,0,0,0,0,0,0,0,0,0,0,0,0,0,0,0,0,0,0,0,0,0,0,0,0,0,0,0,0,0,0,0,0,0,0,0,0,0,0,0,0,0,0,0,0,0,0,0,0,0,0,0,0,0,0,0,0,0,0,0,0,0,0,0,0,0,0,0,0,0,0,0,0,0,0,0,0,0,0,0,0,0,0,0,0,0,0,0,0,0,0,0,0,0,0,0,0,0,0,0,0,0,0,0,0,0,0,0,0,0,0,0,0,0,0,0,0,0,0,0,0,0,0,0,0,0,0,0,0,0,0,0,0,0,0,0,0,0,0,0,0,0,0,0,0,0,0,0,0,0,0,0,0,0,0,0,0,0,0,0,0,0,0,0,0,0,0,0,0,0,0,0,0,0,0,0,0,0,0,0,0,0,0,0,0,0,0,0,0,0,0,0,0,0,0,0,0,0,0,0,0,0,0,0,0,0,0,0,0,0,0,0,0,0,0,0,0,0,0,0,0,0,0,0,0,0,0,0,0,0,0,0,0,0,0,0,0,0,0,0,0,0,0,0,0,0,0,0,0,0,0,0,0,0,0,0,0,0,0,0,0,0,0,0,0,0,0,0,0,0,0,0,0,0,0,0,0,0,0,0,0,0
20.25,0,0,0,0,0,0,0,0,0,0,0,0,0,0,0,0,0,0,0,0,0,0,0,0,0,0,0,0,0,0,0,0,0,0,0,0,0,0,0,0,0,0,0,0,0,0,0,0,0,0,0,0,0,0,0,0,0,0,0,0,0,0,0,0,0,0,0,0,0,0,0,0,0,0,0,0,0,0,0,0,0,0,0,0,0,0,0,0,0,0,0,0,0,0,0,0,0,0,0,0,0,0,0,0,0,0,0,0,0,0,0,0,0,0,0,0,0,0,0,0,0,0,0,0,0,0,0,0,0,0,0,0,0,0,0,0,0,0,0,0,0,0,0,0,0,0,0,0,0,0,0,0,0,0,0,0,0,0,0,0,0,0,0,0,0,0,0,0,0,0,0,0,0,0,0,0,0,0,0,0,0,0,0,0,0,0,0,0,0,0,0,0,0,0,0,0,0,0,0,0,0,0,0,0,0,0,0,0,0,0,0,0,0,0,0,0,0,0,0,0,0,0,0,0,0,0,0,0,0,0,0,0,0,0,0,0,0,0,0,0,0,0,0,0,0,0,0,0,0,0,0,0,0,0,0,0,0,0,0,0,0,0,0,0,0,0,0,0,0,0,0,0,0,0,0,0,0,0,0,0,0,0,0,0,0,0,0,0,0,0,0,0,0,0,0,0,0,0,0,0,0,0,0,0,0,0,0,0,0,0,0,0,0,0,0,0,0,0,0,0
20.75,0,0,0,0,0,0,0,0,0,0,0,0,0,0,0,0,0,0,0,0,0,0,0,0,0,0,0,0,0,0,0,0,0,0,0,0,0,0,0,0,0,0,0,0,0,0,0,0,0,0,0,0,0,0,0,0,0,0,0,0,0,0,0,0,0,0,0,0,0,0,0,0,0,0,0,0,0,0,0,0,0,0,0,0,0,0,0,0,0,0,0,0,0,0,0,0,0,0,0,0,0,0,0,0,0,0,0,0,0,0,0,0,0,0,0,0,0,0,0,0,0,0,0,0,0,0,0,0,0,0,0,0,0,0,0,0,0,0,0,0,0,0,0,0,0,0,0,0,0,0,0,0,0,0,0,0,0,0,0,0,0,0,0,0,0,0,0,0,0,0,0,0,0,0,0,0,0,0,0,0,0,0,0,0,0,0,0,0,0,0,0,0,0,0,0,0,0,0,0,0,0,0,0,0,0,0,0,0,0,0,0,0,0,0,0,0,0,0,0,0,0,0,0,0,0,0,0,0,0,0,0,0,0,0,0,0,0,0,0,0,0,0,0,0,0,0,0,0,0,0,0,0,0,0,0,0,0,0,0,0,0,0,0,0,0,0,0,0,0,0,0,0,0,0,0,0,0,0,0,0,0,0,0,0,0,0,0,0,0,0,0,0,0,0,0,0,0,0,0,0,0,0,0,0,0,0,0,0,0,0,0,0,0,0,0,0,0,0,0,0
21.25,0,0,0,0,0,0,0,0,0,0,0,0,0,0,0,0,0,0,0,0,0,0,0,0,0,0,0,0,0,0,0,0,0,0,0,0,0,0,0,0,0,0,0,0,0,0,0,0,0,0,0,0,0,0,0,0,0,0,0,0,0,0,0,0,0,0,0,0,0,0,0,0,0,0,0,0,0,0,0,0,0,0,0,0,0,0,0,0,0,0,0,0,0,0,0,0,0,0,0,0,0,0,0,0,0,0,0,0,0,0,0,0,0,0,0,0,0,0,0,0,0,0,0,0,0,0,0,0,0,0,0,0,0,0,0,0,0,0,0,0,0,0,0,0,0,0,0,0,0,0,0,0,0,0,0,0,0,0,0,0,0,0,0,0,0,0,0,0,0,0,0,0,0,0,0,0,0,0,0,0,0,0,0,0,0,0,0,0,0,0,0,0,0,0,0,0,0,0,0,0,0,0,0,0,0,0,0,0,0,0,0,0,0,0,0,0,0,0,0,0,0,0,0,0,0,0,0,0,0,0,0,0,0,0,0,0,0,0,0,0,0,0,0,0,0,0,0,0,0,0,0,0,0,0,0,0,0,0,0,0,0,0,0,0,0,0,0,0,0,0,0,0,0,0,0,0,0,0,0,0,0,0,0,0,0,0,0,0,0,0,0,0,0,0,0,0,0,0,0,0,0,0,0,0,0,0,0,0,0,0,0,0,0,0,0,0,0,0,0,0
21.75,0,0,0,0,0,0,0,0,0,0,0,0,0,0,0,0,0,0,0,0,0,0,0,0,0,0,0,0,0,0,0,0,0,0,0,0,0,0,0,0,0,0,0,0,0,0,0,0,0,0,0,0,0,0,0,0,0,0,0,0,0,0,0,0,0,0,0,0,0,0,0,0,0,0,0,0,0,0,0,0,0,0,0,0,0,0,0,0,0,0,0,0,0,0,0,0,0,0,0,0,0,0,0,0,0,0,0,0,0,0,0,0,0,0,0,0,0,0,0,0,0,0,0,0,0,0,0,0,0,0,0,0,0,0,0,0,0,0,0,0,0,0,0,0,0,0,0,0,0,0,0,0,0,0,0,0,0,0,0,0,0,0,0,0,0,0,0,0,0,0,0,0,0,0,0,0,0,0,0,0,0,0,0,0,0,0,0,0,0,0,0,0,0,0,0,0,0,0,0,0,0,0,0,0,0,0,0,0,0,0,0,0,0,0,0,0,0,0,0,0,0,0,0,0,0,0,0,0,0,0,0,0,0,0,0,0,0,0,0,0,0,0,0,0,0,0,0,0,0,0,0,0,0,0,0,0,0,0,0,0,0,0,0,0,0,0,0,0,0,0,0,0,0,0,0,0,0,0,0,0,0,0,0,0,0,0,0,0,0,0,0,0,0,0,0,0,0,0,0,0,0,0,0,0,0,0,0,0,0,0,0,0,0,0,0,0,0,0,0,0
22.25,0,0,0,0,0,0,0,0,0,0,0,0,0,0,0,0,0,0,0,0,0,0,0,0,0,0,0,0,0,0,0,0,0,0,0,0,0,0,0,0,0,0,0,0,0,0,0,0,0,0,0,0,0,0,0,0,0,0,0,0,0,0,0,0,0,0,0,0,0,0,0,0,0,0,0,0,0,0,0,0,0,0,0,0,0,0,0,0,0,0,0,0,0,0,0,0,0,0,0,0,0,0,0,0,0,0,0,0,0,0,0,0,0,0,0,0,0,0,0,0,0,0,0,0,0,0,0,0,0,0,0,0,0,0,0,0,0,0,0,0,0,0,0,0,0,0,0,0,0,0,0,0,0,0,0,0,0,0,0,0,0,0,0,0,0,0,0,0,0,0,0,0,0,0,0,0,0,0,0,0,0,0,0,0,0,0,0,0,0,0,0,0,0,0,0,0,0,0,0,0,0,0,0,0,0,0,0,0,0,0,0,0,0,0,0,0,0,0,0,0,0,0,0,0,0,0,0,0,0,0,0,0,0,0,0,0,0,0,0,0,0,0,0,0,0,0,0,0,0,0,0,0,0,0,0,0,0,0,0,0,0,0,0,0,0,0,0,0,0,0,0,0,0,0,0,0,0,0,0,0,0,0,0,0,0,0,0,0,0,0,0,0,0,0,0,0,0,0,0,0,0,0,0,0,0,0,0,0,0,0,0,0,0,0,0,0,0,0,0,0
22.75,0,0,0,0,0,0,0,0,0,0,0,0,0,0,0,0,0,0,0,0,0,0,0,0,0,0,0,0,0,0,0,0,0,0,0,0,0,0,0,0,0,0,0,0,0,0,0,0,0,0,0,0,0,0,0,0,0,0,0,0,0,0,0,0,0,0,0,0,0,0,0,0,0,0,0,0,0,0,0,0,0,0,0,0,0,0,0,0,0,0,0,0,0,0,0,0,0,0,0,0,0,0,0,0,0,0,0,0,0,0,0,0,0,0,0,0,0,0,0,0,0,0,0,0,0,0,0,0,0,0,0,0,0,0,0,0,0,0,0,0,0,0,0,0,0,0,0,0,0,0,0,0,0,0,0,0,0,0,0,0,0,0,0,0,0,0,0,0,0,0,0,0,0,0,0,0,0,0,0,0,0,0,0,0,0,0,0,0,0,0,0,0,0,0,0,0,0,0,0,0,0,0,0,0,0,0,0,0,0,0,0,0,0,0,0,0,0,0,0,0,0,0,0,0,0,0,0,0,0,0,0,0,0,0,0,0,0,0,0,0,0,0,0,0,0,0,0,0,0,0,0,0,0,0,0,0,0,0,0,0,0,0,0,0,0,0,0,0,0,0,0,0,0,0,0,0,0,0,0,0,0,0,0,0,0,0,0,0,0,0,0,0,0,0,0,0,0,0,0,0,0,0,0,0,0,0,0,0,0,0,0,0,0,0,0,0,0,0,0,0
23.25,0,0,0,0,0,0,0,0,0,0,0,0,0,0,0,0,0,0,0,0,0,0,0,0,0,0,0,0,0,0,0,0,0,0,0,0,0,0,0,0,0,0,0,0,0,0,0,0,0,0,0,0,0,0,0,0,0,0,0,0,0,0,0,0,0,0,0,0,0,0,0,0,0,0,0,0,0,0,0,0,0,0,0,0,0,0,0,0,0,0,0,0,0,0,0,0,0,0,0,0,0,0,0,0,0,0,0,0,0,0,0,0,0,0,0,0,0,0,0,0,0,0,0,0,0,0,0,0,0,0,0,0,0,0,0,0,0,0,0,0,0,0,0,0,0,0,0,0,0,0,0,0,0,0,0,0,0,0,0,0,0,0,0,0,0,0,0,0,0,0,0,0,0,0,0,0,0,0,0,0,0,0,0,0,0,0,0,0,0,0,0,0,0,0,0,0,0,0,0,0,0,0,0,0,0,0,0,0,0,0,0,0,0,0,0,0,0,0,0,0,0,0,0,0,0,0,0,0,0,0,0,0,0,0,0,0,0,0,0,0,0,0,0,0,0,0,0,0,0,0,0,0,0,0,0,0,0,0,0,0,0,0,0,0,0,0,0,0,0,0,0,0,0,0,0,0,0,0,0,0,0,0,0,0,0,0,0,0,0,0,0,0,0,0,0,0,0,0,0,0,0,0,0,0,0,0,0,0,0,0,0,0,0,0,0,0,0,0,0,0
23.75,0,0,0,0,0,0,0,0,0,0,0,0,0,0,0,0,0,0,0,0,0,0,0,0,0,0,0,0,0,0,0,0,0,0,0,0,0,0,0,0,0,0,0,0,0,0,0,0,0,0,0,0,0,0,0,0,0,0,0,0,0,0,0,0,0,0,0,0,0,0,0,0,0,0,0,0,0,0,0,0,0,0,0,0,0,0,0,0,0,0,0,0,0,0,0,0,0,0,0,0,0,0,0,0,0,0,0,0,0,0,0,0,0,0,0,0,0,0,0,0,0,0,0,0,0,0,0,0,0,0,0,0,0,0,0,0,0,0,0,0,0,0,0,0,0,0,0,0,0,0,0,0,0,0,0,0,0,0,0,0,0,0,0,0,0,0,0,0,0,0,0,0,0,0,0,0,0,0,0,0,0,0,0,0,0,0,0,0,0,0,0,0,0,0,0,0,0,0,0,0,0,0,0,0,0,0,0,0,0,0,0,0,0,0,0,0,0,0,0,0,0,0,0,0,0,0,0,0,0,0,0,0,0,0,0,0,0,0,0,0,0,0,0,0,0,0,0,0,0,0,0,0,0,0,0,0,0,0,0,0,0,0,0,0,0,0,0,0,0,0,0,0,0,0,0,0,0,0,0,0,0,0,0,0,0,0,0,0,0,0,0,0,0,0,0,0,0,0,0,0,0,0,0,0,0,0,0,0,0,0,0,0,0,0,0,0,0,0,0,0
24.25,0,0,0,0,0,0,0,0,0,0,0,0,0,0,0,0,0,0,0,0,0,0,0,0,0,0,0,0,0,0,0,0,0,0,0,0,0,0,0,0,0,0,0,0,0,0,0,0,0,0,0,0,0,0,0,0,0,0,0,0,0,0,0,0,0,0,0,0,0,0,0,0,0,0,0,0,0,0,0,0,0,0,0,0,0,0,0,0,0,0,0,0,0,0,0,0,0,0,0,0,0,0,0,0,0,0,0,0,0,0,0,0,0,0,0,0,0,0,0,0,0,0,0,0,0,0,0,0,0,0,0,0,0,0,0,0,0,0,0,0,0,0,0,0,0,0,0,0,0,0,0,0,0,0,0,0,0,0,0,0,0,0,0,0,0,0,0,0,0,0,0,0,0,0,0,0,0,0,0,0,0,0,0,0,0,0,0,0,0,0,0,0,0,0,0,0,0,0,0,0,0,0,0,0,0,0,0,0,0,0,0,0,0,0,0,0,0,0,0,0,0,0,0,0,0,0,0,0,0,0,0,0,0,0,0,0,0,0,0,0,0,0,0,0,0,0,0,0,0,0,0,0,0,0,0,0,0,0,0,0,0,0,0,0,0,0,0,0,0,0,0,0,0,0,0,0,0,0,0,0,0,0,0,0,0,0,0,0,0,0,0,0,0,0,0,0,0,0,0,0,0,0,0,0,0,0,0,0,0,0,0,0,0,0,0,0,0,0,0,0
24.75,0,0,0,0,0,0,0,0,0,0,0,0,0,0,0,0,0,0,0,0,0,0,0,0,0,0,0,0,0,0,0,0,0,0,0,0,0,0,0,0,0,0,0,0,0,0,0,0,0,0,0,0,0,0,0,0,0,0,0,0,0,0,0,0,0,0,0,0,0,0,0,0,0,0,0,0,0,0,0,0,0,0,0,0,0,0,0,0,0,0,0,0,0,0,0,0,0,0,0,0,0,0,0,0,0,0,0,0,0,0,0,0,0,0,0,0,0,0,0,0,0,0,0,0,0,0,0,0,0,0,0,0,0,0,0,0,0,0,0,0,0,0,0,0,0,0,0,0,0,0,0,0,0,0,0,0,0,0,0,0,0,0,0,0,0,0,0,0,0,0,0,0,0,0,0,0,0,0,0,0,0,0,0,0,0,0,0,0,0,0,0,0,0,0,0,0,0,0,0,0,0,0,0,0,0,0,0,0,0,0,0,0,0,0,0,0,0,0,0,0,0,0,0,0,0,0,0,0,0,0,0,0,0,0,0,0,0,0,0,0,0,0,0,0,0,0,0,0,0,0,0,0,0,0,0,0,0,0,0,0,0,0,0,0,0,0,0,0,0,0,0,0,0,0,0,0,0,0,0,0,0,0,0,0,0,0,0,0,0,0,0,0,0,0,0,0,0,0,0,0,0,0,0,0,0,0,0,0,0,0,0,0,0,0,0,0,0,0,0,0
25.25,0,0,0,0,0,0,0,0,0,0,0,0,0,0,0,0,0,0,0,0,0,0,0,0,0,0,0,0,0,0,0,0,0,0,0,0,0,0,0,0,0,0,0,0,0,0,0,0,0,0,0,0,0,0,0,0,0,0,0,0,0,0,0,0,0,0,0,0,0,0,0,0,0,0,0,0,0,0,0,0,0,0,0,0,0,0,0,0,0,0,0,0,0,0,0,0,0,0,0,0,0,0,0,0,0,0,0,0,0,0,0,0,0,0,0,0,0,0,0,0,0,0,0,0,0,0,0,0,0,0,0,0,0,0,0,0,0,0,0,0,0,0,0,0,0,0,0,0,0,0,0,0,0,0,0,0,0,0,0,0,0,0,0,0,0,0,0,0,0,0,0,0,0,0,0,0,0,0,0,0,0,0,0,0,0,0,0,0,0,0,0,0,0,0,0,0,0,0,0,0,0,0,0,0,0,0,0,0,0,0,0,0,0,0,0,0,0,0,0,0,0,0,0,0,0,0,0,0,0,0,0,0,0,0,0,0,0,0,0,0,0,0,0,0,0,0,0,0,0,0,0,0,0,0,0,0,0,0,0,0,0,0,0,0,0,0,0,0,0,0,0,0,0,0,0,0,0,0,0,0,0,0,0,0,0,0,0,0,0,0,0,0,0,0,0,0,0,0,0,0,0,0,0,0,0,0,0,0,0,0,0,0,0,0,0,0,0,0,0,0
25.75,0,0,0,0,0,0,0,0,0,0,0,0,0,0,0,0,0,0,0,0,0,0,0,0,0,0,0,0,0,0,0,0,0,0,0,0,0,0,0,0,0,0,0,0,0,0,0,0,0,0,0,0,0,0,0,0,0,0,0,0,0,0,0,0,0,0,0,0,0,0,0,0,0,0,0,0,0,0,0,0,0,0,0,0,0,0,0,0,0,0,0,0,0,0,0,0,0,0,0,0,0,0,0,0,0,0,0,0,0,0,0,0,0,0,0,0,0,0,0,0,0,0,0,0,0,0,0,0,0,0,0,0,0,0,0,0,0,0,0,0,0,0,0,0,0,0,0,0,0,0,0,0,0,0,0,0,0,0,0,0,0,0,0,0,0,0,0,0,0,0,0,0,0,0,0,0,0,0,0,0,0,0,0,0,0,0,0,0,0,0,0,0,0,0,0,0,0,0,0,0,0,0,0,0,0,0,0,0,0,0,0,0,0,0,0,0,0,0,0,0,0,0,0,0,0,0,0,0,0,0,0,0,0,0,0,0,0,0,0,0,0,0,0,0,0,0,0,0,0,0,0,0,0,0,0,0,0,0,0,0,0,0,0,0,0,0,0,0,0,0,0,0,0,0,0,0,0,0,0,0,0,0,0,0,0,0,0,0,0,0,0,0,0,0,0,0,0,0,0,0,0,0,0,0,0,0,0,0,0,0,0,0,0,0,0,0,0,0,0,0
26.25,0,0,0,0,0,0,0,0,0,0,0,0,0,0,0,0,0,0,0,0,0,0,0,0,0,0,0,0,0,0,0,0,0,0,0,0,0,0,0,0,0,0,0,0,0,0,0,0,0,0,0,0,0,0,0,0,0,0,0,0,0,0,0,0,0,0,0,0,0,0,0,0,0,0,0,0,0,0,0,0,0,0,0,0,0,0,0,0,0,0,0,0,0,0,0,0,0,0,0,0,0,0,0,0,0,0,0,0,0,0,0,0,0,0,0,0,0,0,0,0,0,0,0,0,0,0,0,0,0,0,0,0,0,0,0,0,0,0,0,0,0,0,0,0,0,0,0,0,0,0,0,0,0,0,0,0,0,0,0,0,0,0,0,0,0,0,0,0,0,0,0,0,0,0,0,0,0,0,0,0,0,0,0,0,0,0,0,0,0,0,0,0,0,0,0,0,0,0,0,0,0,0,0,0,0,0,0,0,0,0,0,0,0,0,0,0,0,0,0,0,0,0,0,0,0,0,0,0,0,0,0,0,0,0,0,0,0,0,0,0,0,0,0,0,0,0,0,0,0,0,0,0,0,0,0,0,0,0,0,0,0,0,0,0,0,0,0,0,0,0,0,0,0,0,0,0,0,0,0,0,0,0,0,0,0,0,0,0,0,0,0,0,0,0,0,0,0,0,0,0,0,0,0,0,0,0,0,0,0,0,0,0,0,0,0,0,0,0,0,0
26.75,0,0,0,0,0,0,0,0,0,0,0,0,0,0,0,0,0,0,0,0,0,0,0,0,0,0,0,0,0,0,0,0,0,0,0,0,0,0,0,0,0,0,0,0,0,0,0,0,0,0,0,0,0,0,0,0,0,0,0,0,0,0,0,0,0,0,0,0,0,0,0,0,0,0,0,0,0,0,0,0,0,0,0,0,0,0,0,0,0,0,0,0,0,0,0,0,0,0,0,0,0,0,0,0,0,0,0,0,0,0,0,0,0,0,0,0,0,0,0,0,0,0,0,0,0,0,0,0,0,0,0,0,0,0,0,0,0,0,0,0,0,0,0,0,0,0,0,0,0,0,0,0,0,0,0,0,0,0,0,0,0,0,0,0,0,0,0,0,0,0,0,0,0,0,0,0,0,0,0,0,0,0,0,0,0,0,0,0,0,0,0,0,0,0,0,0,0,0,0,0,0,0,0,0,0,0,0,0,0,0,0,0,0,0,0,0,0,0,0,0,0,0,0,0,0,0,0,0,0,0,0,0,0,0,0,0,0,0,0,0,0,0,0,0,0,0,0,0,0,0,0,0,0,0,0,0,0,0,0,0,0,0,0,0,0,0,0,0,0,0,0,0,0,0,0,0,0,0,0,0,0,0,0,0,0,0,0,0,0,0,0,0,0,0,0,0,0,0,0,0,0,0,0,0,0,0,0,0,0,0,0,0,0,0,0,0,0,0,0,0
27.25,0,0,0,0,0,0,0,0,0,0,0,0,0,0,0,0,0,0,0,0,0,0,0,0,0,0,0,0,0,0,0,0,0,0,0,0,0,0,0,0,0,0,0,0,0,0,0,0,0,0,0,0,0,0,0,0,0,0,0,0,0,0,0,0,0,0,0,0,0,0,0,0,0,0,0,0,0,0,0,0,0,0,0,0,0,0,0,0,0,0,0,0,0,0,0,0,0,0,0,0,0,0,0,0,0,0,0,0,0,0,0,0,0,0,0,0,0,0,0,0,0,0,0,0,0,0,0,0,0,0,0,0,0,0,0,0,0,0,0,0,0,0,0,0,0,0,0,0,0,0,0,0,0,0,0,0,0,0,0,0,0,0,0,0,0,0,0,0,0,0,0,0,0,0,0,0,0,0,0,0,0,0,0,0,0,0,0,0,0,0,0,0,0,0,0,0,0,0,0,0,0,0,0,0,0,0,0,0,0,0,0,0,0,0,0,0,0,0,0,0,0,0,0,0,0,0,0,0,0,0,0,0,0,0,0,0,0,0,0,0,0,0,0,0,0,0,0,0,0,0,0,0,0,0,0,0,0,0,0,0,0,0,0,0,0,0,0,0,0,0,0,0,0,0,0,0,0,0,0,0,0,0,0,0,0,0,0,0,0,0,0,0,0,0,0,0,0,0,0,0,0,0,0,0,0,0,0,0,0,0,0,0,0,0,0,0,0,0,0,0
27.75,0,0,0,0,0,0,0,0,0,0,0,0,0,0,0,0,0,0,0,0,0,0,0,0,0,0,0,0,0,0,0,0,0,0,0,0,0,0,0,0,0,0,0,0,0,0,0,0,0,0,0,0,0,0,0,0,0,0,0,0,0,0,0,0,0,0,0,0,0,0,0,0,0,0,0,0,0,0,0,0,0,0,0,0,0,0,0,0,0,0,0,0,0,0,0,0,0,0,0,0,0,0,0,0,0,0,0,0,0,0,0,0,0,0,0,0,0,0,0,0,0,0,0,0,0,0,0,0,0,0,0,0,0,0,0,0,0,0,0,0,0,0,0,0,0,0,0,0,0,0,0,0,0,0,0,0,0,0,0,0,0,0,0,0,0,0,0,0,0,0,0,0,0,0,0,0,0,0,0,0,0,0,0,0,0,0,0,0,0,0,0,0,0,0,0,0,0,0,0,0,0,0,0,0,0,0,0,0,0,0,0,0,0,0,0,0,0,0,0,0,0,0,0,0,0,0,0,0,0,0,0,0,0,0,0,0,0,0,0,0,0,0,0,0,0,0,0,0,0,0,0,0,0,0,0,0,0,0,0,0,0,0,0,0,0,0,0,0,0,0,0,0,0,0,0,0,0,0,0,0,0,0,0,0,0,0,0,0,0,0,0,0,0,0,0,0,0,0,0,0,0,0,0,0,0,0,0,0,0,0,0,0,0,0,0,0,0,0,0,0
28.25,0,0,0,0,0,0,0,0,0,0,0,0,0,0,0,0,0,0,0,0,0,0,0,0,0,0,0,0,0,0,0,0,0,0,0,0,0,0,0,0,0,0,0,0,0,0,0,0,0,0,0,0,0,0,0,0,0,0,0,0,0,0,0,0,0,0,0,0,0,0,0,0,0,0,0,0,0,0,0,0,0,0,0,0,0,0,0,0,0,0,0,0,0,0,0,0,0,0,0,0,0,0,0,0,0,0,0,0,0,0,0,0,0,0,0,0,0,0,0,0,0,0,0,0,0,0,0,0,0,0,0,0,0,0,0,0,0,0,0,0,0,0,0,0,0,0,0,0,0,0,0,0,0,0,0,0,0,0,0,0,0,0,0,0,0,0,0,0,0,0,0,0,0,0,0,0,0,0,0,0,0,0,0,0,0,0,0,0,0,0,0,0,0,0,0,0,0,0,0,0,0,0,0,0,0,0,0,0,0,0,0,0,0,0,0,0,0,0,0,0,0,0,0,0,0,0,0,0,0,0,0,0,0,0,0,0,0,0,0,0,0,0,0,0,0,0,0,0,0,0,0,0,0,0,0,0,0,0,0,0,0,0,0,0,0,0,0,0,0,0,0,0,0,0,0,0,0,0,0,0,0,0,0,0,0,0,0,0,0,0,0,0,0,0,0,0,0,0,0,0,0,0,0,0,0,0,0,0,0,0,0,0,0,0,0,0,0,0,0,0
28.75,0,0,0,0,0,0,0,0,0,0,0,0,0,0,0,0,0,0,0,0,0,0,0,0,0,0,0,0,0,0,0,0,0,0,0,0,0,0,0,0,0,0,0,0,0,0,0,0,0,0,0,0,0,0,0,0,0,0,0,0,0,0,0,0,0,0,0,0,0,0,0,0,0,0,0,0,0,0,0,0,0,0,0,0,0,0,0,0,0,0,0,0,0,0,0,0,0,0,0,0,0,0,0,0,0,0,0,0,0,0,0,0,0,0,0,0,0,0,0,0,0,0,0,0,0,0,0,0,0,0,0,0,0,0,0,0,0,0,0,0,0,0,0,0,0,0,0,0,0,0,0,0,0,0,0,0,0,0,0,0,0,0,0,0,0,0,0,0,0,0,0,0,0,0,0,0,0,0,0,0,0,0,0,0,0,0,0,0,0,0,0,0,0,0,0,0,0,0,0,0,0,0,0,0,0,0,0,0,0,0,0,0,0,0,0,0,0,0,0,0,0,0,0,0,0,0,0,0,0,0,0,0,0,0,0,0,0,0,0,0,0,0,0,0,0,0,0,0,0,0,0,0,0,0,0,0,0,0,0,0,0,0,0,0,0,0,0,0,0,0,0,0,0,0,0,0,0,0,0,0,0,0,0,0,0,0,0,0,0,0,0,0,0,0,0,0,0,0,0,0,0,0,0,0,0,0,0,0,0,0,0,0,0,0,0,0,0,0,0,0
29.25,0,0,0,0,0,0,0,0,0,0,0,0,0,0,0,0,0,0,0,0,0,0,0,0,0,0,0,0,0,0,0,0,0,0,0,0,0,0,0,0,0,0,0,0,0,0,0,0,0,0,0,0,0,0,0,0,0,0,0,0,0,0,0,0,0,0,0,0,0,0,0,0,0,0,0,0,0,0,0,0,0,0,0,0,0,0,0,0,0,0,0,0,0,0,0,0,0,0,0,0,0,0,0,0,0,0,0,0,0,0,0,0,0,0,0,0,0,0,0,0,0,0,0,0,0,0,0,0,0,0,0,0,0,0,0,0,0,0,0,0,0,0,0,0,0,0,0,0,0,0,0,0,0,0,0,0,0,0,0,0,0,0,0,0,0,0,0,0,0,0,0,0,0,0,0,0,0,0,0,0,0,0,0,0,0,0,0,0,0,0,0,0,0,0,0,0,0,0,0,0,0,0,0,0,0,0,0,0,0,0,0,0,0,0,0,0,0,0,0,0,0,0,0,0,0,0,0,0,0,0,0,0,0,0,0,0,0,0,0,0,0,0,0,0,0,0,0,0,0,0,0,0,0,0,0,0,0,0,0,0,0,0,0,0,0,0,0,0,0,0,0,0,0,0,0,0,0,0,0,0,0,0,0,0,0,0,0,0,0,0,0,0,0,0,0,0,0,0,0,0,0,0,0,0,0,0,0,0,0,0,0,0,0,0,0,0,0,0,0,0
29.75,0,0,0,0,0,0,0,0,0,0,0,0,0,0,0,0,0,0,0,0,0,0,0,0,0,0,0,0,0,0,0,0,0,0,0,0,0,0,0,0,0,0,0,0,0,0,0,0,0,0,0,0,0,0,0,0,0,0,0,0,0,0,0,0,0,0,0,0,0,0,0,0,0,0,0,0,0,0,0,0,0,0,0,0,0,0,0,0,0,0,0,0,0,0,0,0,0,0,0,0,0,0,0,0,0,0,0,0,0,0,0,0,0,0,0,0,0,0,0,0,0,0,0,0,0,0,0,0,0,0,0,0,0,0,0,0,0,0,0,0,0,0,0,0,0,0,0,0,0,0,0,0,0,0,0,0,0,0,0,0,0,0,0,0,0,0,0,0,0,0,0,0,0,0,0,0,0,0,0,0,0,0,0,0,0,0,0,0,0,0,0,0,0,0,0,0,0,0,0,0,0,0,0,0,0,0,0,0,0,0,0,0,0,0,0,0,0,0,0,0,0,0,0,0,0,0,0,0,0,0,0,0,0,0,0,0,0,0,0,0,0,0,0,0,0,0,0,0,0,0,0,0,0,0,0,0,0,0,0,0,0,0,0,0,0,0,0,0,0,0,0,0,0,0,0,0,0,0,0,0,0,0,0,0,0,0,0,0,0,0,0,0,0,0,0,0,0,0,0,0,0,0,0,0,0,0,0,0,0,0,0,0,0,0,0,0,0,0,0,0
30.25,0,0,0,0,0,0,0,0,0,0,0,0,0,0,0,0,0,0,0,0,0,0,0,0,0,0,0,0,0,0,0,0,0,0,0,0,0,0,0,0,0,0,0,0,0,0,0,0,0,0,0,0,0,0,0,0,0,0,0,0,0,0,0,0,0,0,0,0,0,0,0,0,0,0,0,0,0,0,0,0,0,0,0,0,0,0,0,0,0,0,0,0,0,0,0,0,0,0,0,0,0,0,0,0,0,0,0,0,0,0,0,0,0,0,0,0,0,0,0,0,0,0,0,0,0,0,0,0,0,0,0,0,0,0,0,0,0,0,0,0,0,0,0,0,0,0,0,0,0,0,0,0,0,0,0,0,0,0,0,0,0,0,0,0,0,0,0,0,0,0,0,0,0,0,0,0,0,0,0,0,0,0,0,0,0,0,0,0,0,0,0,0,0,0,0,0,0,0,0,0,0,0,0,0,0,0,0,0,0,0,0,0,0,0,0,0,0,0,0,0,0,0,0,0,0,0,0,0,0,0,0,0,0,0,0,0,0,0,0,0,0,0,0,0,0,0,0,0,0,0,0,0,0,0,0,0,0,0,0,0,0,0,0,0,0,0,0,0,0,0,0,0,0,0,0,0,0,0,0,0,0,0,0,0,0,0,0,0,0,0,0,0,0,0,0,0,0,0,0,0,0,0,0,0,0,0,0,0,0,0,0,0,0,0,0,0,0,0,0,0
30.75,0,0,0,0,0,0,0,0,0,0,0,0,0,0,0,0,0,0,0,0,0,0,0,0,0,0,0,0,0,0,0,0,0,0,0,0,0,0,0,0,0,0,0,0,0,0,0,0,0,0,0,0,0,0,0,0,0,0,0,0,0,0,0,0,0,0,0,0,0,0,0,0,0,0,0,0,0,0,0,0,0,0,0,0,0,0,0,0,0,0,0,0,0,0,0,0,0,0,0,0,0,0,0,0,0,0,0,0,0,0,0,0,0,0,0,0,0,0,0,0,0,0,0,0,0,0,0,0,0,0,0,0,0,0,0,0,0,0,0,0,0,0,0,0,0,0,0,0,0,0,0,0,0,0,0,0,0,0,0,0,0,0,0,0,0,0,0,0,0,0,0,0,0,0,0,0,0,0,0,0,0,0,0,0,0,0,0,0,0,0,0,0,0,0,0,0,0,0,0,0,0,0,0,0,0,0,0,0,0,0,0,0,0,0,0,0,0,0,0,0,0,0,0,0,0,0,0,0,0,0,0,0,0,0,0,0,0,0,0,0,0,0,0,0,0,0,0,0,0,0,0,0,0,0,0,0,0,0,0,0,0,0,0,0,0,0,0,0,0,0,0,0,0,0,0,0,0,0,0,0,0,0,0,0,0,0,0,0,0,0,0,0,0,0,0,0,0,0,0,0,0,0,0,0,0,0,0,0,0,0,0,0,0,0,0,0,0,0,0,0
31.25,0,0,0,0,0,0,0,0,0,0,0,0,0,0,0,0,0,0,0,0,0,0,0,0,0,0,0,0,0,0,0,0,0,0,0,0,0,0,0,0,0,0,0,0,0,0,0,0,0,0,0,0,0,0,0,0,0,0,0,0,0,0,0,0,0,0,0,0,0,0,0,0,0,0,0,0,0,0,0,0,0,0,0,0,0,0,0,0,0,0,0,0,0,0,0,0,0,0,0,0,0,0,0,0,0,0,0,0,0,0,0,0,0,0,0,0,0,0,0,0,0,0,0,0,0,0,0,0,0,0,0,0,0,0,0,0,0,0,0,0,0,0,0,0,0,0,0,0,0,0,0,0,0,0,0,0,0,0,0,0,0,0,0,0,0,0,0,0,0,0,0,0,0,0,0,0,0,0,0,0,0,0,0,0,0,0,0,0,0,0,0,0,0,0,0,0,0,0,0,0,0,0,0,0,0,0,0,0,0,0,0,0,0,0,0,0,0,0,0,0,0,0,0,0,0,0,0,0,0,0,0,0,0,0,0,0,0,0,0,0,0,0,0,0,0,0,0,0,0,0,0,0,0,0,0,0,0,0,0,0,0,0,0,0,0,0,0,0,0,0,0,0,0,0,0,0,0,0,0,0,0,0,0,0,0,0,0,0,0,0,0,0,0,0,0,0,0,0,0,0,0,0,0,0,0,0,0,0,0,0,0,0,0,0,0,0,0,0,0,0
31.75,0,0,0,0,0,0,0,0,0,0,0,0,0,0,0,0,0,0,0,0,0,0,0,0,0,0,0,0,0,0,0,0,0,0,0,0,0,0,0,0,0,0,0,0,0,0,0,0,0,0,0,0,0,0,0,0,0,0,0,0,0,0,0,0,0,0,0,0,0,0,0,0,0,0,0,0,0,0,0,0,0,0,0,0,0,0,0,0,0,0,0,0,0,0,0,0,0,0,0,0,0,0,0,0,0,0,0,0,0,0,0,0,0,0,0,0,0,0,0,0,0,0,0,0,0,0,0,0,0,0,0,0,0,0,0,0,0,0,0,0,0,0,0,0,0,0,0,0,0,0,0,0,0,0,0,0,0,0,0,0,0,0,0,0,0,0,0,0,0,0,0,0,0,0,0,0,0,0,0,0,0,0,0,0,0,0,0,0,0,0,0,0,0,0,0,0,0,0,0,0,0,0,0,0,0,0,0,0,0,0,0,0,0,0,0,0,0,0,0,0,0,0,0,0,0,0,0,0,0,0,0,0,0,0,0,0,0,0,0,0,0,0,0,0,0,0,0,0,0,0,0,0,0,0,0,0,0,0,0,0,0,0,0,0,0,0,0,0,0,0,0,0,0,0,0,0,0,0,0,0,0,0,0,0,0,0,0,0,0,0,0,0,0,0,0,0,0,0,0,0,0,0,0,0,0,0,0,0,0,0,0,0,0,0,0,0,0,0,0,0
32.25,0,0,0,0,0,0,0,0,0,0,0,0,0,0,0,0,0,0,0,0,0,0,0,0,0,0,0,0,0,0,0,0,0,0,0,0,0,0,0,0,0,0,0,0,0,0,0,0,0,0,0,0,0,0,0,0,0,0,0,0,0,0,0,0,0,0,0,0,0,0,0,0,0,0,0,0,0,0,0,0,0,0,0,0,0,0,0,0,0,0,0,0,0,0,0,0,0,0,0,0,0,0,0,0,0,0,0,0,0,0,0,0,0,0,0,0,0,0,0,0,0,0,0,0,0,0,0,0,0,0,0,0,0,0,0,0,0,0,0,0,0,0,0,0,0,0,0,0,0,0,0,0,0,0,0,0,0,0,0,0,0,0,0,0,0,0,0,0,0,0,0,0,0,0,0,0,0,0,0,0,0,0,0,0,0,0,0,0,0,0,0,0,0,0,0,0,0,0,0,0,0,0,0,0,0,0,0,0,0,0,0,0,0,0,0,0,0,0,0,0,0,0,0,0,0,0,0,0,0,0,0,0,0,0,0,0,0,0,0,0,0,0,0,0,0,0,0,0,0,0,0,0,0,0,0,0,0,0,0,0,0,0,0,0,0,0,0,0,0,0,0,0,0,0,0,0,0,0,0,0,0,0,0,0,0,0,0,0,0,0,0,0,0,0,0,0,0,0,0,0,0,0,0,0,0,0,0,0,0,0,0,0,0,0,0,0,0,0,0,0
32.75,0,0,0,0,0,0,0,0,0,0,0,0,0,0,0,0,0,0,0,0,0,0,0,0,0,0,0,0,0,0,0,0,0,0,0,0,0,0,0,0,0,0,0,0,0,0,0,0,0,0,0,0,0,0,0,0,0,0,0,0,0,0,0,0,0,0,0,0,0,0,0,0,0,0,0,0,0,0,0,0,0,0,0,0,0,0,0,0,0,0,0,0,0,0,0,0,0,0,0,0,0,0,0,0,0,0,0,0,0,0,0,0,0,0,0,0,0,0,0,0,0,0,0,0,0,0,0,0,0,0,0,0,0,0,0,0,0,0,0,0,0,0,0,0,0,0,0,0,0,0,0,0,0,0,0,0,0,0,0,0,0,0,0,0,0,0,0,0,0,0,0,0,0,0,0,0,0,0,0,0,0,0,0,0,0,0,0,0,0,0,0,0,0,0,0,0,0,0,0,0,0,0,0,0,0,0,0,0,0,0,0,0,0,0,0,0,0,0,0,0,0,0,0,0,0,0,0,0,0,0,0,0,0,0,0,0,0,0,0,0,0,0,0,0,0,0,0,0,0,0,0,0,0,0,0,0,0,0,0,0,0,0,0,0,0,0,0,0,0,0,0,0,0,0,0,0,0,0,0,0,0,0,0,0,0,0,0,0,0,0,0,0,0,0,0,0,0,0,0,0,0,0,0,0,0,0,0,0,0,0,0,0,0,0,0,0,0,0,0,0
33.25,0,0,0,0,0,0,0,0,0,0,0,0,0,0,0,0,0,0,0,0,0,0,0,0,0,0,0,0,0,0,0,0,0,0,0,0,0,0,0,0,0,0,0,0,0,0,0,0,0,0,0,0,0,0,0,0,0,0,0,0,0,0,0,0,0,0,0,0,0,0,0,0,0,0,0,0,0,0,0,0,0,0,0,0,0,0,0,0,0,0,0,0,0,0,0,0,0,0,0,0,0,0,0,0,0,0,0,0,0,0,0,0,0,0,0,0,0,0,0,0,0,0,0,0,0,0,0,0,0,0,0,0,0,0,0,0,0,0,0,0,0,0,0,0,0,0,0,0,0,0,0,0,0,0,0,0,0,0,0,0,0,0,0,0,0,0,0,0,0,0,0,0,0,0,0,0,0,0,0,0,0,0,0,0,0,0,0,0,0,0,0,0,0,0,0,0,0,0,0,0,0,0,0,0,0,0,0,0,0,0,0,0,0,0,0,0,0,0,0,0,0,0,0,0,0,0,0,0,0,0,0,0,0,0,0,0,0,0,0,0,0,0,0,0,0,0,0,0,0,0,0,0,0,0,0,0,0,0,0,0,0,0,0,0,0,0,0,0,0,0,0,0,0,0,0,0,0,0,0,0,0,0,0,0,0,0,0,0,0,0,0,0,0,0,0,0,0,0,0,0,0,0,0,0,0,0,0,0,0,0,0,0,0,0,0,0,0,0,0,0
33.75,0,0,0,0,0,0,0,0,0,0,0,0,0,0,0,0,0,0,0,0,0,0,0,0,0,0,0,0,0,0,0,0,0,0,0,0,0,0,0,0,0,0,0,0,0,0,0,0,0,0,0,0,0,0,0,0,0,0,0,0,0,0,0,0,0,0,0,0,0,0,0,0,0,0,0,0,0,0,0,0,0,0,0,0,0,0,0,0,0,0,0,0,0,0,0,0,0,0,0,0,0,0,0,0,0,0,0,0,0,0,0,0,0,0,0,0,0,0,0,0,0,0,0,0,0,0,0,0,0,0,0,0,0,0,0,0,0,0,0,0,0,0,0,0,0,0,0,0,0,0,0,0,0,0,0,0,0,0,0,0,0,0,0,0,0,0,0,0,0,0,0,0,0,0,0,0,0,0,0,0,0,0,0,0,0,0,0,0,0,0,0,0,0,0,0,0,0,0,0,0,0,0,0,0,0,0,0,0,0,0,0,0,0,0,0,0,0,0,0,0,0,0,0,0,0,0,0,0,0,0,0,0,0,0,0,0,0,0,0,0,0,0,0,0,0,0,0,0,0,0,0,0,0,0,0,0,0,0,0,0,0,0,0,0,0,0,0,0,0,0,0,0,0,0,0,0,0,0,0,0,0,0,0,0,0,0,0,0,0,0,0,0,0,0,0,0,0,0,0,0,0,0,0,0,0,0,0,0,0,0,0,0,0,0,0,0,0,0,0,0
34.25,0,0,0,0,0,0,0,0,0,0,0,0,0,0,0,0,0,0,0,0,0,0,0,0,0,0,0,0,0,0,0,0,0,0,0,0,0,0,0,0,0,0,0,0,0,0,0,0,0,0,0,0,0,0,0,0,0,0,0,0,0,0,0,0,0,0,0,0,0,0,0,0,0,0,0,0,0,0,0,0,0,0,0,0,0,0,0,0,0,0,0,0,0,0,0,0,0,0,0,0,0,0,0,0,0,0,0,0,0,0,0,0,0,0,0,0,0,0,0,0,0,0,0,0,0,0,0,0,0,0,0,0,0,0,0,0,0,0,0,0,0,0,0,0,0,0,0,0,0,0,0,0,0,0,0,0,0,0,0,0,0,0,0,0,0,0,0,0,0,0,0,0,0,0,0,0,0,0,0,0,0,0,0,0,0,0,0,0,0,0,0,0,0,0,0,0,0,0,0,0,0,0,0,0,0,0,0,0,0,0,0,0,0,0,0,0,0,0,0,0,0,0,0,0,0,0,0,0,0,0,0,0,0,0,0,0,0,0,0,0,0,0,0,0,0,0,0,0,0,0,0,0,0,0,0,0,0,0,0,0,0,0,0,0,0,0,0,0,0,0,0,0,0,0,0,0,0,0,0,0,0,0,0,0,0,0,0,0,0,0,0,0,0,0,0,0,0,0,0,0,0,0,0,0,0,0,0,0,0,0,0,0,0,0,0,0,0,0,0,0
34.75,0,0,0,0,0,0,0,0,0,0,0,0,0,0,0,0,0,0,0,0,0,0,0,0,0,0,0,0,0,0,0,0,0,0,0,0,0,0,0,0,0,0,0,0,0,0,0,0,0,0,0,0,0,0,0,0,0,0,0,0,0,0,0,0,0,0,0,0,0,0,0,0,0,0,0,0,0,0,0,0,0,0,0,0,0,0,0,0,0,0,0,0,0,0,0,0,0,0,0,0,0,0,0,0,0,0,0,0,0,0,0,0,0,0,0,0,0,0,0,0,0,0,0,0,0,0,0,0,0,0,0,0,0,0,0,0,0,0,0,0,0,0,0,0,0,0,0,0,0,0,0,0,0,0,0,0,0,0,0,0,0,0,0,0,0,0,0,0,0,0,0,0,0,0,0,0,0,0,0,0,0,0,0,0,0,0,0,0,0,0,0,0,0,0,0,0,0,0,0,0,0,0,0,0,0,0,0,0,0,0,0,0,0,0,0,0,0,0,0,0,0,0,0,0,0,0,0,0,0,0,0,0,0,0,0,0,0,0,0,0,0,0,0,0,0,0,0,0,0,0,0,0,0,0,0,0,0,0,0,0,0,0,0,0,0,0,0,0,0,0,0,0,0,0,0,0,0,0,0,0,0,0,0,0,0,0,0,0,0,0,0,0,0,0,0,0,0,0,0,0,0,0,0,0,0,0,0,0,0,0,0,0,0,0,0,0,0,0,0,0
35.25,0,0,0,0,0,0,0,0,0,0,0,0,0,0,0,0,0,0,0,0,0,0,0,0,0,0,0,0,0,0,0,0,0,0,0,0,0,0,0,0,0,0,0,0,0,0,0,0,0,0,0,0,0,0,0,0,0,0,0,0,0,0,0,0,0,0,0,0,0,0,0,0,0,0,0,0,0,0,0,0,0,0,0,0,0,0,0,0,0,0,0,0,0,0,0,0,0,0,0,0,0,0,0,0,0,0,0,0,0,0,0,0,0,0,0,0,0,0,0,0,0,0,0,0,0,0,0,0,0,0,0,0,0,0,0,0,0,0,0,0,0,0,0,0,0,0,0,0,0,0,0,0,0,0,0,0,0,0,0,0,0,0,0,0,0,0,0,0,0,0,0,0,0,0,0,0,0,0,0,0,0,0,0,0,0,0,0,0,0,0,0,0,0,0,0,0,0,0,0,0,0,0,0,0,0,0,0,0,0,0,0,0,0,0,0,0,0,0,0,0,0,0,0,0,0,0,0,0,0,0,0,0,0,0,0,0,0,0,0,0,0,0,0,0,0,0,0,0,0,0,0,0,0,0,0,0,0,0,0,0,0,0,0,0,0,0,0,0,0,0,0,0,0,0,0,0,0,0,0,0,0,0,0,0,0,0,0,0,0,0,0,0,0,0,0,0,0,0,0,0,0,0,0,0,0,0,0,0,0,0,0,0,0,0,0,0,0,0,0,0
35.75,0,0,0,0,0,0,0,0,0,0,0,0,0,0,0,0,0,0,0,0,0,0,0,0,0,0,0,0,0,0,0,0,0,0,0,0,0,0,0,0,0,0,0,0,0,0,0,0,0,0,0,0,0,0,0,0,0,0,0,0,0,0,0,0,0,0,0,0,0,0,0,0,0,0,0,0,0,0,0,0,0,0,0,0,0,0,0,0,0,0,0,0,0,0,0,0,0,0,0,0,0,0,0,0,0,0,0,0,0,0,0,0,0,0,0,0,0,0,0,0,0,0,0,0,0,0,0,0,0,0,0,0,0,0,0,0,0,0,0,0,0,0,0,0,0,0,0,0,0,0,0,0,0,0,0,0,0,0,0,0,0,0,0,0,0,0,0,0,0,0,0,0,0,0,0,0,0,0,0,0,0,0,0,0,0,0,0,0,0,0,0,0,0,0,0,0,0,0,0,0,0,0,0,0,0,0,0,0,0,0,0,0,0,0,0,0,0,0,0,0,0,0,0,0,0,0,0,0,0,0,0,0,0,0,0,0,0,0,0,0,0,0,0,0,0,0,0,0,0,0,0,0,0,0,0,0,0,0,0,0,0,0,0,0,0,0,0,0,0,0,0,0,0,0,0,0,0,0,0,0,0,0,0,0,0,0,0,0,0,0,0,0,0,0,0,0,0,0,0,0,0,0,0,0,0,0,0,0,0,0,0,0,0,0,0,0,0,0,0,0
36.25,0,0,0,0,0,0,0,0,0,0,0,0,0,0,0,0,0,0,0,0,0,0,0,0,0,0,0,0,0,0,0,0,0,0,0,0,0,0,0,0,0,0,0,0,0,0,0,0,0,0,0,0,0,0,0,0,0,0,0,0,0,0,0,0,0,0,0,0,0,0,0,0,0,0,0,0,0,0,0,0,0,0,0,0,0,0,0,0,0,0,0,0,0,0,0,0,0,0,0,0,0,0,0,0,0,0,0,0,0,0,0,0,0,0,0,0,0,0,0,0,0,0,0,0,0,0,0,0,0,0,0,0,0,0,0,0,0,0,0,0,0,0,0,0,0,0,0,0,0,0,0,0,0,0,0,0,0,0,0,0,0,0,0,0,0,0,0,0,0,0,0,0,0,0,0,0,0,0,0,0,0,0,0,0,0,0,0,0,0,0,0,0,0,0,0,0,0,0,0,0,0,0,0,0,0,0,0,0,0,0,0,0,0,0,0,0,0,0,0,0,0,0,0,0,0,0,0,0,0,0,0,0,0,0,0,0,0,0,0,0,0,0,0,0,0,0,0,0,0,0,0,0,0,0,0,0,0,0,0,0,0,0,0,0,0,0,0,0,0,0,0,0,0,0,0,0,0,0,0,0,0,0,0,0,0,0,0,0,0,0,0,0,0,0,0,0,0,0,0,0,0,0,0,0,0,0,0,0,0,0,0,0,0,0,0,0,0,0,0,0
36.75,0,0,0,0,0,0,0,0,0,0,0,0,0,0,0,0,0,0,0,0,0,0,0,0,0,0,0,0,0,0,0,0,0,0,0,0,0,0,0,0,0,0,0,0,0,0,0,0,0,0,0,0,0,0,0,0,0,0,0,0,0,0,0,0,0,0,0,0,0,0,0,0,0,0,0,0,0,0,0,0,0,0,0,0,0,0,0,0,0,0,0,0,0,0,0,0,0,0,0,0,0,0,0,0,0,0,0,0,0,0,0,0,0,0,0,0,0,0,0,0,0,0,0,0,0,0,0,0,0,0,0,0,0,0,0,0,0,0,0,0,0,0,0,0,0,0,0,0,0,0,0,0,0,0,0,0,0,0,0,0,0,0,0,0,0,0,0,0,0,0,0,0,0,0,0,0,0,0,0,0,0,0,0,0,0,0,0,0,0,0,0,0,0,0,0,0,0,0,0,0,0,0,0,0,0,0,0,0,0,0,0,0,0,0,0,0,0,0,0,0,0,0,0,0,0,0,0,0,0,0,0,0,0,0,0,0,0,0,0,0,0,0,0,0,0,0,0,0,0,0,0,0,0,0,0,0,0,0,0,0,0,0,0,0,0,0,0,0,0,0,0,0,0,0,0,0,0,0,0,0,0,0,0,0,0,0,0,0,0,0,0,0,0,0,0,0,0,0,0,0,0,0,0,0,0,0,0,0,0,0,0,0,0,0,0,0,0,0,0,0
37.25,0,0,0,0,0,0,0,0,0,0,0,0,0,0,0,0,0,0,0,0,0,0,0,0,0,0,0,0,0,0,0,0,0,0,0,0,0,0,0,0,0,0,0,0,0,0,0,0,0,0,0,0,0,0,0,0,0,0,0,0,0,0,0,0,0,0,0,0,0,0,0,0,0,0,0,0,0,0,0,0,0,0,0,0,0,0,0,0,0,0,0,0,0,0,0,0,0,0,0,0,0,0,0,0,0,0,0,0,0,0,0,0,0,0,0,0,0,0,0,0,0,0,0,0,0,0,0,0,0,0,0,0,0,0,0,0,0,0,0,0,0,0,0,0,0,0,0,0,0,0,0,0,0,0,0,0,0,0,0,0,0,0,0,0,0,0,0,0,0,0,0,0,0,0,0,0,0,0,0,0,0,0,0,0,0,0,0,0,0,0,0,0,0,0,0,0,0,0,0,0,0,0,0,0,0,0,0,0,0,0,0,0,0,0,0,0,0,0,0,0,0,0,0,0,0,0,0,0,0,0,0,0,0,0,0,0,0,0,0,0,0,0,0,0,0,0,0,0,0,0,0,0,0,0,0,0,0,0,0,0,0,0,0,0,0,0,0,0,0,0,0,0,0,0,0,0,0,0,0,0,0,0,0,0,0,0,0,0,0,0,0,0,0,0,0,0,0,0,0,0,0,0,0,0,0,0,0,0,0,0,0,0,0,0,0,0,0,0,0,0
37.75,0,0,0,0,0,0,0,0,0,0,0,0,0,0,0,0,0,0,0,0,0,0,0,0,0,0,0,0,0,0,0,0,0,0,0,0,0,0,0,0,0,0,0,0,0,0,0,0,0,0,0,0,0,0,0,0,0,0,0,0,0,0,0,0,0,0,0,0,0,0,0,0,0,0,0,0,0,0,0,0,0,0,0,0,0,0,0,0,0,0,0,0,0,0,0,0,0,0,0,0,0,0,0,0,0,0,0,0,0,0,0,0,0,0,0,0,0,0,0,0,0,0,0,0,0,0,0,0,0,0,0,0,0,0,0,0,0,0,0,0,0,0,0,0,0,0,0,0,0,0,0,0,0,0,0,0,0,0,0,0,0,0,0,0,0,0,0,0,0,0,0,0,0,0,0,0,0,0,0,0,0,0,0,0,0,0,0,0,0,0,0,0,0,0,0,0,0,0,0,0,0,0,0,0,0,0,0,0,0,0,0,0,0,0,0,0,0,0,0,0,0,0,0,0,0,0,0,0,0,0,0,0,0,0,0,0,0,0,0,0,0,0,0,0,0,0,0,0,0,0,0,0,0,0,0,0,0,0,0,0,0,0,0,0,0,0,0,0,0,0,0,0,0,0,0,0,0,0,0,0,0,0,0,0,0,0,0,0,0,0,0,0,0,0,0,0,0,0,0,0,0,0,0,0,0,0,0,0,0,0,0,0,0,0,0,0,0,0,0,0
38.25,0,0,0,0,0,0,0,0,0,0,0,0,0,0,0,0,0,0,0,0,0,0,0,0,0,0,0,0,0,0,0,0,0,0,0,0,0,0,0,0,0,0,0,0,0,0,0,0,0,0,0,0,0,0,0,0,0,0,0,0,0,0,0,0,0,0,0,0,0,0,0,0,0,0,0,0,0,0,0,0,0,0,0,0,0,0,0,0,0,0,0,0,0,0,0,0,0,0,0,0,0,0,0,0,0,0,0,0,0,0,0,0,0,0,0,0,0,0,0,0,0,0,0,0,0,0,0,0,0,0,0,0,0,0,0,0,0,0,0,0,0,0,0,0,0,0,0,0,0,0,0,0,0,0,0,0,0,0,0,0,0,0,0,0,0,0,0,0,0,0,0,0,0,0,0,0,0,0,0,0,0,0,0,0,0,0,0,0,0,0,0,0,0,0,0,0,0,0,0,0,0,0,0,0,0,0,0,0,0,0,0,0,0,0,0,0,0,0,0,0,0,0,0,0,0,0,0,0,0,0,0,0,0,0,0,0,0,0,0,0,0,0,0,0,0,0,0,0,0,0,0,0,0,0,0,0,0,0,0,0,0,0,0,0,0,0,0,0,0,0,0,0,0,0,0,0,0,0,0,0,0,0,0,0,0,0,0,0,0,0,0,0,0,0,0,0,0,0,0,0,0,0,0,0,0,0,0,0,0,0,0,0,0,0,0,0,0,0,0,0
38.75,0,0,0,0,0,0,0,0,0,0,0,0,0,0,0,0,0,0,0,0,0,0,0,0,0,0,0,0,0,0,0,0,0,0,0,0,0,0,0,0,0,0,0,0,0,0,0,0,0,0,0,0,0,0,0,0,0,0,0,0,0,0,0,0,0,0,0,0,0,0,0,0,0,0,0,0,0,0,0,0,0,0,0,0,0,0,0,0,0,0,0,0,0,0,0,0,0,0,0,0,0,0,0,0,0,0,0,0,0,0,0,0,0,0,0,0,0,0,0,0,0,0,0,0,0,0,0,0,0,0,0,0,0,0,0,0,0,0,0,0,0,0,0,0,0,0,0,0,0,0,0,0,0,0,0,0,0,0,0,0,0,0,0,0,0,0,0,0,0,0,0,0,0,0,0,0,0,0,0,0,0,0,0,0,0,0,0,0,0,0,0,0,0,0,0,0,0,0,0,0,0,0,0,0,0,0,0,0,0,0,0,0,0,0,0,0,0,0,0,0,0,0,0,0,0,0,0,0,0,0,0,0,0,0,0,0,0,0,0,0,0,0,0,0,0,0,0,0,0,0,0,0,0,0,0,0,0,0,0,0,0,0,0,0,0,0,0,0,0,0,0,0,0,0,0,0,0,0,0,0,0,0,0,0,0,0,0,0,0,0,0,0,0,0,0,0,0,0,0,0,0,0,0,0,0,0,0,0,0,0,0,0,0,0,0,0,0,0,0,0
39.25,0,0,0,0,0,0,0,0,0,0,0,0,0,0,0,0,0,0,0,0,0,0,0,0,0,0,0,0,0,0,0,0,0,0,0,0,0,0,0,0,0,0,0,0,0,0,0,0,0,0,0,0,0,0,0,0,0,0,0,0,0,0,0,0,0,0,0,0,0,0,0,0,0,0,0,0,0,0,0,0,0,0,0,0,0,0,0,0,0,0,0,0,0,0,0,0,0,0,0,0,0,0,0,0,0,0,0,0,0,0,0,0,0,0,0,0,0,0,0,0,0,0,0,0,0,0,0,0,0,0,0,0,0,0,0,0,0,0,0,0,0,0,0,0,0,0,0,0,0,0,0,0,0,0,0,0,0,0,0,0,0,0,0,0,0,0,0,0,0,0,0,0,0,0,0,0,0,0,0,0,0,0,0,0,0,0,0,0,0,0,0,0,0,0,0,0,0,0,0,0,0,0,0,0,0,0,0,0,0,0,0,0,0,0,0,0,0,0,0,0,0,0,0,0,0,0,0,0,0,0,0,0,0,0,0,0,0,0,0,0,0,0,0,0,0,0,0,0,0,0,0,0,0,0,0,0,0,0,0,0,0,0,0,0,0,0,0,0,0,0,0,0,0,0,0,0,0,0,0,0,0,0,0,0,0,0,0,0,0,0,0,0,0,0,0,0,0,0,0,0,0,0,0,0,0,0,0,0,0,0,0,0,0,0,0,0,0,0,0,0
39.75,0,0,0,0,0,0,0,0,0,0,0,0,0,0,0,0,0,0,0,0,0,0,0,0,0,0,0,0,0,0,0,0,0,0,0,0,0,0,0,0,0,0,0,0,0,0,0,0,0,0,0,0,0,0,0,0,0,0,0,0,0,0,0,0,0,0,0,0,0,0,0,0,0,0,0,0,0,0,0,0,0,0,0,0,0,0,0,0,0,0,0,0,0,0,0,0,0,0,0,0,0,0,0,0,0,0,0,0,0,0,0,0,0,0,0,0,0,0,0,0,0,0,0,0,0,0,0,0,0,0,0,0,0,0,0,0,0,0,0,0,0,0,0,0,0,0,0,0,0,0,0,0,0,0,0,0,0,0,0,0,0,0,0,0,0,0,0,0,0,0,0,0,0,0,0,0,0,0,0,0,0,0,0,0,0,0,0,0,0,0,0,0,0,0,0,0,0,0,0,0,0,0,0,0,0,0,0,0,0,0,0,0,0,0,0,0,0,0,0,0,0,0,0,0,0,0,0,0,0,0,0,0,0,0,0,0,0,0,0,0,0,0,0,0,0,0,0,0,0,0,0,0,0,0,0,0,0,0,0,0,0,0,0,0,0,0,0,0,0,0,0,0,0,0,0,0,0,0,0,0,0,0,0,0,0,0,0,0,0,0,0,0,0,0,0,0,0,0,0,0,0,0,0,0,0,0,0,0,0,0,0,0,0,0,0,0,0,0,0,0
40.25,0,0,0,0,0,0,0,0,0,0,0,0,0,0,0,0,0,0,0,0,0,0,0,0,0,0,0,0,0,0,0,0,0,0,0,0,0,0,0,0,0,0,0,0,0,0,0,0,0,0,0,0,0,0,0,0,0,0,0,0,0,0,0,0,0,0,0,0,0,0,0,0,0,0,0,0,0,0,0,0,0,0,0,0,0,0,0,0,0,0,0,0,0,0,0,0,0,0,0,0,0,0,0,0,0,0,0,0,0,0,0,0,0,0,0,0,0,0,0,0,0,0,0,0,0,0,0,0,0,0,0,0,0,0,0,0,0,0,0,0,0,0,0,0,0,0,0,0,0,0,0,0,0,0,0,0,0,0,0,0,0,0,0,0,0,0,0,0,0,0,0,0,0,0,0,0,0,0,0,0,0,0,0,0,0,0,0,0,0,0,0,0,0,0,0,0,0,0,0,0,0,0,0,0,0,0,0,0,0,0,0,0,0,0,0,0,0,0,0,0,0,0,0,0,0,0,0,0,0,0,0,0,0,0,0,0,0,0,0,0,0,0,0,0,0,0,0,0,0,0,0,0,0,0,0,0,0,0,0,0,0,0,0,0,0,0,0,0,0,0,0,0,0,0,0,0,0,0,0,0,0,0,0,0,0,0,0,0,0,0,0,0,0,0,0,0,0,0,0,0,0,0,0,0,0,0,0,0,0,0,0,0,0,0,0,0,0,0,0,0
40.75,0,0,0,0,0,0,0,0,0,0,0,0,0,0,0,0,0,0,0,0,0,0,0,0,0,0,0,0,0,0,0,0,0,0,0,0,0,0,0,0,0,0,0,0,0,0,0,0,0,0,0,0,0,0,0,0,0,0,0,0,0,0,0,0,0,0,0,0,0,0,0,0,0,0,0,0,0,0,0,0,0,0,0,0,0,0,0,0,0,0,0,0,0,0,0,0,0,0,0,0,0,0,0,0,0,0,0,0,0,0,0,0,0,0,0,0,0,0,0,0,0,0,0,0,0,0,0,0,0,0,0,0,0,0,0,0,0,0,0,0,0,0,0,0,0,0,0,0,0,0,0,0,0,0,0,0,0,0,0,0,0,0,0,0,0,0,0,0,0,0,0,0,0,0,0,0,0,0,0,0,0,0,0,0,0,0,0,0,0,0,0,0,0,0,0,0,0,0,0,0,0,0,0,0,0,0,0,0,0,0,0,0,0,0,0,0,0,0,0,0,0,0,0,0,0,0,0,0,0,0,0,0,0,0,0,0,0,0,0,0,0,0,0,0,0,0,0,0,0,0,0,0,0,0,0,0,0,0,0,0,0,0,0,0,0,0,0,0,0,0,0,0,0,0,0,0,0,0,0,0,0,0,0,0,0,0,0,0,0,0,0,0,0,0,0,0,0,0,0,0,0,0,0,0,0,0,0,0,0,0,0,0,0,0,0,0,0,0,0,0
41.25,0,0,0,0,0,0,0,0,0,0,0,0,0,0,0,0,0,0,0,0,0,0,0,0,0,0,0,0,0,0,0,0,0,0,0,0,0,0,0,0,0,0,0,0,0,0,0,0,0,0,0,0,0,0,0,0,0,0,0,0,0,0,0,0,0,0,0,0,0,0,0,0,0,0,0,0,0,0,0,0,0,0,0,0,0,0,0,0,0,0,0,0,0,0,0,0,0,0,0,0,0,0,0,0,0,0,0,0,0,0,0,0,0,0,0,0,0,0,0,0,0,0,0,0,0,0,0,0,0,0,0,0,0,0,0,0,0,0,0,0,0,0,0,0,0,0,0,0,0,0,0,0,0,0,0,0,0,0,0,0,0,0,0,0,0,0,0,0,0,0,0,0,0,0,0,0,0,0,0,0,0,0,0,0,0,0,0,0,0,0,0,0,0,0,0,0,0,0,0,0,0,0,0,0,0,0,0,0,0,0,0,0,0,0,0,0,0,0,0,0,0,0,0,0,0,0,0,0,0,0,0,0,0,0,0,0,0,0,0,0,0,0,0,0,0,0,0,0,0,0,0,0,0,0,0,0,0,0,0,0,0,0,0,0,0,0,0,0,0,0,0,0,0,0,0,0,0,0,0,0,0,0,0,0,0,0,0,0,0,0,0,0,0,0,0,0,0,0,0,0,0,0,0,0,0,0,0,0,0,0,0,0,0,0,0,0,0,0,0,0
41.75,0,0,0,0,0,0,0,0,0,0,0,0,0,0,0,0,0,0,0,0,0,0,0,0,0,0,0,0,0,0,0,0,0,0,0,0,0,0,0,0,0,0,0,0,0,0,0,0,0,0,0,0,0,0,0,0,0,0,0,0,0,0,0,0,0,0,0,0,0,0,0,0,0,0,0,0,0,0,0,0,0,0,0,0,0,0,0,0,0,0,0,0,0,0,0,0,0,0,0,0,0,0,0,0,0,0,0,0,0,0,0,0,0,0,0,0,0,0,0,0,0,0,0,0,0,0,0,0,0,0,0,0,0,0,0,0,0,0,0,0,0,0,0,0,0,0,0,0,0,0,0,0,0,0,0,0,0,0,0,0,0,0,0,0,0,0,0,0,0,0,0,0,0,0,0,0,0,0,0,0,0,0,0,0,0,0,0,0,0,0,0,0,0,0,0,0,0,0,0,0,0,0,0,0,0,0,0,0,0,0,0,0,0,0,0,0,0,0,0,0,0,0,0,0,0,0,0,0,0,0,0,0,0,0,0,0,0,0,0,0,0,0,0,0,0,0,0,0,0,0,0,0,0,0,0,0,0,0,0,0,0,0,0,0,0,0,0,0,0,0,0,0,0,0,0,0,0,0,0,0,0,0,0,0,0,0,0,0,0,0,0,0,0,0,0,0,0,0,0,0,0,0,0,0,0,0,0,0,0,0,0,0,0,0,0,0,0,0,0,0
42.25,0,0,0,0,0,0,0,0,0,0,0,0,0,0,0,0,0,0,0,0,0,0,0,0,0,0,0,0,0,0,0,0,0,0,0,0,0,0,0,0,0,0,0,0,0,0,0,0,0,0,0,0,0,0,0,0,0,0,0,0,0,0,0,0,0,0,0,0,0,0,0,0,0,0,0,0,0,0,0,0,0,0,0,0,0,0,0,0,0,0,0,0,0,0,0,0,0,0,0,0,0,0,0,0,0,0,0,0,0,0,0,0,0,0,0,0,0,0,0,0,0,0,0,0,0,0,0,0,0,0,0,0,0,0,0,0,0,0,0,0,0,0,0,0,0,0,0,0,0,0,0,0,0,0,0,0,0,0,0,0,0,0,0,0,0,0,0,0,0,0,0,0,0,0,0,0,0,0,0,0,0,0,0,0,0,0,0,0,0,0,0,0,0,0,0,0,0,0,0,0,0,0,0,0,0,0,0,0,0,0,0,0,0,0,0,0,0,0,0,0,0,0,0,0,0,0,0,0,0,0,0,0,0,0,0,0,0,0,0,0,0,0,0,0,0,0,0,0,0,0,0,0,0,0,0,0,0,0,0,0,0,0,0,0,0,0,0,0,0,0,0,0,0,0,0,0,0,0,0,0,0,0,0,0,0,0,0,0,0,0,0,0,0,0,0,0,0,0,0,0,0,0,0,0,0,0,0,0,0,0,0,0,0,0,0,0,0,0,0,0
42.75,0,0,0,0,0,0,0,0,0,0,0,0,0,0,0,0,0,0,0,0,0,0,0,0,0,0,0,0,0,0,0,0,0,0,0,0,0,0,0,0,0,0,0,0,0,0,0,0,0,0,0,0,0,0,0,0,0,0,0,0,0,0,0,0,0,0,0,0,0,0,0,0,0,0,0,0,0,0,0,0,0,0,0,0,0,0,0,0,0,0,0,0,0,0,0,0,0,0,0,0,0,0,0,0,0,0,0,0,0,0,0,0,0,0,0,0,0,0,0,0,0,0,0,0,0,0,0,0,0,0,0,0,0,0,0,0,0,0,0,0,0,0,0,0,0,0,0,0,0,0,0,0,0,0,0,0,0,0,0,0,0,0,0,0,0,0,0,0,0,0,0,0,0,0,0,0,0,0,0,0,0,0,0,0,0,0,0,0,0,0,0,0,0,0,0,0,0,0,0,0,0,0,0,0,0,0,0,0,0,0,0,0,0,0,0,0,0,0,0,0,0,0,0,0,0,0,0,0,0,0,0,0,0,0,0,0,0,0,0,0,0,0,0,0,0,0,0,0,0,0,0,0,0,0,0,0,0,0,0,0,0,0,0,0,0,0,0,0,0,0,0,0,0,0,0,0,0,0,0,0,0,0,0,0,0,0,0,0,0,0,0,0,0,0,0,0,0,0,0,0,0,0,0,0,0,0,0,0,0,0,0,0,0,0,0,0,0,0,0,0
43.25,0,0,0,0,0,0,0,0,0,0,0,0,0,0,0,0,0,0,0,0,0,0,0,0,0,0,0,0,0,0,0,0,0,0,0,0,0,0,0,0,0,0,0,0,0,0,0,0,0,0,0,0,0,0,0,0,0,0,0,0,0,0,0,0,0,0,0,0,0,0,0,0,0,0,0,0,0,0,0,0,0,0,0,0,0,0,0,0,0,0,0,0,0,0,0,0,0,0,0,0,0,0,0,0,0,0,0,0,0,0,0,0,0,0,0,0,0,0,0,0,0,0,0,0,0,0,0,0,0,0,0,0,0,0,0,0,0,0,0,0,0,0,0,0,0,0,0,0,0,0,0,0,0,0,0,0,0,0,0,0,0,0,0,0,0,0,0,0,0,0,0,0,0,0,0,0,0,0,0,0,0,0,0,0,0,0,0,0,0,0,0,0,0,0,0,0,0,0,0,0,0,0,0,0,0,0,0,0,0,0,0,0,0,0,0,0,0,0,0,0,0,0,0,0,0,0,0,0,0,0,0,0,0,0,0,0,0,0,0,0,0,0,0,0,0,0,0,0,0,0,0,0,0,0,0,0,0,0,0,0,0,0,0,0,0,0,0,0,0,0,0,0,0,0,0,0,0,0,0,0,0,0,0,0,0,0,0,0,0,0,0,0,0,0,0,0,0,0,0,0,0,0,0,0,0,0,0,0,0,0,0,0,0,0,0,0,0,0,0,0
43.75,0,0,0,0,0,0,0,0,0,0,0,0,0,0,0,0,0,0,0,0,0,0,0,0,0,0,0,0,0,0,0,0,0,0,0,0,0,0,0,0,0,0,0,0,0,0,0,0,0,0,0,0,0,0,0,0,0,0,0,0,1,0,0,0,0,0,0,0,0,0,0,0,0,0,0,0,0,0,0,0,0,0,0,0,0,0,0,0,0,0,0,0,0,0,0,0,0,0,0,0,0,0,0,0,0,0,0,0,0,0,0,0,0,0,0,0,0,0,0,0,0,0,0,0,0,0,0,0,0,0,0,0,0,0,0,0,0,0,0,0,0,0,0,0,0,0,0,0,0,0,0,0,0,0,0,0,0,0,0,0,0,0,0,0,0,0,0,0,0,0,0,0,0,0,0,0,0,0,0,0,0,0,0,0,0,0,0,0,0,0,0,0,0,0,0,0,0,0,0,0,0,0,0,0,0,0,0,0,0,0,0,0,0,0,0,0,0,0,0,0,0,0,0,0,0,0,0,0,0,0,0,0,0,0,0,0,0,0,0,0,0,0,0,0,0,0,0,0,0,0,0,0,0,0,0,0,0,0,0,0,0,0,0,0,0,0,0,0,0,0,0,0,0,0,0,0,0,0,0,0,0,0,0,0,0,0,0,0,0,0,0,0,0,0,0,0,0,0,0,0,1,0,0,0,0,0,0,0,0,0,0,0,0,0,0,0,0,0,0,0
44.25,0,0,0,0,0,0,0,0,0,0,0,0,0,0,0,0,0,0,0,0,0,0,0,0,0,0,0,0,0,0,0,0,0,0,0,0,0,0,0,0,0,0,0,0,0,0,0,0,0,0,0,0,0,0,0,0,0,0,0,0,0,0,0,0,0,0,0,0,0,0,0,0,0,0,0,0,0,0,0,0,0,0,0,0,0,0,0,0,0,0,0,0,0,0,0,0,0,0,0,0,0,0,0,0,0,0,0,0,0,0,0,0,0,0,0,0,0,0,0,0,0,0,0,0,0,0,0,0,0,0,0,0,0,0,0,0,0,0,0,0,0,0,0,0,0,0,0,0,0,0,0,0,0,0,0,0,0,0,0,0,0,0,0,0,0,0,0,0,0,0,0,0,0,0,0,0,0,0,0,0,0,0,0,0,0,0,0,0,0,0,0,0,0,0,0,0,0,0,0,0,0,0,0,0,0,0,0,0,0,0,0,0,0,0,0,0,0,0,0,0,0,0,0,0,0,0,0,0,0,0,0,0,0,0,0,0,0,0,0,0,0,0,0,0,0,0,0,0,0,0,0,0,0,0,0,0,0,0,0,0,0,0,0,0,0,0,0,0,0,0,0,0,0,0,0,0,0,0,0,0,0,0,0,0,0,0,0,0,0,0,0,0,0,0,0,0,0,0,0,0,0,0,0,0,0,0,0,0,0,0,0,0,0,0,0,0,0,0,0,0
44.75,0,0,0,0,0,0,0,0,0,0,0,0,0,0,0,0,0,0,0,0,0,0,0,0,0,0,0,0,0,0,0,0,0,0,0,0,0,0,0,0,0,0,0,0,0,0,0,0,0,0,0,0,0,0,0,0,0,0,0,0,0,0,0,0,0,0,0,0,0,0,0,0,0,0,0,0,0,0,0,0,0,0,0,0,0,0,0,0,0,0,0,0,0,0,0,0,0,0,0,0,0,0,0,0,0,0,0,0,0,0,0,0,0,0,0,0,0,0,0,0,0,0,0,0,0,0,0,0,0,0,0,0,0,0,0,0,0,0,0,0,0,0,0,0,0,0,0,0,0,0,0,0,0,0,0,0,0,0,0,0,0,0,0,0,0,0,0,0,0,0,0,0,0,0,0,0,0,0,0,0,0,0,0,0,0,0,0,0,0,0,0,0,0,0,0,0,0,0,0,0,0,0,0,0,0,0,0,0,0,0,0,0,0,0,0,0,0,0,0,0,0,0,0,0,0,0,0,0,0,0,0,0,0,0,0,0,0,0,0,0,0,0,0,0,0,0,0,0,0,0,0,0,0,0,0,0,0,0,0,0,0,0,0,0,0,0,0,0,0,0,0,0,0,0,0,0,0,0,0,0,0,0,0,0,0,0,0,0,0,0,0,0,0,0,0,0,0,0,0,0,0,0,0,0,0,0,0,0,0,0,0,0,0,0,0,0,0,0,0,0
45.25,0,0,0,0,0,0,0,0,0,0,0,0,0,0,0,0,0,0,0,0,0,0,0,0,0,0,0,0,0,0,0,0,0,0,0,0,0,0,0,0,0,0,0,0,0,0,0,0,0,0,0,0,0,0,0,0,0,0,0,0,0,0,0,0,0,0,0,0,0,0,0,0,0,0,0,0,0,0,0,0,0,0,0,0,0,0,0,0,0,0,0,0,0,0,0,0,0,0,0,0,0,0,0,0,0,0,0,0,0,0,0,0,0,0,0,0,0,0,0,0,0,0,0,0,0,0,0,0,0,0,0,0,0,0,0,0,0,0,0,0,0,0,0,0,0,0,0,0,0,0,0,0,0,0,0,0,0,0,0,0,0,0,0,0,0,0,0,0,0,0,0,0,0,0,0,0,0,0,0,0,0,0,0,0,0,0,0,0,0,0,0,0,0,0,0,0,0,0,0,0,0,0,0,0,0,0,0,0,0,0,0,0,0,0,0,0,0,0,0,0,0,0,0,0,0,0,0,0,0,0,0,0,0,0,0,0,0,0,0,0,0,0,0,0,0,0,0,0,0,0,0,0,0,0,0,0,0,0,0,0,0,0,0,0,0,0,0,0,0,0,0,0,0,0,0,0,0,0,0,0,0,0,0,0,0,0,0,0,0,0,0,0,0,0,0,0,0,0,0,0,0,0,1,0,0,0,0,0,0,0,0,0,0,0,0,0,0,0,0,0
45.75,0,0,0,0,0,0,0,0,0,0,0,0,0,0,0,0,0,0,0,0,0,0,0,0,0,0,0,0,0,0,0,0,0,0,0,0,0,0,0,0,1,0,0,0,0,0,0,0,0,0,0,0,0,0,0,0,0,0,0,0,0,0,0,0,0,0,0,0,0,0,0,0,0,0,0,0,0,0,0,0,0,0,0,0,0,0,0,0,0,0,0,0,0,0,0,0,0,0,0,0,0,0,0,0,0,0,0,0,0,0,0,0,0,0,0,0,0,0,0,0,0,0,0,0,0,0,0,0,0,0,0,0,0,0,0,0,0,0,0,0,0,0,0,0,0,0,0,0,0,0,0,0,0,0,0,0,0,0,0,0,0,0,0,0,0,0,0,0,0,0,0,0,0,0,0,0,0,0,0,0,0,0,0,0,0,0,0,0,0,0,0,0,0,0,0,0,0,0,0,0,0,0,0,0,0,0,0,0,0,0,0,0,0,0,0,0,0,0,0,0,0,0,0,0,0,0,0,0,0,0,0,0,0,0,0,0,0,0,0,0,0,0,0,0,0,0,0,0,0,0,0,0,0,0,0,0,0,0,0,0,0,0,0,0,0,0,0,0,0,0,0,0,0,0,0,0,0,0,0,0,0,0,0,0,0,0,0,0,0,0,0,0,0,0,0,0,0,0,0,0,2,0,0,0,0,0,0,0,0,0,0,0,0,0,0,0,0,0,0,0
46.25,0,0,0,0,0,0,0,0,0,0,0,0,0,0,0,0,0,0,0,0,0,0,0,0,0,0,0,0,0,0,0,0,0,0,0,0,0,0,0,0,0,2,0,0,0,0,0,0,0,0,0,0,0,0,0,0,0,0,0,0,0,1,0,0,0,0,0,0,0,0,0,0,0,0,0,0,0,0,0,0,0,0,0,0,0,0,0,0,0,0,0,0,0,0,0,0,0,0,0,0,0,0,0,0,0,0,0,0,0,0,0,0,0,0,0,0,0,0,0,0,0,0,0,0,0,0,0,0,0,0,0,0,0,0,0,0,0,0,0,0,0,0,0,0,0,0,0,0,0,0,0,0,0,0,0,0,0,0,0,0,0,0,0,0,0,0,0,0,0,0,0,0,0,0,0,0,0,0,0,0,1,0,0,0,0,0,0,0,0,0,0,0,0,0,0,0,0,0,0,0,0,0,0,0,0,0,0,0,0,0,0,0,0,0,0,0,0,0,0,0,0,0,0,0,0,0,0,0,0,0,0,0,0,0,0,0,0,0,0,0,0,0,0,0,0,0,0,0,0,0,0,0,0,0,0,0,0,0,0,0,0,0,0,0,0,0,0,0,0,0,0,0,0,0,0,0,0,0,0,0,0,0,0,0,0,0,0,0,0,0,0,0,0,0,0,0,0,0,0,0,0,0,0,0,0,0,0,0,0,0,0,0,0,0,0,0,0,0,0,0
46.75,0,0,0,0,0,0,0,0,0,0,0,0,0,0,0,0,0,0,0,0,0,0,0,0,0,0,0,0,0,0,0,0,0,0,0,0,0,0,0,0,0,0,0,0,0,0,0,0,0,0,0,0,0,0,0,0,0,0,0,0,0,0,0,0,0,0,0,0,0,0,0,0,0,0,0,0,0,0,0,0,0,0,0,0,0,0,0,0,0,0,0,0,0,0,0,0,0,0,0,0,0,0,0,0,0,0,0,0,0,0,0,0,0,0,0,0,0,0,0,0,0,0,0,0,0,0,0,0,0,0,0,0,0,0,0,0,0,0,0,0,0,0,0,0,0,0,0,0,0,0,0,0,0,0,0,0,0,0,0,0,0,0,0,0,0,0,0,0,0,0,0,0,0,0,0,0,0,0,0,0,0,0,0,0,0,0,0,0,0,0,0,0,0,0,0,0,0,0,0,0,0,0,0,0,0,0,0,0,0,0,0,0,0,0,0,0,0,0,0,0,0,0,0,0,0,0,0,0,0,0,0,0,0,0,0,0,0,0,0,0,0,0,0,0,0,0,0,0,0,0,0,0,0,0,0,0,0,0,0,0,0,0,0,0,0,0,0,0,0,0,0,0,0,0,0,0,0,0,0,0,0,0,0,0,0,0,0,0,0,0,0,0,0,0,0,0,0,0,0,0,0,0,0,0,0,0,0,0,0,0,0,0,0,0,0,0,0,0,0,0
47.25,0,0,0,0,0,0,0,0,0,0,0,0,0,0,0,0,0,0,0,0,0,0,0,0,0,0,0,0,0,0,0,0,0,0,0,0,0,0,0,0,1,0,0,0,0,0,0,0,1,0,0,0,0,0,0,0,0,0,0,0,0,0,0,0,0,0,0,0,0,0,0,0,0,0,0,0,0,0,0,0,0,0,0,0,0,0,0,0,0,0,0,0,0,0,0,0,0,0,0,0,0,0,0,0,0,0,0,0,0,0,0,0,0,0,0,0,0,0,0,0,0,0,0,0,0,0,0,0,0,0,0,0,0,0,0,0,0,0,0,0,0,0,0,0,0,0,0,0,0,0,0,0,0,0,0,0,0,0,0,0,0,0,0,0,0,0,0,0,0,0,0,0,0,0,0,0,0,0,0,0,0,1,0,0,0,0,0,0,0,0,0,0,0,0,0,0,0,0,0,0,0,0,0,0,0,0,0,0,0,0,0,0,0,0,0,0,0,0,0,0,0,0,0,0,0,0,0,0,0,0,0,0,0,0,0,0,0,0,0,0,0,0,0,0,0,0,0,0,0,0,0,0,0,0,0,0,0,0,0,0,0,0,0,0,0,0,0,0,0,0,0,0,0,0,0,0,0,0,0,0,0,0,0,0,0,0,0,0,0,0,0,0,0,0,0,0,0,0,0,0,0,0,1,0,0,0,0,0,0,0,0,0,0,0,0,0,0,0,0,0
47.75,0,0,0,0,0,0,0,0,0,0,0,0,0,0,0,0,0,0,0,0,0,0,0,0,0,0,0,0,0,0,0,0,0,0,0,0,0,0,0,0,1,0,0,0,0,0,0,0,0,0,0,0,0,0,0,0,0,0,0,0,0,0,0,0,0,0,0,0,0,0,0,0,0,0,0,0,0,0,0,0,0,0,0,0,0,0,0,0,0,0,0,0,0,0,0,0,0,0,0,0,0,0,0,0,0,0,0,0,0,0,0,0,0,0,0,0,0,0,0,0,0,0,0,0,0,0,0,0,0,0,0,0,0,0,0,0,0,0,0,0,0,0,0,0,0,0,0,0,0,0,0,0,0,0,0,0,0,0,0,0,1,0,0,0,0,0,0,0,0,0,0,0,0,0,0,0,0,0,0,0,0,0,0,0,0,0,0,0,0,0,0,0,0,0,0,0,0,0,0,0,0,0,0,0,0,0,0,0,0,0,1,0,0,0,0,0,0,0,0,0,0,0,0,0,0,0,0,0,0,0,0,0,0,0,0,0,0,0,0,0,0,0,0,0,0,0,0,0,0,0,0,0,0,0,0,0,0,0,0,0,0,0,0,0,0,0,0,0,0,0,0,0,0,0,0,0,0,0,0,0,0,0,0,0,0,0,0,0,0,0,0,0,0,0,0,0,0,0,0,0,1,0,0,0,0,0,0,0,0,0,0,0,0,0,0,0,0,0,0,0
48.25,0,0,0,0,0,0,0,0,0,0,0,0,0,0,0,0,0,0,0,0,0,0,0,0,0,0,0,0,0,0,0,0,0,0,0,0,0,0,0,0,1,0,0,0,0,0,0,0,0,0,0,0,0,0,0,0,0,0,0,0,0,0,0,0,0,0,0,0,0,0,0,0,0,0,0,0,0,0,0,0,0,0,0,0,0,0,0,0,0,0,0,0,0,0,0,0,0,0,0,0,0,0,0,0,0,0,0,0,0,0,0,0,0,0,0,0,0,0,0,0,0,0,0,0,0,0,0,0,0,0,0,0,0,0,0,0,0,0,0,0,0,0,0,0,0,0,0,0,0,0,0,0,0,0,0,0,0,0,0,0,0,0,0,0,0,0,0,0,0,0,0,0,0,0,0,0,0,0,0,0,0,0,0,0,0,0,0,0,0,0,0,0,0,0,0,0,0,0,0,0,0,0,0,0,0,0,0,0,0,0,0,0,0,0,0,0,0,0,0,0,0,0,0,0,0,0,0,0,0,0,0,0,0,0,0,0,0,0,0,0,0,0,0,0,0,0,0,0,0,0,0,0,0,0,0,0,0,0,0,0,0,0,0,0,0,0,0,0,0,0,0,0,0,0,0,0,0,0,0,0,1,0,0,0,0,0,0,0,0,0,0,0,0,0,0,0,0,0,0,0,1,1,0,0,0,0,0,0,0,0,0,0,0,0,0,0,0,0,0,0
48.75,0,0,0,0,0,0,0,0,0,0,0,0,0,0,0,0,0,0,0,0,0,0,0,0,0,0,0,0,0,0,0,0,0,0,0,0,0,0,0,0,0,0,0,0,0,0,0,0,0,0,0,0,0,0,0,0,0,0,0,0,0,0,0,0,0,0,0,0,1,0,0,0,0,0,0,0,0,0,0,0,0,0,0,0,0,0,0,0,0,0,0,0,0,0,0,0,0,0,0,0,0,0,0,0,0,0,0,0,0,0,0,0,0,0,0,0,0,0,0,0,0,0,0,0,0,0,0,0,0,0,0,0,0,0,0,0,0,0,0,0,0,0,0,0,0,0,0,0,0,0,0,0,0,0,0,0,0,0,0,0,0,1,0,0,0,0,0,0,0,0,0,0,0,0,0,0,0,0,0,0,0,0,0,0,0,0,0,0,0,0,0,0,0,0,0,0,0,0,0,0,0,0,0,0,0,0,0,0,0,0,0,0,0,0,0,0,0,0,0,0,0,0,0,0,0,0,0,0,0,0,0,0,0,0,0,0,0,0,0,0,0,0,0,0,0,0,0,0,0,0,0,0,0,0,0,0,0,0,0,0,0,0,0,0,0,0,0,0,0,0,0,0,0,0,0,0,0,0,0,0,0,0,0,0,0,0,0,0,0,0,0,0,0,0,0,0,0,0,0,0,0,0,0,0,0,0,0,0,0,0,0,0,0,0,0,0,0,0,0,0
49.25,0,0,0,0,0,0,0,0,0,0,0,0,0,0,0,0,0,0,0,0,0,0,0,0,0,0,0,0,0,0,0,0,0,0,0,0,0,0,0,0,0,0,0,0,0,0,0,0,0,0,0,0,0,0,0,0,0,0,0,0,0,0,0,0,0,0,0,0,0,0,0,0,0,0,0,0,0,0,0,0,0,0,0,0,0,0,0,0,0,0,0,0,0,0,0,0,0,0,0,0,0,0,0,0,0,0,0,0,0,0,0,0,0,0,0,0,0,0,0,0,0,0,0,0,0,0,0,0,0,0,0,0,0,0,0,0,0,0,0,0,0,0,0,0,0,0,0,0,0,0,0,0,0,0,0,0,0,0,0,0,0,0,0,0,0,0,0,0,0,0,0,0,0,0,0,0,0,0,0,0,0,0,0,0,0,0,0,0,0,0,0,0,0,0,0,0,0,0,0,0,0,0,0,0,0,0,0,0,0,0,0,0,0,0,0,0,0,0,0,0,0,0,0,0,0,0,0,0,0,0,0,0,0,0,0,0,0,0,0,0,0,0,0,0,0,0,0,0,0,0,0,0,0,0,0,0,0,0,0,0,0,0,0,0,0,0,0,0,0,0,0,0,0,0,0,0,0,0,0,0,0,1,0,0,0,0,0,0,0,0,0,0,0,0,0,0,0,0,0,0,4,0,0,0,0,0,0,0,0,0,0,0,0,0,0,0,0,0,0,0
49.75,0,0,0,0,0,0,0,0,0,0,0,0,0,0,0,0,0,0,0,0,0,0,0,0,0,0,0,0,0,0,0,0,0,0,0,0,0,0,0,0,0,0,0,0,0,0,0,0,0,0,0,0,0,0,0,0,0,0,0,0,0,0,0,0,0,0,0,0,0,0,0,0,0,0,0,0,0,0,0,0,0,0,0,0,0,0,0,0,0,0,0,0,0,0,0,0,0,0,0,0,0,0,0,0,0,0,0,0,0,0,0,0,0,0,0,0,0,0,0,0,0,0,0,0,0,0,0,0,0,0,0,0,0,0,0,0,0,0,0,0,0,0,0,0,0,0,0,0,0,0,0,0,0,0,0,0,0,0,0,0,0,0,0,0,0,0,0,0,0,0,0,0,0,0,0,0,0,0,0,0,0,0,0,0,0,0,0,0,0,0,0,0,0,0,0,0,0,0,0,0,0,0,0,0,0,0,0,0,0,0,0,0,0,0,0,0,0,0,0,0,0,0,0,0,0,0,0,0,0,0,0,0,0,0,0,0,0,0,0,0,0,0,0,0,0,0,0,0,0,0,0,0,0,0,0,0,0,0,0,0,0,0,0,0,0,0,0,0,0,0,0,0,0,0,0,0,0,0,0,0,3,0,0,0,0,0,0,0,0,0,0,0,0,0,0,0,0,0,0,0,2,2,0,0,0,0,0,0,0,0,1,0,0,0,0,0,0,0,0,0
50.25,0,0,0,0,0,0,0,0,0,0,0,0,0,0,0,0,0,0,0,0,0,0,0,0,0,0,0,0,0,0,0,0,0,0,0,0,0,0,0,0,0,0,0,0,0,0,0,0,0,0,0,0,0,0,0,0,0,0,0,0,0,0,0,0,0,0,0,0,0,0,0,0,0,0,0,0,0,0,0,0,0,0,0,0,0,0,0,0,0,0,0,0,0,0,0,0,0,0,0,0,0,0,0,0,0,0,0,0,0,0,0,0,0,0,0,0,0,0,0,0,0,0,0,0,0,0,0,0,0,0,0,0,0,0,0,0,0,0,0,0,0,0,0,0,0,0,0,0,0,0,0,0,0,0,0,0,0,0,0,0,0,0,0,0,0,0,0,0,0,0,0,0,0,0,0,0,0,0,0,0,0,0,0,0,0,0,0,0,0,0,0,0,0,0,0,0,0,0,0,0,0,0,0,0,0,0,0,0,0,0,0,0,0,0,0,0,0,0,0,0,0,0,0,0,0,0,0,0,0,0,0,0,0,0,0,0,0,0,0,0,0,0,0,0,0,0,0,0,0,0,0,0,0,0,0,0,0,0,0,0,0,0,0,0,0,0,0,0,0,0,0,0,0,0,0,0,0,0,0,0,0,0,0,0,0,0,0,0,0,0,0,0,0,0,0,0,0,0,0,0,2,2,1,1,0,0,0,0,0,0,1,0,0,0,0,0,0,0,0,0
50.75,0,0,0,0,0,0,0,0,0,0,0,0,0,0,0,0,0,0,0,0,0,0,0,0,0,0,0,0,0,0,0,0,0,0,0,0,0,0,0,0,0,1,0,0,0,0,0,0,0,0,0,0,0,0,0,0,0,0,0,0,0,0,0,0,0,0,0,0,0,0,0,0,0,0,0,0,0,0,0,0,0,0,0,0,0,0,0,0,0,0,0,0,0,0,0,0,0,0,0,0,0,0,0,0,0,0,0,0,0,0,0,0,0,0,0,0,0,0,0,0,0,0,0,0,0,0,0,0,0,0,0,0,0,0,0,0,0,0,0,0,0,0,0,0,0,0,0,0,0,0,0,0,0,0,0,0,0,0,0,0,0,0,0,0,0,0,0,0,0,0,0,0,0,0,0,0,0,0,0,0,1,0,0,0,0,0,0,0,0,0,1,0,0,0,0,0,0,0,0,0,0,0,0,0,0,0,0,0,0,0,0,0,0,0,0,0,0,0,0,0,0,0,0,0,0,0,0,0,0,0,0,0,0,0,0,0,0,0,0,0,0,0,0,0,0,0,0,0,0,0,0,0,0,0,0,0,0,0,0,0,0,0,0,0,0,0,0,0,0,0,0,0,0,0,0,0,0,0,0,0,0,1,0,0,0,0,0,0,0,0,0,0,0,0,0,0,0,0,0,0,1,0,1,0,0,0,0,0,0,0,0,0,0,0,0,0,0,0,0,0
51.25,0,0,0,0,0,0,0,0,0,0,0,0,0,0,0,0,0,0,0,0,0,0,0,0,0,0,0,0,0,0,0,0,0,0,0,0,0,0,0,0,1,0,0,0,0,0,0,0,0,0,0,0,0,0,0,0,0,0,0,0,0,0,0,0,0,0,0,0,0,0,1,0,0,0,0,0,0,0,0,0,0,0,0,0,0,0,0,0,0,0,0,0,0,0,0,0,0,0,0,0,0,0,0,0,0,0,0,0,0,0,0,0,0,0,0,0,0,0,0,0,0,0,0,0,0,0,0,0,0,0,0,0,0,0,0,0,0,0,0,0,0,0,0,0,0,0,0,0,0,0,0,0,0,0,0,0,0,0,0,0,0,0,0,0,0,0,0,0,1,0,0,0,0,0,0,0,0,0,0,0,0,0,0,0,0,0,0,0,0,0,0,0,0,0,0,0,0,0,0,0,0,0,0,0,0,0,0,0,0,0,1,0,0,0,0,0,0,0,0,0,0,0,0,0,0,0,0,0,0,0,0,0,0,0,0,0,0,0,0,0,0,0,0,0,0,0,0,0,0,0,0,0,0,0,0,0,0,0,0,0,0,0,0,0,0,0,0,0,0,0,0,0,0,0,0,0,0,0,0,0,0,1,0,0,0,0,0,0,0,0,0,0,0,0,0,0,0,0,0,0,2,0,0,0,0,0,0,0,1,0,1,0,0,0,0,0,0,0,0,0
51.75,0,0,0,0,0,0,0,0,0,0,0,0,0,0,0,0,0,0,0,0,0,0,0,0,0,0,0,0,0,0,0,0,0,0,0,0,0,0,0,0,1,1,0,0,0,0,0,0,0,0,0,0,0,0,0,0,0,0,0,0,0,0,0,0,0,0,0,0,0,0,0,0,0,0,0,0,0,0,0,0,0,0,0,0,0,0,0,0,0,0,0,0,0,0,0,0,0,0,0,0,0,0,0,0,0,0,0,0,0,0,0,0,0,0,0,0,0,0,0,0,0,0,0,0,0,0,0,0,0,0,0,0,0,0,0,0,0,0,0,0,0,0,0,0,0,0,0,0,0,0,0,0,0,0,0,0,0,0,0,0,0,0,0,0,0,0,0,0,0,0,0,0,0,0,0,0,0,0,0,0,0,0,0,0,0,0,0,0,0,0,0,0,0,0,0,0,0,0,0,0,0,0,0,0,0,0,0,0,0,0,0,0,0,0,0,0,0,0,0,0,0,0,0,0,0,0,0,0,0,0,0,0,0,0,0,0,0,0,0,0,0,0,0,0,0,0,0,0,0,0,0,0,0,0,0,0,0,0,0,0,0,0,0,0,0,0,0,0,0,0,0,0,0,0,0,0,0,0,0,0,0,0,0,0,0,0,0,0,1,0,0,0,0,0,0,0,0,0,0,0,3,1,0,0,0,0,0,0,0,0,0,0,0,0,0,0,0,0,0,0
52.25,0,0,0,0,0,0,0,0,0,0,0,0,0,0,0,0,0,0,0,0,1,0,0,0,0,0,0,0,0,0,0,0,0,0,0,0,0,0,0,0,0,0,0,0,0,0,0,0,0,0,0,0,0,0,0,0,0,0,0,0,0,0,0,0,0,0,0,0,0,0,0,0,0,0,0,0,0,0,0,0,0,0,0,0,0,0,0,0,0,0,0,0,0,0,0,0,0,0,0,0,0,0,0,0,0,0,0,0,0,0,0,0,0,0,0,0,0,0,0,0,0,0,0,0,0,0,0,0,0,0,0,0,0,0,0,0,0,0,0,0,0,0,0,0,0,0,0,0,0,0,0,0,0,0,0,0,0,0,0,0,0,0,0,0,0,0,0,0,0,0,0,0,0,0,0,0,0,0,0,0,0,1,0,0,0,0,0,0,0,0,0,0,0,0,0,0,0,0,0,0,0,0,0,0,0,0,0,0,0,0,0,0,0,0,0,0,0,0,0,0,1,0,0,0,0,0,0,0,0,0,0,0,0,0,0,0,0,0,0,0,0,0,0,0,0,0,0,0,0,0,0,0,0,0,0,0,0,0,0,0,0,0,0,0,0,0,0,0,0,0,0,0,0,0,0,0,0,0,0,0,0,0,0,0,0,0,0,0,0,0,0,0,0,0,0,0,0,0,0,0,5,2,1,1,0,0,0,0,0,0,0,0,0,0,0,0,0,0,0,0
52.75,0,0,0,0,0,0,0,0,0,0,1,0,0,0,0,0,0,0,0,0,0,0,1,0,0,0,0,0,0,0,0,0,0,0,0,0,0,0,0,0,3,0,0,0,0,0,0,0,0,0,0,0,0,0,0,0,0,0,0,0,0,0,0,0,0,0,0,0,0,0,0,0,0,0,0,0,0,0,0,0,0,0,0,0,0,0,0,0,0,0,0,0,0,0,0,0,0,0,0,0,0,0,0,0,0,0,0,0,0,0,0,0,0,0,0,0,0,0,0,0,0,0,0,0,0,0,0,0,0,0,0,0,0,0,0,0,0,0,0,0,0,0,0,0,0,0,0,0,0,0,0,0,0,0,0,0,0,0,0,0,1,0,0,0,0,0,0,0,0,0,0,0,0,0,0,0,0,0,0,0,1,0,0,0,0,0,0,0,0,0,0,0,0,0,0,0,0,0,0,0,0,0,0,0,0,0,0,0,0,0,1,0,0,0,0,0,0,0,0,0,1,0,0,0,0,0,0,0,0,0,0,0,0,0,0,0,0,0,0,0,0,0,0,0,0,0,0,0,0,0,0,0,0,0,0,0,0,0,0,0,0,0,0,0,0,0,0,0,0,0,0,0,0,0,0,0,0,0,0,0,0,0,0,0,0,0,0,0,1,0,0,0,0,0,0,0,0,0,0,0,1,1,3,0,0,0,0,0,1,0,0,1,0,0,0,0,0,0,0,0
53.25,0,0,0,0,0,0,0,0,0,0,0,0,0,0,0,0,0,0,0,0,0,0,0,0,0,0,0,0,0,0,0,0,0,0,0,0,0,0,0,0,1,0,0,0,0,0,0,0,0,0,0,0,0,0,0,0,0,0,0,0,0,0,0,0,0,0,0,0,0,0,0,0,0,0,0,0,0,0,0,0,0,0,0,0,0,0,0,0,0,0,0,0,0,0,0,0,0,0,0,0,0,0,0,0,0,0,0,0,0,0,0,0,0,0,0,0,0,0,0,0,0,0,0,0,0,0,0,0,0,0,0,0,0,0,0,0,0,0,0,0,0,0,0,0,0,0,0,0,0,0,0,0,0,0,0,0,0,0,0,0,1,0,0,0,0,0,0,0,0,0,0,0,0,0,0,0,0,0,0,0,0,0,0,0,0,0,0,0,0,0,1,0,0,0,0,0,0,0,0,0,0,0,0,0,0,0,0,0,0,0,0,0,0,0,0,0,0,0,0,0,0,0,0,0,0,0,0,0,0,0,0,0,0,0,0,0,0,0,0,0,0,0,0,0,0,0,0,0,0,0,0,0,0,0,0,0,0,0,0,0,0,0,0,0,0,0,0,0,0,0,0,0,0,0,0,0,0,0,0,0,1,0,0,0,0,0,0,0,0,0,0,0,0,0,0,0,0,0,0,0,7,0,3,0,0,0,0,0,1,0,0,0,0,0,0,0,0,0,0,0
53.75,0,0,0,0,0,0,0,0,0,0,0,0,0,0,0,0,0,0,0,0,1,0,0,0,0,0,0,0,0,0,0,0,0,0,0,0,0,0,0,0,3,2,0,0,0,0,0,0,0,0,0,0,0,0,0,0,0,0,0,0,1,0,0,0,0,0,0,0,0,1,1,0,0,0,0,0,0,0,0,0,0,0,0,0,0,0,0,0,0,0,0,0,0,0,0,0,0,0,0,0,0,0,0,0,0,0,0,0,0,0,0,0,0,0,0,0,0,0,0,0,0,0,0,0,0,0,0,0,0,0,0,0,0,0,0,0,0,0,0,0,0,0,0,0,0,0,0,0,0,0,0,0,0,0,0,0,0,0,0,0,0,0,0,0,0,0,0,0,0,0,0,0,0,0,0,0,0,0,0,0,0,0,0,0,0,0,0,0,0,0,0,0,0,0,0,0,0,0,0,0,0,0,0,0,0,0,0,0,0,0,0,1,0,0,0,0,0,0,0,0,0,1,0,0,0,0,0,0,0,0,0,0,0,0,0,0,0,0,0,0,0,0,0,0,0,0,0,0,0,0,0,0,0,0,0,0,0,0,0,0,0,0,0,0,0,0,0,0,0,0,0,0,0,0,0,0,0,0,0,0,1,0,1,0,0,0,0,0,0,0,0,0,0,0,0,0,0,0,0,0,6,0,0,0,0,0,0,0,0,1,1,0,0,0,0,0,0,0,0,0
54.25,0,0,0,0,0,0,0,0,0,0,0,0,0,0,0,0,0,0,0,0,1,0,0,0,0,0,0,0,0,0,0,0,0,0,0,0,0,0,0,0,0,0,1,0,0,0,0,0,0,0,0,0,0,0,0,0,0,0,0,0,0,0,0,0,0,0,0,0,0,0,0,0,0,0,0,0,0,0,0,0,0,0,0,0,0,0,0,0,0,0,0,0,0,0,0,0,0,0,0,0,0,0,0,0,0,0,0,0,0,0,0,0,0,0,0,0,0,0,0,0,0,0,0,0,0,0,0,0,0,0,0,0,0,0,0,0,0,0,0,0,0,0,0,0,0,0,0,0,0,0,0,0,0,0,0,0,0,0,0,0,0,0,0,0,0,0,0,0,0,0,0,0,0,0,0,0,0,0,0,0,1,0,0,0,0,0,0,0,0,0,0,0,0,0,0,0,0,0,0,0,0,0,0,0,0,0,0,0,0,0,2,0,0,0,0,0,0,0,0,0,2,0,0,0,0,0,0,0,0,0,2,0,0,0,0,0,0,0,0,0,0,0,0,0,0,0,0,0,0,0,0,0,0,0,0,0,0,0,0,0,0,0,0,0,0,0,0,0,0,0,0,0,0,0,0,0,0,0,0,0,1,0,0,0,0,0,0,0,0,0,0,0,0,0,0,0,0,0,0,0,13,0,2,2,0,0,0,0,0,0,0,0,0,0,0,0,0,0,0,0
54.75,0,0,0,0,0,0,0,0,0,0,0,0,0,0,0,0,0,0,0,0,2,0,0,0,0,0,0,0,0,0,0,0,0,0,0,0,0,0,0,0,4,0,1,0,0,0,0,0,2,0,0,0,0,0,0,0,0,0,0,0,0,0,1,0,0,0,0,0,0,0,0,0,0,0,0,0,0,0,0,0,0,0,0,0,0,0,0,0,0,0,0,0,0,0,0,0,0,0,0,0,0,0,0,0,0,0,0,0,0,0,0,0,0,0,0,0,0,0,0,0,0,0,0,0,0,0,0,0,0,0,0,0,0,0,0,0,0,0,0,0,0,0,0,0,0,0,0,0,0,0,0,0,0,0,0,0,0,0,0,0,1,0,0,0,0,0,0,0,0,0,0,0,0,0,0,0,0,0,0,0,0,1,0,0,0,0,0,0,0,0,0,0,1,0,0,0,0,0,0,0,0,0,0,0,0,0,0,0,0,0,0,0,0,0,0,0,0,0,1,0,0,0,0,0,0,0,0,0,0,0,0,0,0,0,0,0,0,0,0,0,0,0,0,0,0,0,0,0,0,0,0,0,0,0,0,0,0,0,0,0,0,0,0,0,0,0,0,0,0,0,0,0,0,0,0,0,0,0,0,0,0,0,0,0,0,0,0,0,1,0,0,0,0,0,0,0,0,0,0,0,7,3,1,1,1,0,0,0,3,0,0,0,0,0,0,0,0,0,1,0
55.25,1,0,0,0,0,0,0,0,0,0,0,0,0,0,0,0,0,0,0,0,1,0,0,0,0,0,0,0,0,0,0,0,0,0,0,0,0,0,0,0,1,3,0,0,0,0,0,0,0,0,0,0,0,0,0,0,0,0,0,0,1,0,0,1,0,0,0,0,0,0,0,0,0,0,0,0,0,0,0,0,0,0,0,0,0,0,0,0,0,0,1,0,0,0,0,0,0,0,0,0,0,0,0,0,0,0,0,0,0,0,0,0,0,0,0,0,0,0,0,0,0,0,0,0,0,0,0,0,0,0,0,0,0,0,0,0,0,0,0,0,0,0,0,0,0,0,0,0,0,0,0,0,0,0,0,0,0,0,0,0,1,0,0,0,0,0,0,0,0,1,0,0,0,0,0,0,0,0,0,0,1,1,0,0,0,0,0,0,0,0,1,0,0,0,0,0,0,0,0,0,0,0,0,0,0,0,0,0,0,0,0,0,0,0,0,0,0,0,0,0,1,1,0,0,0,0,0,0,0,0,1,1,0,0,0,0,0,0,0,0,0,0,0,0,0,0,0,0,0,0,0,0,0,0,0,0,0,0,0,0,0,0,0,0,0,0,0,0,0,0,0,0,0,0,0,0,0,0,0,0,1,0,0,0,0,0,0,0,0,0,0,0,0,0,0,0,0,0,0,0,10,3,2,2,0,0,0,0,0,0,0,2,0,0,0,0,0,0,0,0
55.75,0,0,0,0,0,0,0,0,0,0,0,0,0,0,0,0,0,0,0,0,0,0,0,0,0,0,0,0,0,0,0,0,0,0,0,0,0,0,0,0,6,2,1,0,0,0,0,0,0,0,0,0,0,0,0,0,0,0,0,0,0,0,0,0,0,0,0,0,0,0,0,0,0,0,0,0,0,0,0,0,1,0,0,0,0,0,0,0,0,0,0,0,0,0,0,0,0,0,0,0,0,0,0,0,0,0,0,0,0,0,1,0,0,0,0,0,0,0,0,0,0,0,0,0,0,0,0,0,0,0,0,0,0,0,0,0,0,0,0,0,0,0,0,0,0,0,0,0,0,0,0,0,0,0,0,0,0,0,0,0,2,1,1,0,0,0,0,0,0,0,0,0,0,0,0,0,0,0,0,0,0,0,0,0,0,0,0,0,0,0,1,0,1,0,0,0,0,0,0,0,0,0,0,0,0,0,0,0,0,0,0,0,0,0,0,0,0,0,0,0,3,2,0,0,0,0,0,0,0,0,0,1,0,0,0,0,0,0,0,0,0,0,0,0,0,0,0,0,0,0,0,0,0,0,0,0,0,0,0,0,0,0,0,0,0,0,0,0,0,0,0,0,0,0,0,0,0,0,0,0,0,0,0,0,0,0,0,0,0,0,0,0,0,0,0,0,0,0,0,0,9,3,4,0,0,0,0,0,0,0,0,0,0,0,0,0,0,0,2,0
56.25,0,0,0,0,0,0,0,0,0,0,0,0,0,0,0,0,0,0,0,0,0,0,2,1,1,0,0,0,0,0,0,0,0,0,0,0,0,0,0,0,10,1,3,0,0,0,0,0,2,0,0,0,0,0,0,0,0,0,0,0,0,0,0,0,0,0,0,0,0,0,0,0,0,0,0,0,0,0,0,0,0,0,0,0,0,0,0,0,0,0,0,0,0,0,0,0,0,0,0,0,0,0,0,0,0,0,0,0,0,0,0,0,0,0,0,0,0,0,0,0,0,0,0,0,0,0,0,0,0,0,0,0,0,0,0,0,0,0,0,0,0,0,0,0,0,0,0,0,0,0,2,0,0,0,0,0,0,0,0,0,0,0,1,0,0,0,0,0,0,0,1,0,0,0,0,0,0,0,0,0,1,0,0,0,0,0,0,0,0,0,0,0,0,0,0,0,0,0,0,0,1,0,0,0,0,0,0,0,0,0,0,1,0,0,0,0,0,0,0,0,2,0,1,0,0,0,0,0,2,0,0,0,0,0,0,0,0,0,0,0,0,0,0,0,0,0,0,0,0,0,0,0,0,0,0,0,0,0,0,0,0,0,0,0,0,0,0,0,0,0,1,0,0,0,0,0,0,0,0,0,0,0,0,0,0,0,0,0,0,0,0,0,0,0,0,0,0,0,0,0,7,2,3,0,0,0,0,0,1,0,2,0,0,0,0,0,0,0,0,0
56.75,0,1,0,0,0,0,0,0,0,0,0,0,0,0,0,0,0,0,0,0,0,0,0,0,0,0,0,0,0,0,0,0,0,0,0,0,0,0,0,0,11,2,1,2,0,0,0,0,1,0,0,0,0,0,0,0,0,0,0,0,0,1,0,0,0,0,0,0,0,0,0,0,0,0,0,0,0,0,0,0,0,0,0,0,0,0,0,0,0,0,0,1,0,0,0,0,0,0,0,0,0,0,0,0,0,0,0,0,0,0,1,0,0,0,0,0,0,0,0,0,0,0,0,0,0,0,0,0,0,0,0,0,0,0,0,0,0,0,0,0,0,0,0,0,0,0,0,0,0,0,0,0,0,0,0,0,0,0,0,0,3,0,1,0,1,0,0,0,0,0,0,0,0,0,0,0,0,0,0,0,1,0,0,0,0,0,0,0,0,0,2,1,0,0,0,0,0,0,0,0,0,0,1,0,0,0,0,0,0,0,1,0,0,0,0,0,0,0,0,0,1,0,0,0,0,0,0,0,0,1,2,0,0,0,0,0,0,0,0,0,0,0,0,0,0,0,0,0,0,0,0,0,0,0,0,0,0,0,0,0,0,0,0,0,0,0,0,0,0,0,0,0,0,0,0,0,0,0,0,0,1,0,0,0,0,0,0,0,0,0,0,0,0,0,0,0,0,0,0,0,13,4,4,2,0,1,0,0,3,0,1,0,0,0,0,0,0,0,0,0
57.25,0,0,0,0,0,0,0,0,0,0,0,0,0,0,0,0,0,0,0,0,0,0,0,0,0,0,0,0,0,0,0,0,0,0,0,0,0,0,0,0,10,1,0,0,0,0,0,0,1,1,0,0,0,0,0,0,0,0,0,0,0,0,0,0,0,0,0,0,1,0,0,0,0,0,0,0,0,0,0,0,0,0,0,0,0,0,0,0,0,0,1,0,0,0,0,0,0,0,1,0,0,0,0,0,0,0,0,0,0,0,0,0,0,0,0,0,0,0,0,0,0,0,0,0,0,0,0,0,0,0,0,0,0,0,0,0,0,0,0,0,0,0,0,0,0,0,0,0,0,0,1,0,0,0,0,0,0,0,0,0,2,0,0,0,0,0,0,0,0,0,0,0,0,0,0,0,0,0,0,0,2,1,0,0,0,0,0,0,2,0,2,0,0,0,1,0,0,0,0,0,2,0,0,0,0,0,0,0,0,0,0,1,0,0,0,0,0,0,0,0,4,1,1,0,0,0,0,0,2,0,2,1,0,0,0,0,0,0,0,0,0,0,0,0,0,0,0,0,0,0,0,0,0,0,0,0,0,0,0,0,0,0,0,0,0,0,0,0,0,0,0,1,0,0,0,0,0,0,0,0,1,0,0,0,0,0,0,0,0,0,0,0,0,0,0,0,0,0,0,0,20,3,7,1,0,0,0,0,2,0,1,0,0,0,0,0,0,0,0,0
57.75,0,0,0,0,0,0,0,0,0,0,0,0,0,0,0,0,0,0,0,0,0,0,0,0,0,1,0,0,0,0,0,0,0,0,0,0,0,0,0,0,7,2,1,0,0,0,0,0,0,1,0,0,0,0,0,0,0,0,0,0,0,0,0,0,0,0,0,0,0,0,0,0,0,0,0,0,0,0,0,0,0,0,0,0,0,0,0,0,0,0,0,0,0,0,0,0,0,0,0,0,0,0,0,0,0,0,0,0,0,0,1,0,0,0,0,0,0,0,0,0,0,0,0,0,0,0,0,0,0,0,0,0,0,0,0,0,0,0,0,0,0,0,0,0,0,0,0,0,0,0,0,0,0,0,0,0,0,0,0,0,3,1,0,0,0,0,0,0,0,0,0,0,0,0,0,0,0,0,0,0,1,0,1,0,0,0,0,0,0,0,1,0,0,0,1,1,0,0,0,0,1,0,0,0,0,0,0,0,0,0,2,0,0,0,0,0,0,0,1,0,5,0,0,0,0,0,0,0,0,0,1,0,0,0,0,0,0,0,1,0,0,0,0,0,0,0,0,0,0,0,0,0,0,0,0,0,0,0,0,0,0,0,0,0,0,0,0,0,0,0,1,0,0,0,0,0,0,0,0,0,1,0,0,0,0,0,0,0,0,1,0,0,0,0,0,0,0,0,0,0,17,4,1,2,2,0,0,0,0,2,1,0,1,0,0,0,0,0,0,0
58.25,1,0,0,0,0,0,0,0,0,0,0,0,0,0,0,0,0,0,0,0,0,2,0,0,0,0,0,0,0,1,0,0,0,0,0,0,0,0,0,0,10,2,4,0,0,0,0,0,0,0,0,0,0,0,0,0,0,0,0,0,0,0,0,0,0,0,0,0,0,0,0,0,0,0,0,0,0,0,0,0,0,0,0,0,0,0,0,0,0,0,0,1,0,0,0,0,0,0,0,0,1,0,0,0,0,0,0,0,0,0,0,1,0,0,0,0,0,0,0,0,0,0,0,0,0,0,0,0,0,0,0,0,0,0,0,0,0,0,0,0,0,0,0,0,0,0,0,0,0,0,0,0,0,0,0,0,0,0,0,0,3,0,0,0,0,0,0,0,0,0,1,0,0,0,0,0,0,0,0,0,0,0,0,0,0,0,0,0,0,0,1,1,1,0,0,1,0,0,0,0,0,0,0,0,0,0,0,0,0,0,0,0,0,0,0,0,0,0,0,0,5,1,0,0,0,0,0,0,0,1,3,0,1,0,0,0,0,0,0,0,0,0,0,0,0,0,0,0,0,0,0,0,0,0,0,0,0,0,0,0,0,0,0,0,0,0,0,0,0,0,1,0,0,0,0,0,0,0,0,0,1,0,0,1,0,0,0,0,0,0,0,0,0,0,0,0,0,0,0,0,13,7,4,1,0,1,0,0,1,0,2,0,0,0,0,0,0,0,0,0
58.75,1,0,1,0,0,0,0,0,0,0,0,0,0,0,0,0,0,0,0,0,1,0,0,0,0,0,0,0,1,0,1,0,0,0,0,0,0,0,0,0,16,2,1,0,0,0,0,0,3,0,0,0,0,0,0,0,0,0,0,0,0,0,0,0,0,0,0,0,0,0,0,1,1,0,0,0,0,0,0,0,0,0,0,0,0,0,0,0,0,0,1,0,0,0,0,0,0,0,0,0,0,0,0,0,0,0,0,0,0,0,1,0,0,0,0,0,0,0,0,0,0,0,0,0,0,0,0,0,0,0,0,0,0,0,0,0,0,0,0,0,0,0,0,0,0,0,0,0,0,0,0,0,0,0,0,0,0,0,0,0,4,1,1,0,0,0,0,0,1,0,0,0,0,0,0,0,0,0,0,0,0,0,1,0,0,0,0,0,0,0,2,0,1,2,0,0,0,0,0,0,3,0,1,0,0,0,0,0,0,0,0,0,0,0,0,0,0,0,0,1,3,0,4,1,0,0,0,0,0,0,1,0,0,0,0,0,0,0,1,0,1,0,0,0,0,0,0,0,0,0,0,0,0,0,0,0,0,0,0,0,0,0,0,0,0,0,0,0,0,0,0,0,1,0,0,0,0,0,0,0,0,0,1,0,0,0,0,0,0,1,0,0,0,0,0,0,0,0,0,0,20,5,0,4,1,0,0,0,2,0,4,0,0,0,0,0,0,0,0,0
59.25,0,1,1,0,0,0,0,0,0,0,0,0,0,0,0,0,0,0,0,0,0,0,0,0,0,0,0,0,0,1,0,1,0,0,0,0,0,0,0,0,16,5,4,0,1,0,0,0,2,1,0,0,0,0,0,0,0,0,0,0,1,0,0,0,0,0,0,0,0,1,2,0,0,0,0,0,0,0,0,0,0,0,0,0,0,0,0,0,0,0,0,0,0,0,0,0,0,0,0,0,0,0,0,0,0,0,0,0,0,0,2,2,1,0,0,0,0,0,0,0,0,0,0,0,0,0,0,0,0,0,0,0,0,0,0,0,0,0,0,0,0,0,0,0,0,0,0,0,0,0,0,0,2,0,0,0,0,0,0,0,2,4,0,0,0,0,0,0,0,2,0,1,0,0,0,0,0,0,0,0,1,0,0,0,0,0,0,0,1,0,3,1,0,0,0,0,0,0,0,0,0,0,0,1,0,0,0,0,0,0,0,0,0,0,0,0,0,0,0,0,0,2,2,2,0,0,0,0,0,0,0,0,0,0,0,0,0,0,0,0,1,0,0,0,0,0,0,0,0,0,0,0,0,0,0,0,0,0,0,0,1,0,0,0,0,0,0,0,0,0,0,0,0,0,0,0,0,0,2,0,1,0,1,0,0,0,0,0,0,0,0,0,0,0,0,0,0,0,0,0,15,6,5,0,0,0,0,0,4,1,1,0,1,0,0,0,0,0,0,0
59.75,1,0,0,0,0,0,0,0,1,0,0,0,0,0,0,0,0,0,0,0,3,0,0,0,0,0,0,0,0,0,0,0,0,0,0,0,0,0,0,0,17,7,1,1,0,0,0,0,2,1,0,0,0,0,0,0,0,0,0,0,1,0,0,0,0,0,0,0,0,0,0,0,1,0,0,0,0,0,0,0,1,0,0,0,0,0,0,0,0,0,0,1,1,0,0,0,0,0,0,0,0,0,0,0,0,0,0,0,0,0,1,1,0,0,0,0,0,0,0,0,0,0,0,0,0,0,0,0,0,0,0,0,0,0,0,0,0,0,0,0,0,0,0,0,0,0,0,0,0,0,0,0,1,0,0,0,0,0,0,0,4,0,0,0,1,0,0,0,1,0,0,0,0,0,0,0,0,0,0,0,3,1,1,0,1,0,0,0,0,0,1,0,0,0,0,0,0,0,0,0,0,0,0,0,0,0,0,0,0,1,1,1,0,0,0,0,0,0,1,0,7,0,1,1,0,0,0,0,0,0,1,0,0,0,0,0,0,0,0,0,0,0,0,0,0,0,0,0,0,0,0,0,0,0,0,0,0,0,0,0,0,0,0,0,0,0,0,0,0,0,1,0,0,0,0,0,0,0,0,0,1,0,0,0,0,0,0,0,0,0,0,0,0,0,0,0,0,0,0,0,29,7,5,0,1,1,0,1,2,1,2,0,2,0,0,0,0,0,0,0
60.25,3,0,0,0,0,0,0,0,0,0,0,0,0,0,0,0,0,0,0,0,3,0,0,0,1,0,0,0,0,0,0,0,0,0,0,0,0,0,0,0,25,8,0,2,1,0,0,0,3,0,0,0,0,0,0,0,0,0,0,0,1,0,0,0,0,0,0,0,0,0,2,0,0,0,0,0,0,0,0,0,0,0,0,0,0,0,0,0,0,0,4,0,0,0,0,0,0,0,0,0,0,1,0,0,0,0,0,0,0,0,1,0,0,1,0,0,0,0,1,0,0,0,0,0,0,0,0,0,0,0,0,0,0,0,0,0,0,0,0,0,0,0,0,0,0,0,0,0,0,0,2,0,0,1,0,0,0,0,0,0,1,0,1,0,0,0,0,0,0,0,0,1,0,0,0,0,0,0,0,0,1,0,1,0,0,1,0,0,1,0,0,1,1,0,0,0,0,0,1,0,2,0,0,0,0,0,0,0,0,0,0,0,0,0,0,0,0,0,0,0,6,3,4,1,0,0,0,0,1,0,2,1,0,0,0,0,0,0,0,0,1,1,0,0,0,0,0,0,0,0,0,0,0,0,0,0,0,0,0,0,0,0,1,0,0,0,0,0,0,0,2,0,0,0,0,0,0,0,0,0,2,1,0,0,0,0,0,0,0,0,1,0,0,0,0,0,0,0,0,0,36,8,8,1,5,0,0,0,7,1,6,1,0,0,0,0,0,0,0,1
60.75,2,1,0,0,0,0,0,0,0,0,0,0,0,0,0,0,0,0,0,0,2,0,1,0,0,0,0,0,0,0,0,0,0,0,0,0,0,0,0,0,22,5,6,2,0,1,0,0,8,1,0,0,0,0,0,0,0,0,0,0,1,0,0,0,0,0,0,0,0,0,2,0,0,0,0,0,0,0,1,0,0,0,0,0,0,0,0,0,0,0,0,0,1,0,0,0,0,0,0,0,1,0,0,0,0,0,0,0,0,0,3,0,0,0,0,0,0,0,0,0,0,0,0,0,0,0,0,0,0,0,0,0,0,0,0,0,0,0,0,0,0,0,0,0,0,0,0,0,0,0,0,0,0,0,0,0,0,0,0,0,5,2,0,1,0,0,0,0,1,0,2,0,0,0,0,0,0,0,1,0,1,0,2,0,0,0,0,0,0,0,1,0,0,0,0,0,0,0,0,0,0,0,2,0,0,0,0,0,0,0,1,0,0,0,0,0,0,0,0,0,10,2,1,0,0,0,0,0,0,0,2,0,1,0,0,0,0,0,0,1,0,0,0,0,0,0,0,0,0,0,1,0,0,0,0,0,0,0,0,0,2,0,0,0,0,0,0,0,0,0,1,0,0,0,0,0,0,0,0,0,3,1,0,0,0,0,0,0,0,0,1,1,0,0,0,0,0,0,0,0,22,7,8,1,1,4,0,0,6,4,5,1,4,0,1,0,0,0,0,0
61.25,3,0,0,0,0,0,0,0,0,0,0,0,0,0,0,0,0,0,0,0,1,0,1,0,0,0,0,0,0,0,0,0,0,0,0,0,0,0,0,0,21,6,1,0,1,0,0,0,0,0,0,0,0,0,0,0,0,0,0,0,1,0,1,0,0,0,0,0,0,0,2,0,0,1,0,0,0,0,0,0,0,0,0,0,0,0,0,0,0,0,5,0,0,1,1,0,0,0,0,0,0,1,0,0,0,0,0,0,0,0,0,0,1,0,0,0,0,0,0,0,0,0,0,0,0,0,0,0,0,0,0,0,0,0,0,0,0,0,0,0,0,0,0,0,0,0,0,0,0,0,0,0,0,0,0,0,0,0,0,0,4,2,1,0,0,1,0,0,1,0,1,0,0,0,0,0,0,0,0,0,6,1,0,2,0,0,0,0,0,0,7,1,0,0,0,0,0,0,1,0,2,1,1,0,1,0,0,0,0,0,1,1,1,0,0,0,0,0,0,1,5,1,1,1,2,0,0,0,1,0,0,0,1,0,1,0,0,0,0,0,0,0,0,0,0,0,0,0,1,0,0,0,0,0,0,0,0,0,0,0,0,0,0,0,0,0,0,0,0,0,3,1,0,0,0,0,0,0,0,0,1,2,1,0,0,0,0,0,1,0,1,0,0,0,0,0,0,0,0,0,43,15,10,3,2,1,0,0,7,1,3,1,0,0,1,0,0,0,0,0
61.75,2,1,0,0,0,0,0,0,0,0,0,0,0,0,0,0,0,0,0,0,6,2,1,0,0,0,0,0,0,0,0,0,0,0,0,0,0,0,0,0,25,6,6,0,1,0,0,0,2,2,0,0,0,0,0,0,0,0,0,0,2,0,0,0,0,0,0,0,0,0,1,1,3,0,0,0,0,0,0,0,1,1,0,0,0,0,0,0,0,0,2,1,0,0,0,0,0,0,0,0,0,0,0,0,0,0,0,0,1,0,2,0,0,0,0,0,0,0,1,0,0,0,0,0,0,0,0,0,0,0,1,0,0,0,0,0,0,0,0,0,0,0,0,0,0,0,0,0,0,0,1,0,0,0,0,0,0,0,0,0,6,0,1,0,0,0,0,0,0,0,1,0,0,0,0,0,0,0,0,0,2,1,2,0,0,0,0,0,0,0,0,2,2,0,0,0,0,0,1,0,2,0,0,0,1,0,0,0,0,0,2,0,0,0,0,0,0,0,0,0,12,0,4,0,0,1,0,0,0,0,1,2,0,0,0,0,0,0,0,0,0,1,0,0,0,0,0,0,0,0,0,0,1,0,0,0,0,0,0,0,0,0,0,0,0,0,0,0,0,0,0,0,1,0,0,0,0,0,0,0,3,0,2,0,0,0,0,0,0,0,0,0,0,0,0,0,0,0,0,0,45,14,13,3,3,1,0,0,4,0,4,1,1,1,0,0,0,0,0,0
62.25,4,0,0,0,1,0,0,0,0,0,0,0,0,0,0,0,0,0,0,0,4,1,0,1,0,1,0,0,1,0,0,0,0,0,0,0,0,0,0,0,26,7,3,0,1,0,0,0,3,0,0,0,0,0,0,0,0,0,0,0,0,0,1,0,0,0,0,0,0,0,1,0,0,0,0,0,0,0,0,0,2,0,0,0,0,0,0,0,0,0,3,1,1,0,0,0,0,0,0,0,1,0,0,0,0,0,0,0,1,0,1,0,3,0,0,0,0,0,0,0,0,0,0,0,0,0,0,0,0,0,0,0,0,0,0,0,0,0,0,0,1,0,0,0,0,0,0,0,0,0,0,0,0,0,0,0,0,0,0,0,12,4,0,0,2,0,0,0,0,0,1,0,0,0,0,0,0,0,0,0,3,0,0,0,0,0,0,0,0,0,5,2,1,0,1,0,0,0,0,1,2,0,2,0,0,0,0,0,0,0,1,0,2,0,0,0,0,0,0,0,10,1,3,0,0,0,0,0,0,1,1,0,1,0,0,0,0,0,0,0,1,0,0,0,0,0,0,0,0,0,0,0,0,0,0,0,0,0,0,0,3,0,0,0,0,0,0,0,0,0,3,0,0,0,0,0,0,0,0,0,4,0,0,0,0,0,0,0,0,1,0,0,0,0,0,0,0,0,0,0,60,12,8,2,4,0,0,0,5,2,8,0,2,0,0,1,0,0,0,0
62.75,2,1,3,0,0,0,0,0,0,0,0,0,0,0,0,0,0,0,0,0,5,0,1,0,0,0,0,0,1,0,0,0,0,0,0,0,0,0,0,0,23,7,9,2,1,0,0,0,8,1,0,0,0,0,0,0,0,0,0,0,1,0,0,0,0,0,0,0,0,0,2,0,1,1,0,0,0,0,0,0,1,0,0,0,0,0,0,0,0,0,1,0,1,0,0,0,0,0,1,0,0,0,0,0,0,0,0,0,0,0,1,0,0,0,0,0,0,0,1,0,0,0,0,0,0,0,0,0,0,0,0,0,0,0,0,0,0,0,0,0,0,0,0,0,0,0,0,0,0,0,4,0,0,0,0,0,0,0,0,0,5,0,2,0,0,0,0,0,1,0,0,0,1,0,0,0,0,0,0,0,5,1,0,2,1,0,0,0,0,0,6,1,1,0,0,0,0,0,0,0,1,0,1,1,0,0,0,0,0,0,6,0,0,0,0,0,0,0,0,0,20,2,0,1,0,0,0,0,1,1,3,1,1,0,0,0,0,0,2,0,1,0,0,0,0,0,0,0,1,0,3,0,0,0,0,0,0,0,0,0,0,1,0,0,0,0,0,0,0,0,3,2,0,1,0,0,0,0,0,1,1,1,0,0,0,0,0,0,0,0,0,0,0,0,0,0,0,0,0,0,55,9,8,5,3,2,0,0,7,2,5,0,3,0,1,0,0,0,1,0
63.25,6,2,0,0,0,1,0,0,1,0,0,1,0,0,0,0,0,0,0,0,2,2,0,1,0,0,0,1,0,0,0,0,0,0,0,0,0,0,0,0,34,13,10,0,0,2,0,0,4,3,0,0,0,0,0,0,0,0,0,0,2,0,0,0,1,0,0,0,0,0,0,0,1,0,1,0,0,0,0,0,0,1,0,0,0,0,0,0,0,0,3,1,2,0,0,1,0,0,1,1,0,0,0,0,0,0,0,0,0,0,2,1,0,1,0,0,0,0,1,0,0,0,0,0,0,0,0,0,0,0,1,0,0,0,0,0,0,0,0,0,0,0,0,0,0,0,0,0,0,0,2,0,0,0,0,0,0,0,0,0,12,3,3,0,0,0,0,0,1,0,0,0,0,0,0,0,0,0,0,0,8,1,2,0,0,0,0,0,0,0,5,0,0,1,0,0,0,0,1,0,3,0,1,0,0,2,0,0,0,0,3,0,2,0,0,0,0,0,0,0,7,4,4,1,0,0,0,0,1,1,3,3,0,0,0,0,0,0,0,1,2,0,0,0,0,0,0,0,0,0,1,0,0,0,0,0,0,0,0,0,0,1,0,0,0,0,0,0,0,0,2,3,0,1,0,0,0,0,0,0,4,0,0,1,0,0,0,0,0,0,1,0,0,0,0,0,0,0,0,0,56,17,23,4,3,1,0,1,8,2,6,2,0,0,0,0,0,0,1,0
63.75,2,1,1,0,0,0,0,0,1,0,1,0,0,0,0,0,0,0,0,0,2,1,1,1,1,0,0,0,0,0,0,0,0,0,0,0,0,0,0,0,37,12,13,2,1,1,0,0,4,1,0,0,0,0,0,0,0,0,0,0,0,0,0,0,0,0,0,0,0,0,1,0,2,0,0,0,0,0,1,0,3,0,1,0,0,0,0,0,0,0,8,0,0,1,0,0,0,0,1,0,0,0,0,0,0,0,0,0,0,0,0,0,0,0,0,0,0,0,0,0,0,0,0,0,0,0,0,0,0,0,0,0,0,0,0,0,0,0,0,0,0,0,0,0,0,0,0,0,0,0,1,0,0,1,0,0,0,0,0,0,14,2,0,1,1,0,0,0,2,0,1,0,0,0,0,0,0,0,0,0,1,2,0,0,0,1,0,0,1,0,3,4,2,0,0,0,0,0,1,0,3,2,2,0,0,0,0,0,0,0,5,0,2,0,0,0,0,0,0,0,11,1,6,0,0,0,0,0,1,0,7,0,0,0,0,0,0,0,0,0,2,0,2,0,0,0,0,0,0,0,3,0,0,0,0,0,0,0,0,0,1,0,0,0,0,0,0,0,0,0,3,1,0,0,0,0,0,0,0,0,4,2,0,1,0,0,0,0,0,0,1,1,0,0,0,0,0,0,0,0,73,21,12,7,3,2,0,0,9,3,6,5,1,0,0,0,0,0,1,0
64.25,10,1,1,0,0,0,0,0,0,1,0,0,0,0,0,0,0,0,0,0,4,2,0,0,0,0,0,0,0,1,0,0,0,0,0,0,0,0,0,0,36,13,6,4,3,0,0,0,3,2,0,0,0,0,0,0,0,0,0,0,4,1,0,0,0,1,0,0,0,0,1,0,1,0,0,0,0,0,0,0,3,0,0,0,0,0,0,0,0,0,5,2,1,0,0,0,0,0,0,0,0,0,0,0,0,0,0,0,0,0,1,1,0,1,0,0,0,0,0,0,0,0,0,0,0,0,0,0,0,0,0,0,0,0,0,0,0,0,0,0,0,0,0,0,0,0,0,0,0,0,2,0,0,0,0,0,0,0,0,0,14,5,5,1,0,1,0,0,1,0,2,0,0,0,0,0,0,0,0,0,6,0,1,0,1,0,0,0,0,0,5,0,1,0,0,0,0,0,1,0,3,0,0,2,0,0,0,0,0,0,2,1,1,1,0,0,0,0,0,0,18,6,1,1,2,0,0,0,2,0,5,4,0,1,0,0,0,0,1,0,0,0,1,0,0,0,0,0,0,0,1,0,0,0,0,0,0,0,0,0,2,0,0,0,0,0,0,0,0,0,5,1,0,0,0,0,0,0,0,0,4,0,0,0,0,0,0,0,2,0,0,0,0,0,0,0,0,0,0,0,71,21,15,8,1,3,0,1,8,1,6,3,1,2,0,1,0,0,2,0
64.75,2,1,2,0,0,0,0,0,1,0,0,0,0,0,0,0,0,0,1,0,5,1,0,0,0,0,0,0,0,0,0,0,0,0,0,0,0,0,0,0,53,11,12,1,5,0,0,0,15,5,0,0,0,0,0,0,0,0,0,0,2,2,0,0,0,0,0,0,0,0,3,0,1,0,0,0,0,0,0,0,2,0,0,0,0,0,0,0,2,0,7,0,1,0,0,0,0,0,0,0,1,0,0,0,0,0,0,0,0,0,4,0,1,0,1,0,0,0,0,0,0,0,0,0,0,0,0,0,0,0,0,1,0,0,0,0,0,0,0,0,0,0,0,0,0,0,0,0,0,0,3,2,1,1,1,0,0,0,0,0,18,4,3,2,0,1,0,0,2,0,0,0,0,0,0,0,0,0,0,0,4,1,2,0,0,0,0,0,0,0,5,0,0,2,2,0,0,0,1,0,7,0,0,0,0,0,0,0,1,0,5,1,0,1,1,0,0,0,1,0,17,8,2,1,2,0,0,0,0,0,7,3,1,0,0,0,0,0,1,0,2,0,1,1,0,0,0,0,0,0,4,0,1,0,0,0,0,0,0,0,1,0,1,0,0,0,0,0,0,0,2,1,1,0,0,0,0,0,3,0,4,0,1,0,1,0,0,0,0,0,0,0,0,0,0,0,0,0,0,0,73,14,20,4,4,5,0,1,10,7,9,6,3,0,0,1,0,0,0,0
65.25,8,0,5,0,0,0,0,0,0,0,0,0,0,0,0,0,0,0,0,0,5,0,4,0,0,0,0,0,1,0,0,0,0,0,0,0,0,0,0,0,65,17,14,3,2,3,0,0,4,2,0,0,0,0,0,0,0,0,0,0,3,1,0,0,0,0,0,0,1,0,7,0,0,2,1,0,0,0,0,0,2,0,1,0,0,0,0,0,0,0,3,3,1,0,1,0,0,0,0,0,0,0,0,0,0,0,0,0,0,0,3,0,0,0,0,0,0,0,0,0,0,0,0,0,0,0,0,0,0,0,0,0,0,0,0,0,0,0,1,0,0,0,0,0,0,0,0,0,0,0,4,2,1,0,0,0,0,0,0,0,18,3,4,0,1,0,0,0,0,0,2,0,0,0,0,0,0,0,0,0,5,0,1,1,0,0,0,0,2,0,5,3,0,0,0,0,0,0,2,0,3,1,3,0,0,0,0,0,0,0,7,1,1,0,0,0,0,0,0,0,24,6,7,1,1,0,0,0,0,3,4,3,1,0,1,0,0,0,4,0,4,0,1,0,0,0,0,0,0,0,0,1,0,0,0,0,0,0,0,0,3,0,0,0,0,0,0,0,0,0,5,0,3,0,0,0,0,0,0,0,7,3,2,0,0,2,0,0,0,1,0,0,0,0,0,0,0,0,1,0,76,28,25,9,3,3,0,0,15,7,15,3,1,1,2,0,0,0,2,0
65.75,15,4,1,0,1,0,0,0,1,0,0,0,0,0,0,0,0,0,0,0,2,0,7,2,0,1,0,0,0,0,0,0,0,0,0,0,0,0,0,0,60,21,13,9,4,0,0,0,8,1,0,0,0,0,0,0,0,0,0,0,1,4,1,0,0,0,0,0,2,0,3,1,0,0,0,0,0,0,0,1,1,1,1,0,0,0,0,0,0,0,6,2,0,2,0,0,0,0,2,0,0,0,0,0,0,0,0,0,0,2,1,1,3,0,0,0,0,0,0,1,0,0,0,0,0,0,0,0,0,0,0,0,0,0,0,0,0,0,0,0,0,0,0,0,0,0,0,0,0,0,5,0,2,0,0,0,0,0,0,0,25,6,3,0,1,1,0,0,7,0,3,0,0,0,0,0,0,0,0,0,4,0,2,1,0,2,0,0,2,1,2,3,2,0,0,0,0,0,1,1,11,2,2,1,1,0,0,0,2,0,8,0,1,0,1,0,0,0,1,0,28,3,5,0,2,1,0,0,2,0,3,1,2,0,0,0,0,0,1,0,2,0,2,0,1,0,0,0,0,1,2,1,0,0,0,0,0,0,0,0,3,1,0,0,0,0,0,0,1,0,7,1,0,0,0,0,0,0,0,0,9,2,0,0,0,0,0,0,2,0,2,1,0,0,0,0,0,0,0,1,106,35,22,8,8,1,0,1,12,8,18,4,2,1,2,0,0,0,0,2
66.25,12,0,2,1,0,0,0,0,1,1,0,0,0,0,0,0,0,0,0,0,8,1,2,0,0,0,0,0,2,0,0,0,0,0,0,0,0,0,0,0,62,19,19,4,2,2,0,1,10,4,0,0,0,0,0,0,0,0,0,0,2,1,0,0,0,0,0,0,2,0,1,1,0,0,0,0,0,0,0,1,6,0,0,0,0,0,0,0,0,0,10,2,1,0,1,0,0,0,1,0,0,0,0,0,0,0,0,0,0,0,3,0,0,1,1,1,0,0,0,0,0,0,0,0,0,0,0,0,0,0,1,0,0,0,0,0,0,0,0,0,0,1,0,0,0,0,0,0,0,0,5,2,2,0,0,0,0,0,1,0,27,6,4,0,1,0,0,0,2,1,1,0,1,0,0,0,0,0,0,0,10,7,2,0,0,0,0,0,0,2,5,2,1,0,0,1,0,0,1,0,8,1,1,0,0,0,0,0,0,2,8,2,0,0,0,0,0,0,0,0,28,9,9,1,1,1,0,0,2,0,5,2,1,1,0,0,0,0,0,1,6,0,1,0,0,0,0,0,0,0,8,1,0,0,1,0,0,0,0,0,1,1,0,0,0,0,0,0,0,0,7,2,4,3,1,0,0,0,0,0,11,1,1,0,0,0,0,0,1,0,2,0,0,0,0,0,0,0,0,0,123,41,27,10,6,0,0,2,21,7,13,6,2,0,0,0,0,0,1,0
66.75,12,3,4,1,0,0,0,0,3,0,0,0,0,0,0,0,0,0,0,0,11,3,0,2,0,0,0,0,0,1,1,0,0,0,0,0,0,0,0,0,66,20,12,9,4,2,0,1,8,5,0,0,0,0,0,0,0,0,0,0,0,2,2,0,0,0,0,0,1,0,2,0,2,0,0,0,0,0,0,0,7,2,2,2,0,0,0,0,0,0,8,4,0,0,1,0,0,0,1,2,1,0,0,0,0,0,0,0,0,0,6,1,1,0,1,0,0,0,0,0,0,0,0,0,0,0,0,0,0,0,1,0,0,0,0,0,0,0,0,0,1,0,0,0,0,0,0,0,0,0,6,1,0,0,0,0,0,0,1,0,24,8,8,3,2,0,0,0,1,0,0,1,1,1,0,0,0,0,1,0,12,4,2,0,0,0,0,0,1,0,6,0,1,0,0,0,0,0,4,0,8,2,2,0,0,1,0,0,0,1,6,2,2,2,0,0,0,0,0,1,32,9,5,7,1,1,0,0,6,0,8,1,2,0,1,0,0,0,0,0,1,1,2,0,0,0,0,0,0,0,2,0,0,0,0,0,0,0,0,0,0,0,1,2,0,0,0,0,0,0,4,5,2,0,0,0,0,0,2,0,10,3,1,0,0,0,0,0,1,0,1,0,1,0,0,0,0,0,1,0,128,21,34,6,5,1,1,0,20,12,18,5,3,1,1,0,0,0,2,2
67.25,17,3,3,1,0,0,0,0,0,0,0,0,0,0,0,0,0,0,0,0,5,0,1,0,0,0,0,0,1,0,0,0,0,0,0,0,0,0,0,0,78,27,19,3,2,3,0,0,11,7,0,0,0,0,0,0,0,0,0,0,4,2,0,0,0,0,0,0,0,2,4,1,0,0,0,0,0,0,0,0,5,1,0,0,0,0,0,0,1,0,7,2,4,1,0,2,0,0,0,0,1,0,0,0,0,0,0,0,0,0,5,2,1,0,0,2,0,0,1,1,0,0,0,0,0,0,0,0,0,0,0,0,0,0,0,0,0,0,0,0,0,0,0,0,0,0,0,0,0,0,6,2,1,1,0,0,0,0,0,0,23,7,5,4,3,2,0,0,4,3,4,0,0,0,0,0,0,0,0,0,14,3,4,1,2,0,0,0,4,0,4,3,6,0,0,2,0,0,0,0,8,5,0,0,1,0,0,0,1,0,14,4,2,0,1,0,0,0,0,0,36,13,12,2,2,2,0,0,5,0,5,4,2,0,0,1,0,0,4,2,5,1,0,0,1,0,0,0,0,0,2,1,1,0,0,0,0,0,0,0,1,1,0,0,0,0,0,0,0,0,8,0,2,0,0,0,0,0,1,0,6,4,1,1,0,0,0,0,1,0,3,0,0,0,0,0,0,0,0,1,114,53,27,12,6,3,0,0,21,6,16,8,4,0,1,2,0,0,2,0
67.75,20,5,4,2,2,0,0,0,2,1,1,0,0,0,0,0,0,0,0,0,9,4,0,1,1,0,0,0,0,1,1,0,0,0,0,0,0,0,0,0,85,31,24,7,6,2,0,0,20,5,1,0,0,0,0,0,0,0,0,0,9,0,0,0,0,0,0,0,1,0,4,0,0,1,1,0,0,0,0,0,4,1,2,0,0,0,0,0,1,0,8,1,0,0,0,0,0,0,1,2,0,1,0,0,0,0,0,0,0,0,3,1,2,0,0,0,0,0,0,1,0,0,0,0,0,0,0,0,0,0,3,0,0,0,0,0,0,0,0,0,1,0,0,0,0,0,0,0,0,0,4,2,1,0,0,0,0,0,0,0,26,10,6,0,0,3,0,0,4,1,6,1,2,0,0,0,0,0,0,0,11,4,1,1,0,3,0,0,4,0,6,0,0,4,3,0,0,0,0,1,11,2,7,0,0,0,0,1,0,0,6,5,4,0,0,0,0,0,0,0,38,13,11,2,1,0,0,1,5,0,11,2,2,2,0,2,0,1,4,0,5,3,3,0,0,0,0,0,0,0,1,1,1,0,0,0,0,0,1,0,1,0,1,2,0,0,0,0,1,0,9,3,0,1,1,0,0,0,0,0,12,5,2,0,0,0,0,0,0,1,2,0,2,0,0,0,0,0,0,0,149,53,38,8,10,4,0,0,25,7,24,6,2,3,1,0,0,0,4,1
68.25,22,6,5,1,1,1,0,0,4,1,0,1,0,0,0,0,0,0,0,0,5,2,2,0,0,0,0,0,3,2,2,0,0,0,0,0,0,0,0,0,79,34,24,5,4,6,0,1,12,2,0,0,1,0,0,0,0,0,0,0,4,1,3,0,0,0,0,0,2,1,5,2,1,0,0,1,0,0,1,0,6,0,5,2,1,0,0,0,1,0,7,1,4,0,0,1,0,0,1,2,1,1,0,0,0,0,0,0,0,0,6,3,0,0,1,0,0,0,2,1,0,0,0,0,0,0,0,0,0,0,0,1,0,0,0,0,0,0,0,0,1,0,0,0,0,0,0,0,0,0,4,1,2,1,1,0,0,0,0,0,43,7,5,2,0,2,0,0,4,0,7,0,0,0,0,0,0,0,1,0,9,5,4,0,0,0,0,0,4,0,5,4,1,1,0,2,0,0,0,0,15,2,2,0,1,0,0,1,2,1,12,1,2,1,0,1,0,0,3,1,60,16,12,2,2,2,0,0,4,3,5,1,2,0,0,0,0,0,2,0,2,0,1,0,1,1,0,0,0,0,4,1,0,0,0,0,0,0,0,0,1,1,1,0,0,0,0,0,1,0,8,0,2,1,0,0,0,0,2,2,14,5,6,0,0,0,0,0,4,0,3,1,2,0,0,0,0,0,0,0,149,35,34,14,6,8,0,2,36,9,21,4,2,0,0,0,0,1,8,0
68.75,15,4,3,2,2,0,0,0,3,1,0,0,0,0,0,0,0,0,0,0,10,5,3,1,0,0,0,0,0,1,2,1,1,0,0,0,0,0,0,0,111,29,28,6,7,1,0,1,13,3,1,0,0,0,0,0,0,0,0,0,4,2,2,1,1,0,0,0,0,0,2,2,2,1,0,0,0,0,1,0,8,3,0,2,0,0,0,0,0,1,15,4,2,0,0,0,0,0,2,0,1,0,0,0,0,0,0,0,0,0,3,4,2,0,0,1,0,0,1,0,1,0,0,0,0,0,0,0,0,0,2,0,1,0,0,0,0,0,0,0,1,0,0,0,0,0,0,0,0,0,4,1,4,0,0,0,0,0,2,2,31,17,7,1,0,0,0,1,3,2,8,2,1,0,0,0,0,0,0,0,11,6,2,2,2,0,0,0,1,0,12,1,3,0,1,1,0,0,2,1,13,2,3,0,1,0,0,0,0,0,17,3,11,0,1,0,0,1,5,0,69,19,10,5,3,5,0,0,6,0,7,0,4,0,0,0,0,0,0,0,8,1,1,2,1,0,0,0,0,0,3,1,0,0,0,0,0,0,0,0,1,1,0,0,0,0,0,0,1,0,10,6,3,1,0,0,0,0,1,0,14,4,2,1,2,0,0,0,4,1,5,1,1,1,0,0,0,0,0,0,153,49,58,9,14,6,0,0,29,11,17,9,9,2,3,0,0,1,4,1
69.25,17,4,5,0,2,1,0,1,0,2,0,0,0,0,0,0,0,0,0,0,15,2,2,1,2,2,0,0,3,1,0,0,1,1,1,0,0,0,1,0,126,25,31,5,7,1,0,0,24,10,0,0,0,0,1,0,0,0,0,0,9,1,3,0,0,1,0,0,2,0,4,2,1,0,1,0,0,0,0,0,13,4,3,1,0,1,0,0,1,0,10,3,2,0,1,0,0,1,2,0,1,0,0,0,0,0,0,0,0,0,4,1,0,1,1,0,0,0,2,0,0,0,0,0,0,0,0,0,0,0,4,0,0,0,0,0,0,0,0,0,0,0,0,0,0,0,0,0,0,0,12,2,0,0,0,1,0,0,2,2,43,10,8,4,1,0,0,1,8,2,5,1,3,0,1,0,0,0,1,0,13,5,4,2,0,0,0,0,5,1,7,3,4,0,1,0,0,0,2,3,15,5,2,3,2,0,0,0,2,0,19,5,4,1,3,1,0,0,0,0,52,16,14,4,5,0,0,0,18,2,10,2,2,1,1,0,0,0,3,0,6,1,0,0,0,0,0,0,2,0,3,1,1,0,0,0,0,0,2,0,2,0,0,0,0,0,0,0,1,0,9,3,2,1,0,2,0,0,3,0,12,6,3,1,1,0,0,0,3,1,3,0,1,1,0,0,0,0,0,0,189,51,34,18,20,10,0,0,35,11,32,10,6,2,0,0,0,0,3,1
69.75,17,5,4,1,1,1,0,0,2,0,2,0,0,0,0,0,0,0,0,0,8,3,2,0,2,0,0,0,2,0,0,2,0,0,0,0,0,0,0,0,139,51,38,13,14,7,0,0,30,11,0,0,0,0,0,0,0,0,0,0,2,3,1,0,1,0,0,0,2,0,3,3,3,0,0,1,0,0,0,1,9,2,3,0,1,0,0,0,1,0,19,8,4,3,0,0,0,0,1,2,1,0,0,0,0,0,0,0,1,0,4,0,1,0,0,0,0,0,1,1,0,0,0,0,0,0,0,0,0,0,2,0,0,0,0,0,0,0,0,0,0,1,0,0,0,0,0,0,0,0,11,4,2,1,2,0,0,1,1,0,45,17,8,3,1,0,0,0,7,2,6,1,1,0,1,0,0,0,0,0,10,3,2,0,3,0,0,0,3,0,6,1,8,2,1,0,0,0,1,0,12,8,3,2,0,1,0,0,0,0,19,6,8,1,2,2,0,0,0,0,58,13,17,7,2,1,0,0,12,3,10,4,1,1,0,0,0,0,0,1,8,2,3,0,0,1,0,0,0,0,7,1,1,0,1,0,0,0,0,0,1,1,0,0,0,0,0,0,0,0,3,2,2,3,0,0,0,0,1,1,17,5,5,2,1,0,0,0,2,1,2,0,1,1,0,0,0,0,0,0,203,75,47,14,10,9,0,1,30,14,26,5,9,1,1,3,0,1,4,2
70.25,21,9,5,5,2,1,0,0,5,1,0,1,1,0,0,0,0,0,0,0,4,6,1,0,0,0,0,0,0,1,4,0,0,0,0,0,0,0,1,0,145,51,46,11,7,7,0,0,18,5,0,0,1,0,0,0,0,0,0,0,4,1,2,0,0,0,0,0,0,0,5,0,0,1,0,0,0,0,0,0,10,4,1,0,1,0,0,0,1,3,19,5,5,1,0,0,0,0,3,0,1,2,0,0,0,0,0,0,0,0,6,2,0,0,0,0,0,0,1,1,0,0,0,0,0,0,0,0,0,0,1,0,1,0,0,0,0,0,0,0,0,0,0,0,0,0,0,0,0,0,12,2,3,0,1,0,0,0,1,0,52,18,14,0,3,0,0,0,5,2,8,3,0,1,1,0,0,0,0,1,10,6,4,0,3,1,2,0,1,1,17,1,3,0,0,1,0,0,0,1,23,4,5,1,2,0,0,0,3,1,24,6,8,1,1,0,0,0,0,0,65,27,18,8,7,3,0,0,9,3,9,1,4,3,0,0,0,0,0,1,10,5,0,4,0,1,0,0,0,0,4,3,3,0,0,0,0,0,0,0,3,2,0,0,0,0,0,0,0,0,14,4,1,0,0,0,0,0,3,1,19,3,4,2,1,0,0,0,5,0,3,2,0,1,1,0,0,0,1,1,225,91,46,17,16,11,0,1,42,16,35,11,12,6,3,0,0,0,5,2
70.75,25,14,11,0,1,1,0,0,8,0,3,0,0,0,0,0,0,0,0,0,13,2,4,1,0,0,0,0,1,0,0,2,0,0,0,0,0,0,0,0,187,49,38,8,13,11,0,1,22,8,3,0,0,0,0,0,0,0,0,0,8,1,0,1,1,0,0,0,1,1,8,1,2,1,0,0,0,0,0,0,15,1,3,0,0,0,0,0,1,0,27,4,3,0,2,0,0,0,4,0,1,0,0,0,0,0,0,0,0,0,3,1,1,0,1,0,0,0,1,0,0,0,0,0,0,0,0,0,0,0,3,1,0,0,0,0,0,0,0,0,0,0,0,0,0,0,0,0,0,0,5,7,2,2,1,1,0,0,2,1,52,19,15,4,2,0,0,1,10,4,6,1,2,0,0,0,0,0,0,0,15,4,3,1,2,1,0,0,2,1,8,7,8,1,0,0,0,0,2,0,16,5,3,1,1,1,0,0,7,0,26,6,4,2,1,1,0,0,7,0,77,21,19,6,2,1,0,0,7,7,14,2,3,2,4,1,0,1,4,0,10,0,4,0,1,0,0,0,1,0,8,0,0,1,0,0,0,0,0,0,2,0,0,0,0,0,0,0,2,0,9,5,7,0,0,0,0,0,2,1,21,6,4,0,2,3,1,0,4,2,6,4,0,0,0,0,0,0,1,1,259,76,66,13,16,9,0,3,48,19,45,8,10,3,3,1,0,0,2,3
71.25,32,7,5,2,0,2,0,0,2,5,3,0,0,0,0,0,0,0,1,0,15,6,3,0,1,0,0,0,5,0,1,2,0,0,0,0,0,0,0,0,184,50,49,15,11,7,0,5,31,14,1,0,0,0,0,0,0,0,0,0,9,4,1,1,0,0,0,0,0,1,7,0,4,1,0,0,0,0,0,1,22,3,4,3,0,0,0,0,0,2,18,6,5,1,1,0,0,1,0,0,2,0,0,0,0,0,0,0,0,0,9,4,2,0,0,0,0,0,1,0,0,0,0,0,0,0,0,0,0,0,3,2,1,0,0,0,0,0,1,0,0,0,0,0,0,0,0,0,0,0,6,2,5,0,0,3,0,0,4,0,82,23,10,2,3,1,0,0,11,1,10,2,3,0,0,1,0,0,1,0,15,9,5,3,3,1,0,0,3,3,18,4,0,2,3,1,0,0,2,1,28,6,7,0,1,0,0,0,2,0,22,3,2,2,5,1,0,0,5,1,75,20,24,5,2,3,0,0,15,3,5,8,4,1,1,1,0,0,4,0,6,3,2,1,0,0,0,0,4,2,6,0,3,0,1,0,0,0,1,0,1,2,1,0,0,0,0,0,0,0,14,3,1,2,2,0,0,0,1,0,15,8,4,1,1,1,0,0,4,3,8,0,0,0,0,0,0,0,4,0,270,76,59,23,9,16,1,5,47,19,39,8,14,0,5,2,0,0,8,4
71.75,28,6,10,2,3,0,0,0,4,2,1,1,1,0,0,0,0,0,0,0,15,8,2,2,1,0,0,0,2,2,1,0,0,0,0,0,0,0,0,0,196,61,52,15,11,8,0,1,35,14,2,1,0,0,0,0,0,0,0,0,10,2,1,0,2,0,0,0,1,0,16,2,3,2,0,0,0,0,0,0,15,3,5,1,1,0,0,0,4,0,31,2,8,1,0,1,0,0,2,0,0,0,0,0,0,0,0,0,0,0,8,3,1,1,1,0,0,0,4,0,0,0,0,0,0,0,0,0,0,0,4,1,2,0,0,0,0,0,0,0,0,0,0,0,0,0,0,0,1,0,13,4,3,2,0,0,0,1,2,0,64,21,22,6,2,0,0,0,12,6,16,1,2,0,0,0,0,0,2,1,18,4,1,0,0,0,0,0,2,1,7,6,2,2,0,0,0,0,4,1,22,6,5,1,3,2,0,0,5,0,16,13,4,0,2,1,0,1,4,0,90,27,24,10,3,1,0,0,14,5,9,4,5,0,1,0,0,0,2,4,10,4,3,1,2,0,0,0,2,0,9,0,1,0,0,0,0,0,0,0,2,2,1,0,0,0,0,0,1,0,16,6,2,0,1,0,0,0,0,1,10,16,12,0,1,0,0,0,3,2,3,2,2,1,0,0,0,0,0,0,263,112,67,16,10,8,1,1,47,22,43,14,11,8,1,1,0,1,4,3
72.25,42,11,9,2,2,3,0,0,6,0,2,0,0,0,0,0,0,0,0,0,13,5,6,1,2,0,0,0,6,0,2,0,0,0,0,1,0,0,1,0,201,63,45,21,11,7,0,0,37,7,3,0,1,0,0,0,0,0,0,0,5,3,1,1,0,0,0,0,2,1,14,4,2,0,1,0,0,0,1,2,23,10,4,1,1,0,0,0,3,1,31,12,10,2,2,1,0,0,6,1,0,1,1,0,0,0,0,0,1,0,5,3,3,0,0,1,0,0,1,0,0,0,0,0,0,0,0,0,0,0,6,1,0,0,1,0,0,0,1,0,0,0,0,0,0,0,0,0,0,0,11,3,2,2,0,0,0,0,2,0,79,25,20,4,3,2,0,0,14,4,19,5,3,0,2,1,0,0,0,0,12,4,6,0,1,1,0,1,8,0,17,1,5,0,1,0,0,0,3,0,33,10,4,6,4,1,0,0,2,4,23,10,9,1,0,2,0,0,4,1,92,30,31,6,7,4,1,0,13,6,12,4,3,0,0,0,0,0,5,2,3,4,1,0,1,0,0,0,2,0,7,6,5,1,2,0,0,0,0,0,2,1,0,0,0,0,0,0,2,1,14,7,4,2,0,1,0,0,2,0,25,8,7,2,1,0,0,0,5,3,3,1,2,0,0,0,0,0,1,1,329,104,82,24,23,9,1,3,60,27,51,10,13,3,2,4,0,0,8,4
72.75,33,17,10,3,2,1,0,0,6,1,3,0,2,0,0,0,0,0,0,0,15,5,6,1,3,0,0,0,1,1,6,0,0,0,0,0,0,0,0,0,235,67,59,20,14,7,1,0,35,15,1,1,1,0,0,1,0,0,1,0,6,2,3,3,1,1,0,0,4,0,14,3,3,0,0,0,0,0,1,0,18,6,7,3,2,1,0,0,0,1,33,11,7,4,3,0,0,0,6,0,3,2,0,0,0,0,0,0,0,0,7,2,2,1,0,0,0,0,3,1,1,0,0,0,0,0,0,0,0,0,2,0,0,0,0,0,0,0,1,0,0,0,0,0,0,0,0,0,0,0,13,5,2,0,2,0,0,0,3,0,80,31,23,4,3,1,0,0,13,5,10,9,1,2,1,1,0,0,1,0,23,8,7,3,1,1,0,1,3,2,16,7,2,3,1,1,0,0,2,1,17,12,9,0,1,0,0,0,7,3,34,6,10,5,4,5,0,1,8,1,97,37,25,7,4,5,0,0,13,4,15,5,6,0,3,0,0,0,2,2,4,2,0,0,1,1,0,0,2,1,17,3,1,0,0,2,0,0,7,0,7,1,1,1,0,0,0,0,0,0,20,4,8,1,1,0,0,0,4,0,28,12,6,2,3,1,0,0,1,1,4,0,0,0,0,0,0,0,2,0,348,94,109,34,25,11,1,3,70,27,44,19,8,8,3,2,0,0,5,4
73.25,35,9,10,2,5,0,0,0,4,1,0,0,2,0,0,0,0,0,0,0,16,10,9,0,0,3,0,0,5,1,3,3,0,0,0,0,0,0,0,0,249,99,67,29,19,16,1,4,41,19,6,1,0,0,0,0,0,0,0,0,7,5,2,2,1,0,0,0,0,0,7,4,1,1,2,3,0,0,3,0,21,7,4,1,3,2,0,0,1,0,42,9,5,3,3,1,0,0,13,0,1,1,0,0,0,0,0,0,0,0,7,4,1,0,2,0,0,0,0,1,0,1,0,0,0,0,0,0,0,0,3,1,3,0,0,0,0,0,0,0,0,1,0,0,0,0,0,0,0,0,12,5,3,1,1,0,0,0,4,2,93,26,26,8,4,2,0,0,25,8,11,4,5,0,1,0,0,0,3,1,19,6,7,3,0,1,0,0,7,3,19,6,5,2,1,1,0,2,1,0,29,14,11,2,1,1,0,0,5,2,30,13,4,6,2,1,0,1,3,1,112,27,26,15,13,0,0,1,24,7,15,6,4,2,0,0,0,0,4,1,16,1,4,2,1,1,0,0,5,0,10,3,4,2,1,1,0,0,0,2,7,4,1,0,0,0,0,0,2,0,30,7,6,3,1,1,0,0,6,1,34,5,2,8,1,2,0,0,5,2,5,3,5,1,1,0,0,0,1,1,373,130,96,35,21,14,1,8,71,18,54,17,14,3,5,1,0,0,12,2
73.75,48,14,8,4,4,1,0,0,8,3,4,1,0,0,1,0,0,0,0,0,26,6,1,4,1,0,0,0,7,1,3,0,0,0,0,0,0,0,3,0,278,80,72,25,16,8,0,3,52,24,6,2,0,1,0,0,0,0,0,1,6,0,5,0,1,1,0,0,2,1,14,7,3,0,3,1,0,0,5,0,30,5,7,2,1,1,0,0,6,1,26,12,11,4,1,0,0,0,8,3,1,1,1,0,0,0,0,0,1,0,7,2,2,0,0,0,0,0,3,0,0,0,0,0,0,0,0,0,0,0,5,1,1,1,1,1,0,0,2,0,1,1,0,0,0,0,0,0,0,0,18,6,3,2,1,0,0,0,4,2,99,28,31,16,6,4,0,0,24,6,16,8,3,1,0,1,0,0,1,1,19,8,6,0,2,2,0,0,7,1,16,2,3,0,2,1,1,1,1,0,36,10,3,4,5,2,0,0,5,2,34,12,13,3,3,3,0,0,6,4,119,43,28,14,2,5,0,0,24,7,20,7,2,1,1,0,0,0,5,1,11,1,5,2,0,1,0,0,1,1,16,4,2,1,0,0,0,0,2,1,3,2,1,0,0,0,0,0,0,0,18,6,3,4,4,0,0,0,7,2,32,7,6,2,0,1,0,0,7,4,5,1,2,2,1,1,0,0,1,0,380,147,95,40,27,13,1,5,63,29,45,33,17,4,4,2,0,0,12,3
74.25,50,19,6,3,3,3,0,1,4,2,1,0,1,0,0,0,0,0,0,0,25,3,3,3,3,1,1,0,6,2,6,1,0,0,0,0,0,0,0,0,274,98,65,23,17,6,0,1,65,15,3,0,0,0,0,0,0,0,0,0,16,7,0,0,1,0,0,1,6,1,12,1,4,1,1,0,0,1,3,0,30,7,11,3,1,1,0,0,3,1,38,14,9,3,1,2,0,0,7,1,2,0,0,0,2,0,0,0,1,0,8,2,6,1,1,1,0,0,1,0,0,0,0,0,0,0,0,0,0,0,7,6,2,0,0,0,0,0,1,0,2,0,0,0,0,0,0,0,0,0,17,5,5,1,2,0,0,0,3,0,109,24,27,14,7,2,0,1,19,7,15,7,6,0,1,1,0,0,6,1,18,5,8,3,3,2,0,1,4,5,14,13,3,1,1,0,0,1,0,1,30,6,3,6,3,1,0,0,5,3,43,9,6,2,1,1,0,0,8,0,131,34,30,7,6,4,0,0,22,13,22,7,6,3,2,1,0,0,3,2,6,8,5,2,0,4,0,0,1,2,7,10,5,1,2,0,0,0,3,0,1,3,3,0,0,0,0,0,0,2,25,11,6,3,2,0,0,0,3,1,34,7,11,0,2,1,0,0,5,5,8,4,0,0,2,2,0,0,0,0,416,152,109,22,28,18,0,3,74,34,68,14,18,6,1,3,0,0,18,4
74.75,42,17,16,7,5,1,0,1,11,1,2,1,1,0,0,0,0,0,0,0,23,9,9,2,3,2,0,0,2,2,3,2,1,0,0,0,0,0,0,1,309,116,77,30,26,17,0,1,53,23,4,0,3,0,0,0,0,0,0,0,12,0,1,0,0,0,0,0,0,1,6,6,4,0,0,0,0,0,1,2,31,9,9,2,2,1,0,0,3,1,49,15,17,4,1,6,1,0,3,1,5,2,0,0,0,1,0,0,0,0,12,5,3,1,1,0,0,1,2,1,1,0,0,0,0,0,0,0,0,0,10,1,2,0,0,0,0,1,1,0,1,1,0,0,0,0,0,0,0,0,20,3,4,3,1,3,0,0,1,2,107,31,27,12,8,5,0,1,15,8,22,10,5,4,1,1,0,1,4,1,29,5,5,2,1,0,0,0,6,6,22,11,4,1,0,0,1,0,4,2,30,11,8,2,0,3,0,0,8,1,38,8,14,2,5,0,0,1,4,3,133,47,39,14,11,2,0,0,31,8,20,7,5,1,1,1,0,0,3,0,7,3,5,2,1,0,0,0,0,1,19,2,3,1,1,1,0,0,0,1,3,1,0,1,1,0,0,0,2,0,28,11,7,1,0,1,0,0,4,1,43,15,15,2,1,2,0,0,5,2,7,2,1,1,0,0,0,0,0,1,459,136,116,48,27,17,0,5,91,40,58,26,15,6,1,3,0,5,11,3
75.25,51,14,12,1,3,4,0,1,16,3,4,1,2,0,0,0,0,0,0,1,18,14,5,2,2,3,0,0,4,0,8,3,1,0,0,0,0,0,3,0,313,125,83,19,19,9,0,5,65,23,11,5,3,0,0,0,0,0,1,0,10,1,3,1,0,3,0,1,1,1,7,4,2,0,1,0,0,0,6,0,31,13,5,3,3,4,0,0,5,0,49,12,10,7,3,0,0,0,11,2,5,2,0,0,0,0,0,0,1,0,20,3,6,3,2,1,0,0,0,1,0,0,0,0,0,0,0,0,0,0,9,1,1,1,1,0,0,0,1,0,0,0,0,0,0,0,0,0,0,0,16,3,6,1,0,0,0,2,0,1,107,42,32,13,9,8,0,0,19,11,29,5,5,0,3,1,0,1,4,2,18,7,13,1,1,0,1,1,4,5,17,6,5,2,0,1,0,0,11,3,24,14,13,3,0,3,0,0,8,1,56,14,8,9,1,2,0,0,9,4,159,56,46,12,12,9,0,2,33,7,28,4,8,0,0,1,0,0,4,1,9,9,0,2,0,1,0,0,3,1,14,1,4,1,2,0,0,0,1,2,4,4,1,0,1,0,0,0,2,2,23,10,10,0,3,1,0,0,8,2,40,13,12,3,4,0,0,0,8,3,11,0,1,1,1,0,0,0,1,2,489,168,137,35,21,20,2,3,114,38,60,23,28,6,6,3,0,0,18,8
75.75,54,19,15,6,4,4,0,1,11,3,9,1,0,0,0,0,0,0,4,0,27,10,10,1,1,0,0,0,9,2,3,2,0,0,0,0,0,0,1,0,346,135,88,34,26,17,0,8,96,28,20,0,0,2,1,0,0,1,0,0,12,4,7,2,0,0,0,0,0,1,10,6,4,0,1,1,0,0,6,2,44,13,15,0,0,0,0,1,4,1,54,15,8,6,2,3,0,0,5,5,6,2,2,0,0,0,0,0,1,1,19,5,6,2,1,0,0,0,2,2,0,0,0,0,0,0,0,0,0,0,10,3,1,0,1,0,0,0,2,0,2,0,0,0,0,0,0,0,0,0,17,9,6,1,1,0,0,0,8,1,114,42,27,7,8,5,1,0,30,11,32,6,7,2,2,1,1,1,8,2,27,7,10,1,0,1,0,0,2,3,24,10,16,0,0,1,0,2,5,3,39,6,11,5,5,5,0,0,11,2,30,16,11,4,2,2,0,0,13,6,151,60,43,23,12,8,0,2,32,19,21,8,10,1,1,0,0,0,4,3,13,5,3,2,0,0,0,0,6,2,6,6,7,3,2,0,0,0,4,0,11,0,0,0,0,0,0,0,1,1,26,6,9,3,2,2,0,0,11,4,34,21,13,3,1,0,0,0,9,5,8,4,1,1,0,0,0,0,1,0,517,169,154,55,37,20,0,2,109,53,68,20,19,13,3,5,0,0,9,3
76.25,51,24,15,7,2,1,0,0,22,6,7,0,2,0,0,0,0,0,0,0,33,14,7,4,1,1,0,0,7,2,6,2,4,0,0,0,0,0,3,1,323,143,94,35,24,21,1,3,76,30,10,5,5,0,1,0,0,0,0,0,13,3,7,1,1,0,1,0,4,0,13,10,4,2,1,0,0,1,2,2,44,12,12,5,1,1,0,1,11,4,60,24,17,3,4,1,0,0,9,3,3,0,1,0,1,0,0,0,1,0,12,5,4,0,1,1,0,1,5,0,0,0,0,0,0,0,0,0,0,0,6,3,2,0,1,0,0,0,2,0,0,1,1,0,0,0,0,0,1,0,20,5,2,3,1,2,0,0,5,1,133,44,33,13,10,10,1,1,26,4,31,13,5,1,5,1,0,0,5,0,28,7,12,7,5,1,0,0,3,2,28,6,8,8,2,1,0,0,4,4,37,22,10,3,2,6,0,0,8,2,46,18,14,3,4,3,0,0,11,2,163,59,42,10,12,5,0,0,33,11,26,4,8,2,2,3,0,0,5,1,14,7,6,3,0,0,1,0,4,3,17,5,5,1,2,4,0,0,2,1,13,1,2,0,1,0,0,0,2,0,45,10,7,2,2,0,0,1,3,5,35,15,7,2,2,1,0,0,12,3,9,5,2,0,0,0,0,0,2,0,519,197,172,43,30,17,2,7,109,47,80,17,13,9,7,4,0,0,17,7
76.75,60,22,21,8,6,0,0,0,12,3,3,2,0,1,0,0,0,0,0,0,29,15,5,4,2,1,0,0,5,3,5,3,0,0,1,0,0,0,0,0,379,122,101,33,26,23,0,4,93,43,14,3,1,0,0,0,0,0,1,0,18,5,3,0,2,0,0,1,2,1,11,5,5,1,1,2,0,1,1,2,48,16,10,5,5,1,0,0,6,0,70,18,14,5,7,1,0,0,9,2,4,0,1,1,0,0,0,0,0,0,19,8,3,0,0,0,0,0,1,0,0,0,0,0,0,0,0,0,0,0,18,3,3,0,0,1,0,0,0,0,2,1,0,0,0,0,0,0,0,0,24,9,5,2,1,0,0,0,4,0,125,34,38,15,6,9,0,1,19,15,27,9,4,2,2,1,1,0,8,0,32,12,10,2,1,2,0,0,12,0,19,4,11,6,3,2,0,0,4,2,47,17,8,6,1,1,0,1,10,7,60,13,9,2,3,0,0,0,10,8,190,64,65,18,19,4,1,3,39,21,30,9,12,1,4,0,0,0,4,1,12,2,2,1,0,0,0,0,3,2,15,10,3,2,0,2,0,0,3,2,10,2,3,1,0,0,0,0,1,1,36,10,11,5,1,4,0,0,6,4,39,16,20,3,6,2,0,0,21,4,11,5,4,0,1,1,0,0,0,0,616,200,167,69,51,21,1,7,108,59,69,22,16,6,5,5,0,1,19,6
77.25,67,25,23,2,4,3,0,0,22,6,4,2,2,2,0,1,0,0,0,0,25,5,10,1,2,2,0,1,8,3,5,2,2,0,1,0,0,0,2,0,410,144,108,38,29,19,1,5,84,45,18,5,1,0,0,1,0,0,3,1,11,10,8,3,0,3,0,0,2,4,14,7,3,3,1,0,0,1,2,1,47,23,16,3,1,2,0,0,10,5,65,29,15,4,4,3,0,2,10,4,1,0,3,0,0,0,0,1,2,0,19,5,6,2,1,2,0,0,2,3,0,1,0,0,0,0,0,0,0,0,12,6,0,0,0,2,0,0,0,0,1,0,1,1,0,0,0,0,0,0,23,7,6,4,1,1,0,0,4,6,141,54,36,15,13,4,1,2,28,10,32,15,10,4,1,0,0,1,7,2,30,6,9,5,3,0,0,0,5,3,24,8,8,3,0,2,0,0,9,3,45,15,19,1,2,0,0,1,8,4,54,19,21,6,3,1,0,0,11,3,175,75,46,31,14,7,0,3,38,23,27,9,7,6,4,2,0,1,2,5,11,4,8,0,0,0,0,1,5,1,22,5,4,0,1,0,0,1,6,3,9,4,1,0,0,0,0,0,3,0,45,14,8,8,1,2,0,0,11,2,62,16,15,3,5,4,1,0,12,8,12,6,3,1,1,0,0,0,1,0,636,235,196,75,47,33,0,8,137,65,83,42,25,4,5,3,0,1,14,8
77.75,68,14,23,8,5,0,0,2,25,9,4,2,3,0,0,0,0,0,0,0,30,15,8,3,1,4,0,0,6,3,6,1,3,0,1,1,0,0,0,0,401,188,108,43,23,24,1,5,125,38,10,2,3,1,0,0,0,0,2,1,16,8,4,2,1,1,0,0,7,0,17,8,10,2,0,2,0,0,3,2,55,14,10,5,2,1,0,0,12,3,70,27,24,7,3,1,0,0,19,9,7,1,0,0,0,0,0,0,1,0,13,5,9,3,1,0,0,1,3,1,0,0,0,0,0,0,0,0,0,0,15,6,3,1,1,1,0,0,2,0,4,1,0,0,0,0,0,0,0,0,22,11,10,2,0,0,0,0,2,2,167,60,46,14,10,10,0,1,33,13,40,14,11,1,1,0,0,0,5,1,31,15,11,5,3,1,1,1,3,6,22,5,7,8,3,0,0,0,14,4,55,13,11,5,3,2,2,0,16,5,59,15,12,4,8,3,0,1,7,3,205,67,48,19,20,12,0,1,35,14,25,13,4,6,2,1,0,0,10,5,14,3,1,0,3,0,0,0,2,6,25,6,6,2,1,2,0,0,6,1,7,4,3,1,2,0,0,0,1,2,37,10,11,6,1,2,1,0,6,4,63,7,10,9,7,2,0,1,14,1,11,6,2,0,2,1,0,0,4,0,698,251,158,61,49,30,3,7,159,57,91,27,21,13,2,1,0,0,27,11
78.25,65,28,14,8,7,6,0,0,15,4,4,1,1,0,0,0,0,0,1,0,39,11,8,3,4,3,0,1,12,1,7,1,2,0,0,0,0,0,3,1,402,175,118,36,39,23,3,8,106,47,16,6,6,0,1,0,0,0,2,0,15,4,3,0,0,0,0,0,10,1,18,5,5,2,4,1,0,0,4,4,57,23,5,8,3,2,0,1,13,2,72,23,26,7,5,1,0,0,10,7,3,3,1,1,0,0,0,0,0,0,20,8,5,2,2,1,1,0,7,2,0,0,0,0,0,0,0,0,0,0,9,1,6,1,0,0,0,0,3,0,1,2,0,0,0,0,0,0,0,0,32,11,7,3,3,1,0,1,3,3,169,68,38,18,14,4,1,4,45,15,40,15,10,4,1,3,0,0,9,3,38,17,9,6,1,4,1,1,6,4,22,11,8,7,2,2,0,0,6,6,47,24,14,5,2,2,0,3,12,5,66,24,19,1,2,3,0,1,15,8,209,82,66,19,14,19,0,0,48,20,28,7,9,6,0,6,0,0,5,3,18,4,4,1,2,0,0,0,4,3,27,6,4,0,0,1,0,0,6,3,11,6,3,2,0,0,0,0,6,2,50,17,14,5,6,1,0,1,5,6,51,13,25,7,0,3,0,0,9,5,12,7,3,0,1,1,1,0,4,1,713,287,210,68,50,32,0,8,166,67,91,36,26,11,5,4,0,2,24,9
78.75,71,30,27,15,10,4,0,0,15,13,2,4,0,0,1,0,0,0,0,0,38,15,10,9,1,1,0,2,6,4,3,4,3,0,0,0,0,1,3,0,444,161,139,53,41,27,0,9,113,49,10,3,4,0,0,0,0,0,2,1,20,5,8,1,4,1,0,0,3,1,22,8,2,4,2,1,0,0,4,3,64,24,18,7,3,4,0,1,8,8,87,25,26,6,4,5,0,1,15,8,5,2,2,1,0,0,0,0,0,0,28,7,8,2,2,0,0,1,4,4,0,0,0,0,0,0,0,0,1,0,13,6,2,1,1,0,0,0,2,3,0,1,3,0,0,0,0,0,0,0,20,12,7,2,3,0,0,0,4,2,163,64,53,14,12,8,0,4,38,17,46,11,13,5,2,1,0,0,8,5,48,7,16,1,7,3,0,1,9,7,21,9,5,4,2,3,0,2,6,3,48,16,17,9,5,2,0,1,7,2,53,20,23,5,5,4,1,1,11,4,227,75,60,18,18,8,0,4,49,35,32,13,7,5,0,3,0,1,7,6,14,7,6,0,2,1,0,1,2,2,24,9,4,3,2,1,0,0,1,2,8,7,3,1,0,1,0,0,1,2,42,23,22,4,0,0,0,1,12,0,60,31,23,9,3,2,0,0,12,6,18,1,3,4,0,0,0,0,4,0,700,271,214,89,44,52,0,17,161,77,109,43,32,15,13,5,0,2,34,12
79.25,66,31,21,11,2,9,0,3,13,9,7,3,0,0,0,0,0,0,1,0,45,12,8,2,4,3,0,1,12,3,2,2,3,2,1,0,0,0,2,0,485,165,149,58,28,26,3,7,124,74,21,3,7,1,3,0,0,0,3,0,23,9,6,3,2,0,0,1,4,3,22,8,7,1,1,0,0,0,7,0,66,22,12,6,4,0,0,1,17,4,96,23,22,8,4,3,0,0,17,5,5,2,2,0,0,1,0,0,0,1,20,6,7,6,3,2,0,0,5,1,0,0,0,0,0,0,0,0,1,0,13,9,4,0,0,0,0,0,7,1,3,1,0,0,0,0,0,0,0,0,34,14,7,5,3,1,0,0,8,5,208,56,71,27,12,7,0,4,42,22,40,17,18,4,4,2,0,0,7,9,39,9,16,6,5,1,0,0,10,3,22,9,8,7,4,0,1,0,9,8,66,23,22,4,4,4,0,1,12,4,89,24,22,8,5,3,0,3,22,6,238,94,65,20,15,19,1,4,48,20,39,12,15,4,2,1,0,1,5,1,22,6,7,1,2,1,0,1,6,2,25,13,7,2,3,0,0,1,6,4,10,2,3,1,0,1,0,0,2,0,55,24,13,2,0,2,0,0,11,5,64,24,17,4,9,1,0,3,13,11,18,8,5,0,0,0,0,0,4,1,724,280,248,88,57,35,0,7,196,98,90,31,28,16,7,7,0,1,28,14
79.75,72,34,24,9,5,4,0,4,19,12,5,2,0,0,1,0,0,0,1,0,42,23,9,8,1,1,0,0,10,7,6,3,0,0,2,0,0,0,2,0,478,189,149,61,47,20,0,7,120,59,25,3,4,2,1,0,0,0,0,1,19,8,9,2,1,0,0,0,2,3,17,4,2,1,3,1,0,1,5,1,83,27,22,4,2,3,0,2,12,5,100,35,28,5,5,1,0,1,20,13,7,1,2,1,1,0,0,0,1,0,17,6,9,6,1,2,0,0,4,4,0,0,0,0,0,0,0,0,0,0,22,9,4,5,1,0,0,0,0,1,1,0,0,0,0,0,0,0,1,0,28,18,12,3,2,1,0,0,11,5,182,87,59,26,14,10,0,3,41,25,52,16,21,1,1,2,0,1,16,3,44,20,9,7,2,2,0,0,12,1,28,17,4,4,2,4,0,0,7,5,66,32,10,2,6,3,0,0,13,4,65,24,21,9,1,4,0,0,11,5,233,105,77,20,20,15,2,1,56,24,36,17,15,9,7,2,0,2,3,6,21,7,3,5,2,2,0,0,7,2,30,8,10,3,2,2,0,0,3,2,11,2,6,0,1,1,0,0,5,0,41,18,12,6,3,2,0,1,8,7,68,27,18,5,4,4,0,1,18,2,14,4,2,1,2,0,0,0,6,1,790,325,270,81,62,44,3,8,216,102,96,43,39,10,10,7,0,2,18,9
80.25,87,28,25,11,6,1,1,1,22,12,8,1,2,0,2,0,0,0,3,0,35,20,8,2,3,1,0,0,10,6,4,2,0,0,0,0,0,0,0,0,476,192,142,67,45,25,2,14,120,64,25,7,5,3,0,2,0,0,3,0,19,8,6,3,3,0,0,0,7,1,18,7,8,2,1,2,0,1,2,1,90,22,22,9,5,1,0,1,13,3,135,28,30,14,10,3,0,0,24,4,2,1,8,0,0,1,0,0,2,1,28,11,4,1,3,3,0,0,3,3,0,0,0,0,0,0,0,0,0,0,12,5,4,1,0,0,0,0,7,1,3,2,0,0,1,0,0,0,0,0,31,9,12,1,3,1,0,0,8,5,202,91,65,25,17,11,0,4,48,25,59,17,10,5,9,2,0,2,11,6,43,10,15,8,2,7,0,0,5,3,29,12,12,6,2,1,0,0,5,5,63,23,13,7,4,1,0,2,20,6,58,44,25,9,10,4,0,2,26,8,267,104,77,24,20,14,0,4,54,18,42,18,13,3,1,0,1,0,14,7,18,1,6,1,3,0,0,0,2,0,36,10,7,4,1,0,0,1,3,3,15,6,3,3,2,0,0,0,3,2,45,28,10,7,1,1,0,1,12,5,82,24,18,14,9,1,0,0,18,9,8,8,7,1,0,1,0,0,4,0,781,353,274,84,61,47,1,17,212,86,96,37,27,13,5,5,0,0,25,17
80.75,94,33,26,11,5,3,0,0,17,13,10,2,2,0,1,1,0,0,1,1,40,23,14,1,1,1,0,2,16,7,7,4,3,1,0,1,0,0,2,2,500,220,162,59,50,33,1,10,116,75,34,5,6,2,3,1,0,0,3,1,31,10,5,0,1,2,0,0,5,4,16,6,11,5,2,3,0,1,6,2,71,33,17,8,10,0,0,2,22,8,103,47,32,14,7,4,0,1,17,6,10,3,3,1,2,0,0,0,1,0,19,10,8,1,2,3,0,0,14,4,0,0,0,0,0,0,0,0,0,1,16,7,5,3,1,0,0,0,3,2,4,0,0,0,1,0,0,0,0,0,32,9,4,2,4,1,0,0,15,1,240,100,72,18,17,12,0,1,64,28,41,18,16,4,5,4,0,1,13,2,45,19,21,6,2,3,1,1,12,5,24,16,13,1,4,0,0,1,7,5,66,18,20,7,4,3,0,2,16,6,82,27,21,11,6,3,0,0,15,6,290,123,71,41,12,20,0,6,82,29,43,14,12,3,8,8,0,1,12,7,13,11,8,4,2,1,0,0,5,3,30,16,10,0,1,0,0,1,9,3,12,5,6,1,2,0,0,0,2,1,69,26,18,11,7,2,1,1,12,9,67,29,20,12,8,5,0,4,12,13,15,5,6,1,1,2,0,1,8,1,856,336,257,97,91,50,1,17,204,92,154,49,34,13,10,4,0,2,28,12
81.25,96,40,29,12,7,4,0,1,17,11,8,4,3,1,1,0,0,0,1,0,35,13,17,5,1,1,0,1,15,6,7,1,5,0,0,2,0,0,3,0,485,234,206,71,45,29,1,12,154,77,28,12,6,3,0,1,0,0,3,2,24,8,8,4,2,3,0,1,10,7,24,9,5,3,2,2,0,0,4,4,82,29,34,8,4,4,0,1,22,5,117,45,35,13,13,8,0,0,29,8,12,4,3,0,1,0,0,0,3,1,25,5,7,4,3,5,0,0,6,3,0,0,0,0,0,0,0,0,0,0,15,8,8,2,1,1,0,0,3,3,2,2,0,0,0,0,0,0,2,0,33,12,14,4,1,2,0,1,4,6,238,98,74,35,21,13,0,2,56,23,60,17,15,5,2,1,0,1,12,3,39,18,13,5,6,4,0,0,10,4,39,11,5,2,0,4,0,0,8,4,73,34,20,8,2,5,0,2,13,9,78,38,24,9,13,4,0,1,24,9,269,119,92,21,28,8,1,4,76,22,44,18,14,2,5,1,0,1,19,3,24,12,6,0,2,4,0,0,6,1,44,13,5,3,3,2,0,0,9,2,15,5,6,2,1,0,0,0,5,2,44,20,19,5,2,2,0,1,20,9,71,30,25,13,5,4,0,2,12,13,26,2,6,1,1,1,1,2,5,2,924,355,298,118,80,60,3,10,284,91,127,57,50,7,11,8,1,2,27,20
81.75,91,39,22,14,8,8,0,1,28,19,6,2,0,1,2,0,0,0,3,0,43,13,12,8,4,2,0,2,22,7,5,4,2,1,0,0,0,0,3,4,531,229,169,57,42,39,0,16,157,89,38,11,10,0,1,1,0,0,3,0,25,12,6,5,3,3,0,0,5,3,22,13,7,4,3,2,0,0,2,6,77,39,29,9,6,4,0,0,23,9,123,33,36,20,7,7,1,1,22,14,6,4,0,3,0,0,0,0,1,0,33,5,6,2,1,0,1,1,9,0,0,0,0,0,0,0,0,0,0,0,22,8,6,0,0,0,0,0,9,1,2,2,0,0,0,0,0,0,1,0,25,18,17,2,3,1,0,0,6,3,238,96,62,22,15,11,1,3,71,22,53,26,9,6,6,0,0,0,13,3,41,22,9,6,6,4,0,0,12,4,31,17,15,1,2,1,0,1,9,8,58,34,30,6,6,2,0,2,26,5,85,34,30,10,4,10,0,1,21,9,344,116,88,36,24,17,0,11,86,31,39,21,20,8,2,2,1,1,10,6,14,8,6,4,5,2,0,0,3,5,35,15,11,1,1,2,0,0,10,3,11,2,0,0,1,0,0,0,2,0,69,17,16,6,5,4,0,0,20,7,75,21,36,9,7,5,1,1,25,8,22,8,7,1,3,1,0,1,4,2,935,387,289,118,69,55,1,14,247,126,124,56,51,13,6,5,0,3,34,26
82.25,99,56,36,13,7,7,0,0,27,9,7,4,3,1,0,1,0,0,6,0,47,23,21,5,4,4,0,1,15,1,8,0,2,1,0,1,0,0,2,2,550,250,200,73,56,36,1,7,179,110,48,14,4,1,0,1,0,1,2,0,25,8,7,1,4,1,0,1,3,1,26,9,4,2,5,2,0,0,9,1,88,35,26,6,8,6,1,1,21,9,152,49,39,15,10,4,0,3,36,9,8,0,1,1,1,0,0,0,2,0,25,12,11,0,1,3,0,1,8,7,1,0,0,0,0,0,0,0,0,0,17,5,9,4,4,1,1,0,6,5,0,1,0,1,0,0,0,0,2,1,42,20,13,8,2,2,0,0,14,4,241,92,69,30,17,12,1,5,70,39,70,29,21,6,4,3,0,0,23,5,50,13,16,7,6,4,0,2,14,7,30,16,6,5,3,0,0,2,10,7,84,33,31,5,13,3,1,1,18,11,94,44,21,11,5,11,0,0,22,10,335,122,112,27,29,15,0,2,77,35,33,18,11,4,1,4,0,0,18,8,17,9,4,2,4,2,0,1,7,5,42,16,12,8,2,2,0,0,7,2,18,3,5,1,3,2,0,0,1,1,64,23,24,6,3,4,0,1,22,8,62,33,23,8,7,2,0,3,25,16,30,10,11,7,1,0,0,1,7,7,959,376,310,136,94,68,3,13,276,143,125,50,43,22,14,4,0,1,35,16
82.75,95,51,27,14,12,4,0,5,39,17,1,3,4,0,0,1,0,0,2,1,58,16,20,5,7,2,0,0,15,6,5,2,2,2,1,0,0,0,1,0,566,253,192,70,80,43,3,13,171,81,36,16,16,6,3,1,0,0,8,0,29,13,6,5,2,1,0,0,12,4,16,7,6,1,2,1,0,0,5,3,95,35,24,12,6,3,1,1,22,13,139,53,44,15,14,5,0,1,31,9,5,3,1,1,0,2,0,0,1,0,23,11,7,7,6,1,0,1,9,2,0,1,0,0,0,0,0,0,0,0,17,10,5,1,1,1,0,0,4,0,2,0,2,0,0,0,0,0,2,1,36,16,9,8,0,1,0,0,12,7,258,115,89,40,25,13,2,2,78,32,57,30,20,6,3,2,0,1,9,8,33,28,18,15,6,4,1,2,13,13,34,13,10,5,6,0,0,0,21,5,68,26,29,6,11,2,0,1,33,12,81,37,24,9,12,10,0,2,29,10,313,128,115,42,25,21,2,8,96,51,32,27,9,1,5,4,0,1,16,3,19,11,7,2,0,1,0,1,5,8,26,14,15,4,4,1,0,2,12,3,12,7,5,5,3,1,0,1,2,1,62,31,31,12,1,0,1,1,20,9,77,28,21,13,8,2,0,1,24,12,24,9,5,4,2,0,0,0,3,2,983,427,322,134,105,66,6,14,279,147,130,52,39,20,15,7,1,2,48,21
83.25,83,57,24,16,8,9,0,3,29,18,7,5,3,0,1,2,0,0,0,0,47,18,17,8,5,5,0,1,11,6,7,5,4,2,1,0,0,0,2,0,521,229,197,83,69,43,1,19,198,80,44,20,9,2,2,0,0,2,10,1,18,12,8,2,2,0,0,1,3,6,32,11,10,4,4,1,1,1,11,2,85,36,30,9,7,5,0,0,26,15,142,46,48,19,9,11,1,1,49,23,10,3,0,1,1,0,0,0,2,1,25,12,14,6,10,1,0,1,12,7,0,0,0,0,0,0,0,0,0,0,37,8,5,2,0,1,0,0,4,1,2,0,0,1,0,1,0,0,1,0,30,16,14,5,3,2,0,0,14,10,221,108,88,40,25,12,0,2,74,30,53,27,27,7,6,6,0,0,15,5,50,13,11,0,1,4,0,1,15,7,29,14,12,3,2,2,0,1,6,10,78,36,28,10,9,8,0,1,22,11,83,34,35,4,7,3,0,0,28,10,330,143,109,50,28,15,0,2,106,42,42,21,6,6,6,1,0,1,16,10,27,11,7,7,2,2,0,1,6,2,35,20,9,7,1,0,0,0,5,5,9,8,8,1,2,0,0,0,3,1,71,28,24,17,4,1,0,1,16,13,75,44,26,17,6,12,0,0,30,15,22,11,7,4,2,1,0,1,4,2,956,437,355,161,105,60,3,18,297,166,136,74,47,19,15,7,0,0,38,15
83.75,91,45,42,11,10,6,0,1,32,17,2,4,2,0,1,0,0,0,0,2,55,23,19,8,11,3,0,3,17,9,4,1,3,2,1,0,0,0,0,2,542,265,184,92,63,49,2,9,217,112,63,14,12,8,1,1,0,0,6,1,23,10,11,1,3,3,0,0,14,4,18,13,7,5,1,2,1,0,6,4,96,41,32,14,6,9,0,0,28,10,132,56,60,12,15,10,0,1,40,7,8,2,2,2,1,1,0,0,4,0,22,16,12,5,2,2,0,0,5,5,0,0,0,0,0,0,0,0,0,0,21,8,8,1,6,0,0,0,5,3,1,0,0,0,0,0,0,0,1,0,44,16,9,6,2,2,0,2,13,7,229,121,92,42,31,28,1,7,76,33,58,30,19,10,9,3,1,0,22,10,43,25,13,12,8,2,0,0,28,5,31,21,11,13,4,4,0,2,13,8,79,37,25,16,6,2,0,0,19,11,98,45,31,17,10,7,1,2,31,14,346,172,119,43,32,23,1,8,106,51,37,25,10,6,5,5,0,4,10,7,28,8,7,2,0,2,0,0,9,2,40,15,7,7,7,3,0,0,14,4,18,7,3,3,2,0,0,0,2,2,53,26,23,7,6,2,0,3,24,11,70,33,22,14,12,7,0,3,18,18,15,5,7,6,2,1,0,0,8,3,939,444,344,143,103,82,3,24,330,176,146,77,62,17,16,9,0,2,34,25
84.25,100,40,30,18,14,10,1,1,42,16,6,2,1,2,0,1,0,0,1,1,42,22,17,6,8,4,1,1,19,10,7,2,1,2,0,0,0,0,5,0,485,251,207,89,62,46,1,10,235,117,52,23,14,6,2,1,0,0,9,3,25,14,7,6,2,5,0,2,8,4,20,12,11,2,3,5,0,1,6,3,86,45,31,16,10,9,0,1,30,11,155,64,42,15,14,8,1,1,38,20,7,6,3,1,1,1,0,0,2,1,14,10,7,5,5,3,0,0,6,2,0,0,0,0,0,0,0,0,0,0,25,10,13,2,3,2,0,0,9,4,1,3,1,0,0,0,0,0,0,0,50,21,16,4,2,6,0,0,9,5,257,120,88,37,21,18,1,3,93,52,68,21,22,6,10,7,0,1,14,9,38,25,26,13,6,6,0,3,15,8,19,17,11,3,2,3,1,0,14,7,60,29,34,11,10,5,1,2,20,11,89,39,27,12,4,7,0,3,17,14,307,159,108,56,37,30,2,4,99,57,40,23,16,9,6,4,0,1,16,12,21,16,4,1,2,0,0,0,5,6,42,27,13,3,4,4,1,0,16,2,15,1,3,1,2,1,0,0,8,2,55,26,14,12,7,4,0,0,23,6,58,37,28,10,8,5,1,3,14,12,24,9,9,1,2,2,0,0,3,4,910,452,362,161,115,69,2,15,321,167,140,59,58,23,11,11,0,4,48,24
84.75,85,35,35,10,10,7,0,0,37,24,7,3,5,3,0,2,0,1,2,1,47,17,25,6,5,6,0,1,17,18,5,1,1,1,1,1,0,0,2,1,502,253,197,95,68,68,0,13,205,128,46,24,21,9,3,1,0,0,15,1,21,12,7,8,2,2,0,1,9,7,25,7,8,3,5,6,0,0,9,6,86,34,33,10,12,2,0,1,32,11,148,69,67,17,12,13,0,0,29,23,8,5,0,0,1,0,0,0,1,1,19,15,6,2,3,2,0,0,5,3,0,0,0,0,0,0,0,0,0,0,25,11,6,7,4,1,0,0,5,1,2,0,1,0,0,0,0,0,1,0,30,26,17,6,6,3,0,1,19,10,230,117,80,34,41,19,3,8,98,38,44,21,17,5,6,9,0,1,20,8,39,27,12,9,8,4,1,1,18,10,28,16,5,4,0,1,0,0,16,4,67,31,25,7,9,7,0,1,27,12,101,43,38,21,13,5,1,2,43,16,334,149,123,58,45,24,0,8,115,57,37,20,14,7,1,3,0,0,24,7,18,10,9,3,3,2,0,0,9,6,26,20,20,4,4,3,0,0,14,6,22,4,6,1,2,4,1,0,1,3,64,24,30,17,6,4,0,0,17,14,61,32,36,9,6,12,1,2,29,17,26,10,9,0,3,3,0,0,6,9,860,435,340,149,119,82,3,20,358,178,143,66,60,22,18,5,0,0,45,27
85.25,86,44,40,15,12,5,0,6,32,8,6,0,4,2,0,0,0,1,2,1,58,29,11,6,4,3,0,3,16,15,7,1,5,0,1,1,0,0,2,5,467,272,240,93,67,59,2,23,207,130,68,15,20,8,5,0,0,0,11,4,19,11,7,7,5,2,0,0,16,3,24,9,12,3,2,2,0,0,13,3,98,45,37,10,13,5,0,2,42,15,147,57,46,21,16,9,0,3,34,25,4,2,4,0,1,2,0,0,7,3,18,10,6,4,2,3,0,1,9,4,0,0,0,0,0,0,0,0,0,0,26,7,3,1,3,3,0,1,4,2,5,0,1,0,1,0,0,0,3,2,30,13,20,13,8,5,0,2,14,5,220,127,80,29,29,23,1,6,81,45,57,32,26,10,5,10,1,2,16,5,31,24,23,11,8,6,2,2,19,9,20,15,11,3,7,2,0,0,18,7,61,33,38,16,4,6,0,1,35,13,83,45,42,18,6,2,0,4,38,13,350,166,124,60,42,28,1,8,112,48,51,21,12,9,5,1,0,1,14,7,15,7,13,3,3,4,0,0,17,4,42,15,11,5,3,3,0,0,12,5,15,7,9,1,1,1,0,0,8,5,47,21,26,21,6,4,1,2,23,14,81,33,25,12,10,5,0,2,27,14,28,17,13,2,3,1,0,0,9,5,842,436,359,180,115,94,2,20,361,190,141,62,56,23,16,3,0,4,49,31
85.75,87,43,38,15,10,12,0,2,31,32,6,2,0,1,1,0,1,0,1,0,24,23,22,8,6,5,2,1,12,14,4,9,2,2,0,1,0,1,0,1,479,299,195,97,78,52,2,20,222,142,62,19,15,6,3,3,0,0,8,2,16,10,9,5,1,4,0,2,10,7,21,13,11,6,1,4,0,3,9,4,84,44,45,19,12,15,0,4,34,15,160,87,57,23,17,10,1,4,38,24,7,3,2,2,0,0,0,0,2,1,24,15,12,1,4,5,2,1,11,10,0,0,0,0,0,0,0,0,0,0,22,9,8,4,0,0,0,1,11,5,1,1,2,0,0,0,0,0,2,1,33,10,9,7,3,4,0,0,16,11,221,132,101,44,20,35,0,10,107,39,59,28,14,13,6,3,0,0,16,11,42,23,22,7,4,6,0,3,17,10,22,15,10,7,7,5,0,0,9,10,69,38,26,12,13,13,0,1,29,15,83,44,44,17,8,8,0,2,23,14,279,184,113,54,33,31,2,4,149,73,35,19,8,11,3,2,0,0,16,13,20,10,6,5,4,2,0,1,12,1,27,18,11,7,2,1,0,0,12,6,16,5,12,1,2,3,0,0,2,2,46,34,23,13,6,7,0,0,12,16,61,32,33,7,6,5,0,2,20,13,29,6,14,4,5,0,0,0,5,5,842,447,370,177,129,98,6,37,391,227,125,86,67,24,12,17,3,7,49,24
86.25,84,39,31,23,7,9,0,3,41,29,9,3,2,2,1,1,0,0,2,2,38,20,16,12,6,6,1,0,20,14,9,4,3,3,0,1,0,0,3,1,424,321,231,114,69,52,3,21,254,137,65,30,18,4,2,2,0,0,16,8,20,9,12,5,1,1,0,0,13,9,11,5,9,5,2,4,1,0,10,5,88,58,39,11,6,3,0,0,33,12,154,73,40,29,18,18,1,4,57,30,3,2,1,1,0,2,0,0,2,1,16,12,6,13,1,1,0,2,10,9,0,0,0,0,0,0,0,0,0,0,19,20,10,4,2,2,0,0,12,6,3,1,1,1,0,0,0,0,0,0,31,15,12,7,3,1,0,1,17,10,200,137,97,57,35,27,1,11,100,58,46,31,19,9,7,1,2,1,19,15,30,18,15,10,6,3,0,1,23,12,28,12,14,5,0,2,0,1,14,5,57,34,29,7,5,7,0,1,19,16,87,46,29,16,14,8,1,0,22,25,259,156,126,53,48,30,1,13,156,74,37,34,11,9,5,6,0,2,24,10,16,11,6,7,4,1,0,1,10,7,34,17,16,9,3,5,0,1,11,4,10,8,4,1,1,1,0,0,7,2,63,33,32,8,12,6,0,1,23,15,80,26,23,14,10,9,0,1,24,12,24,27,10,4,6,2,0,0,9,3,783,485,372,151,115,112,3,32,370,207,134,70,46,30,18,22,0,4,79,36
86.75,68,48,41,12,3,11,1,3,37,22,5,0,3,5,3,0,0,0,6,2,27,21,12,5,4,6,0,3,22,13,8,2,0,3,2,0,0,0,3,5,409,275,181,97,74,66,4,23,238,140,49,31,24,6,4,4,0,0,9,6,17,15,12,1,1,2,0,1,4,9,17,10,5,5,3,2,0,0,8,7,80,44,37,23,11,7,0,0,30,15,159,81,61,19,25,12,0,3,50,22,6,5,3,1,1,0,0,0,4,2,14,6,9,5,6,0,0,1,13,8,0,0,0,0,0,0,0,0,0,0,22,15,12,6,1,4,0,0,8,7,3,1,0,2,1,0,0,0,2,0,26,33,16,5,5,6,0,2,14,9,197,106,92,54,30,26,1,4,110,63,64,30,30,10,15,7,0,3,21,5,27,23,14,15,4,7,0,3,18,15,27,13,14,5,5,1,0,3,11,8,66,33,23,12,15,9,1,1,33,20,75,41,40,22,14,9,0,1,31,20,281,152,121,62,30,43,1,9,132,80,42,16,19,5,4,4,0,4,19,16,15,11,8,4,0,5,0,2,13,5,31,21,20,4,7,1,1,1,22,4,15,5,9,6,3,2,0,0,5,2,62,29,19,19,11,5,0,0,22,12,66,39,26,14,8,8,1,3,31,16,30,15,10,5,1,4,0,1,7,2,832,501,347,180,122,107,5,34,370,262,116,49,58,28,20,14,0,1,51,32
87.25,74,66,33,17,17,8,0,7,42,17,7,3,3,2,1,3,0,0,1,3,35,24,19,13,7,3,0,4,19,12,9,4,1,3,0,0,0,1,5,1,416,304,198,108,72,65,2,17,251,147,58,30,22,7,6,0,0,0,19,7,28,6,10,8,0,3,0,0,6,4,18,11,13,4,2,3,1,1,5,5,75,43,38,15,14,7,1,2,47,20,126,78,75,29,21,19,0,2,51,32,13,6,4,2,0,1,0,0,1,3,16,14,7,4,3,8,0,1,13,9,1,0,0,0,0,0,0,0,0,0,15,16,7,8,2,2,0,1,14,6,2,1,0,0,0,1,0,0,2,0,28,14,7,13,4,3,0,1,14,9,191,130,92,42,33,28,0,9,110,83,57,35,19,9,8,8,0,1,29,15,26,20,9,9,5,6,0,2,20,14,19,18,9,4,3,6,0,1,15,12,61,26,33,14,12,6,1,4,32,17,63,36,33,16,6,6,1,3,23,20,257,171,129,57,42,35,1,7,146,80,28,16,20,11,3,2,0,3,20,7,13,6,8,1,3,0,0,1,7,8,29,20,14,4,8,3,0,0,18,7,5,6,5,6,3,1,1,0,0,2,43,25,33,12,8,4,0,3,25,20,59,39,36,14,11,12,0,0,33,17,20,15,7,4,2,5,0,1,12,2,707,463,371,195,152,97,7,36,380,241,123,68,42,23,24,14,3,5,68,39
87.75,90,46,33,17,13,9,0,5,44,20,1,0,4,1,1,0,0,0,5,5,31,21,13,11,3,7,0,2,21,13,4,3,5,2,0,2,0,0,0,1,356,256,182,122,100,50,4,22,235,139,52,19,23,8,9,2,1,0,25,9,23,11,13,7,2,3,0,3,10,14,19,10,9,6,3,1,0,1,7,5,85,45,25,19,19,6,0,1,40,22,121,83,63,28,21,17,1,3,65,24,8,7,2,2,2,0,0,0,2,3,13,8,8,2,3,5,1,1,10,6,0,0,1,0,0,0,0,0,0,0,28,9,4,2,5,0,0,0,6,4,1,1,0,0,0,0,0,0,1,2,27,10,15,6,3,4,0,1,14,10,194,125,91,56,32,22,1,4,114,76,46,20,30,13,6,5,0,4,31,20,24,14,11,6,7,7,1,2,21,18,21,12,8,5,5,5,0,1,8,8,58,39,33,19,14,8,0,5,33,16,88,43,31,26,16,4,0,3,39,24,248,180,133,63,48,33,2,13,145,92,27,22,11,5,9,4,0,3,15,19,14,11,5,6,3,2,0,2,4,6,33,16,15,10,5,4,1,1,18,11,17,5,9,4,2,3,1,0,4,4,44,35,21,15,8,8,0,3,20,13,47,45,37,17,9,10,0,2,31,25,19,14,5,4,3,4,1,0,11,7,673,425,369,169,136,100,15,35,411,282,117,65,51,25,17,18,1,6,60,39
88.25,51,49,24,18,14,8,0,1,53,34,6,5,2,0,0,1,0,0,2,1,28,15,16,7,6,3,2,0,16,22,6,2,3,4,0,0,0,1,0,5,320,221,200,115,75,67,6,16,260,167,51,32,25,8,6,2,0,1,27,3,18,12,10,8,3,2,0,0,7,10,15,11,6,6,5,4,0,2,11,2,71,44,27,11,11,11,1,3,27,20,123,65,56,31,22,11,1,8,62,37,10,6,4,0,0,0,0,1,3,0,10,13,10,3,1,3,0,3,8,7,0,0,0,0,0,0,0,0,0,0,14,7,11,3,5,3,0,0,5,6,0,0,1,0,0,0,0,0,0,0,19,19,12,6,6,1,0,0,18,10,147,129,95,33,29,29,1,9,112,55,49,36,18,9,9,4,1,1,30,13,17,23,23,7,5,4,1,1,14,18,15,12,8,8,5,3,0,2,13,7,44,37,23,18,12,14,0,2,26,18,70,46,46,16,13,15,0,2,37,21,252,162,102,67,40,33,1,12,137,93,28,18,11,7,1,7,0,2,25,10,17,6,7,2,3,1,0,0,10,10,20,11,17,8,1,4,1,2,21,15,11,6,7,5,1,2,0,2,7,4,38,28,21,9,9,4,0,2,27,17,37,36,23,21,14,11,0,4,26,16,6,7,3,5,2,1,0,1,12,9,618,449,346,231,134,128,7,42,430,285,93,62,48,29,25,24,1,6,52,44
88.75,56,42,36,24,13,7,1,3,40,34,2,1,4,0,2,0,0,1,1,2,28,25,18,8,2,5,0,2,20,12,2,1,3,2,1,0,1,0,5,2,271,224,171,102,81,47,3,27,255,198,51,26,23,11,9,5,0,0,22,7,13,14,9,7,5,1,0,3,7,13,10,13,11,6,3,0,0,1,11,5,61,43,43,20,16,16,1,4,39,25,103,75,54,28,16,13,1,5,75,34,8,5,4,1,3,0,0,0,3,1,20,12,6,2,3,0,0,1,10,13,1,0,0,0,0,0,0,0,0,0,16,10,6,8,2,2,0,1,9,5,1,1,3,1,0,0,0,0,0,0,22,11,8,5,8,6,0,3,15,11,172,102,96,37,33,29,3,9,128,73,41,33,17,7,9,8,0,0,31,14,14,25,10,7,10,3,0,2,23,11,14,9,9,4,3,2,0,1,8,15,37,29,29,6,13,13,0,8,20,25,48,40,40,24,10,10,1,6,43,24,168,174,109,55,40,39,2,13,166,114,31,23,17,3,3,5,0,5,23,11,17,14,4,3,2,2,0,3,7,3,26,18,13,10,7,4,0,1,10,18,12,8,6,2,0,2,0,1,3,6,39,30,29,8,17,8,0,1,20,22,51,35,33,17,10,4,1,5,34,13,17,11,12,5,5,6,0,1,8,3,581,452,325,181,141,125,5,42,443,288,79,62,53,29,24,18,0,6,55,47
89.25,57,47,39,15,17,12,0,4,39,38,4,3,4,0,1,0,0,0,4,7,24,22,16,13,6,6,0,3,23,10,3,5,3,1,1,1,0,0,2,0,262,224,171,121,73,76,6,24,234,214,48,30,23,14,7,3,0,1,26,12,14,15,10,6,5,3,1,2,6,5,13,8,11,7,3,3,1,0,15,5,56,57,35,25,18,15,1,5,29,18,92,73,61,30,24,22,0,11,54,34,2,3,4,1,2,1,0,1,2,3,7,7,4,1,0,5,0,0,10,6,0,0,1,0,0,0,0,0,0,0,14,16,11,3,2,3,0,1,11,5,1,0,0,0,0,0,0,0,1,0,17,11,24,8,7,4,2,2,16,9,135,122,81,55,39,31,1,11,119,74,32,23,21,10,17,6,1,4,28,11,14,10,13,5,6,11,0,0,17,17,16,18,6,2,4,6,1,3,7,12,43,26,30,22,12,10,0,1,32,22,51,45,45,12,17,14,1,1,53,31,176,134,122,41,42,42,1,8,164,96,23,15,15,9,7,4,0,1,20,9,13,9,9,5,3,4,0,1,3,6,26,17,13,8,6,7,0,1,18,9,7,9,6,4,0,1,0,0,5,3,29,26,19,12,6,7,0,2,26,19,34,31,31,15,16,15,0,4,38,17,15,10,9,2,3,6,0,0,14,6,505,424,349,195,142,128,6,36,443,276,60,72,51,32,26,12,1,5,74,41
89.75,57,32,27,20,12,17,0,4,57,29,3,1,4,2,1,2,0,0,5,1,35,17,17,13,2,9,0,2,28,11,6,0,1,1,0,0,0,0,2,3,242,233,171,92,87,75,4,30,220,187,59,30,16,17,8,8,0,2,27,14,21,9,6,2,3,0,0,1,12,7,17,16,6,5,3,0,0,0,11,12,57,41,27,16,13,13,0,2,46,23,125,73,72,41,17,19,2,9,58,35,7,3,3,1,0,1,0,0,8,5,11,14,13,1,4,3,0,0,11,6,1,0,0,0,0,0,0,0,0,0,12,13,7,7,3,3,0,1,8,8,0,2,1,0,1,0,0,0,1,1,13,13,9,2,5,7,0,2,10,8,124,88,75,47,28,35,3,8,116,88,33,18,12,8,5,12,1,2,16,16,25,24,15,9,6,5,1,5,10,13,11,10,9,4,3,3,1,4,9,6,46,21,16,17,19,8,1,1,33,20,58,42,35,22,10,9,1,6,36,44,190,128,105,79,45,43,2,13,151,109,19,22,12,5,3,5,0,1,8,14,12,9,10,4,5,2,0,3,14,6,31,10,16,3,6,5,1,1,12,6,11,4,1,3,2,2,0,2,5,5,32,26,14,9,5,8,1,3,30,18,49,31,24,14,19,12,0,5,33,25,14,11,14,2,4,1,0,1,12,1,549,402,281,207,118,135,6,38,441,274,93,56,52,30,12,21,1,1,58,45
90.25,45,38,35,14,19,12,2,7,48,33,5,0,0,0,0,2,0,1,4,2,26,25,8,6,8,3,1,4,21,13,6,2,5,3,0,0,0,0,3,2,262,231,157,93,79,85,2,30,253,193,53,33,13,12,9,10,0,3,17,10,13,8,5,5,4,2,2,0,7,7,13,15,11,4,1,2,0,0,11,8,55,35,30,15,13,13,1,3,44,24,102,69,51,32,28,17,1,2,72,54,4,1,3,1,0,0,0,1,3,3,5,7,8,5,2,0,0,1,8,7,0,0,0,0,0,0,0,0,1,0,10,6,9,1,4,3,0,0,15,5,1,1,1,0,0,2,0,0,0,1,13,10,6,8,4,8,2,0,13,11,135,99,83,52,43,28,3,7,108,102,46,30,28,16,9,9,0,1,33,33,16,13,13,6,6,2,0,0,15,15,17,17,9,7,6,2,0,3,15,7,30,36,22,11,10,13,2,5,29,15,45,44,29,29,13,12,1,5,46,33,175,150,108,68,38,42,3,16,150,122,33,23,19,7,7,7,0,3,18,13,15,5,7,3,0,8,0,0,7,8,20,14,22,6,4,4,0,1,15,9,9,3,4,2,4,2,0,1,4,5,40,24,21,13,6,8,1,3,21,17,44,27,27,13,13,15,0,5,35,23,20,7,14,6,3,0,0,1,17,11,519,417,309,203,118,142,6,57,410,327,77,72,50,28,16,19,0,7,61,46
90.75,55,34,28,18,15,22,0,7,52,36,5,2,2,4,1,0,0,1,4,3,28,20,15,12,12,4,0,1,16,16,3,0,4,3,0,2,0,0,5,2,226,209,144,98,74,86,11,39,239,195,53,41,22,12,5,5,0,1,21,17,12,5,10,3,1,3,0,0,11,5,4,4,4,5,4,2,0,1,12,10,62,42,34,16,9,15,0,6,33,21,98,70,46,24,17,18,0,5,70,41,12,3,2,2,1,1,0,0,6,2,20,2,7,5,3,2,0,1,13,10,0,0,0,1,0,0,0,0,0,0,17,5,7,3,4,5,1,1,8,7,1,3,0,2,0,0,0,0,0,2,18,12,18,6,9,2,1,3,13,7,138,100,60,38,37,19,3,12,85,85,32,24,17,8,12,7,0,2,25,19,18,11,13,5,6,5,0,3,25,19,17,14,11,7,4,4,0,1,11,8,35,29,32,14,18,7,0,1,27,26,61,35,29,17,18,13,0,6,52,31,159,141,119,66,51,48,1,15,133,128,14,16,15,12,9,4,1,3,22,16,11,10,3,4,2,2,0,0,7,6,28,20,21,7,6,5,0,2,15,11,11,10,5,6,2,4,0,5,7,2,34,14,23,12,6,10,0,1,33,23,47,19,21,15,11,11,1,6,36,18,14,10,9,8,2,4,1,1,8,8,495,387,302,185,153,126,7,57,450,325,85,46,44,35,23,19,0,11,50,38
91.25,51,41,24,14,13,12,1,6,50,42,5,2,3,1,0,2,0,0,1,2,26,16,21,5,4,6,0,4,14,17,5,7,1,1,0,0,0,1,1,2,247,208,142,115,89,76,2,21,215,224,48,25,24,5,11,5,0,1,26,15,15,6,8,8,2,3,0,1,11,5,13,5,8,7,1,3,0,1,13,9,53,30,24,19,9,8,0,7,38,33,103,74,52,42,15,23,0,12,73,49,6,4,2,0,5,1,0,0,3,6,11,8,10,2,2,3,0,1,7,12,0,1,0,0,0,0,0,0,0,0,11,4,14,3,2,1,0,1,5,6,4,0,0,0,0,0,0,0,1,0,28,15,6,10,8,4,0,2,17,11,128,82,81,59,37,32,4,12,92,101,40,25,18,13,6,9,1,3,24,17,17,10,18,11,7,5,0,4,16,17,15,9,10,7,3,5,0,1,17,20,40,21,27,13,11,13,1,5,37,30,57,30,31,16,8,15,0,7,36,28,189,128,76,61,46,41,4,14,145,100,20,17,9,7,5,3,1,2,11,15,16,9,11,3,2,3,0,1,9,9,34,15,5,11,13,3,0,0,17,14,6,2,2,4,2,1,1,0,6,4,41,22,20,6,9,9,0,2,23,29,43,28,16,12,10,3,0,2,32,26,13,10,6,8,5,4,0,1,6,7,498,383,284,205,162,110,14,47,464,324,70,48,35,30,21,23,2,10,65,63
91.75,58,36,26,14,19,16,1,4,42,43,1,4,2,3,0,0,0,1,4,4,27,18,12,15,7,4,0,1,14,25,3,5,4,2,0,0,0,0,1,3,238,192,155,107,72,77,5,33,224,218,61,25,23,13,7,4,2,2,29,22,17,11,14,4,4,3,0,3,8,5,12,4,10,4,3,1,0,3,9,16,60,39,33,13,8,9,0,6,39,24,118,76,55,30,16,18,1,5,83,49,9,5,5,0,0,2,0,0,2,3,14,8,7,4,1,4,0,1,7,13,0,0,0,0,0,0,0,0,0,0,10,10,6,5,3,1,1,0,5,8,2,0,2,1,0,0,0,0,0,0,17,12,9,5,2,5,0,1,12,15,147,89,69,44,26,32,2,11,110,106,36,23,25,9,9,9,0,5,14,18,19,11,11,8,4,4,0,4,25,25,13,8,7,5,5,7,0,1,15,17,46,19,24,18,14,16,0,1,32,26,64,38,26,18,26,10,1,8,49,40,200,100,93,63,41,34,5,18,119,125,33,17,12,20,4,4,1,1,21,15,12,11,6,3,5,2,0,3,18,11,36,13,16,6,8,3,2,4,14,9,3,14,6,3,4,2,0,0,4,5,36,28,11,6,12,4,0,2,23,19,44,36,20,24,14,6,1,5,35,36,16,5,9,7,1,1,1,1,7,11,508,388,264,178,117,130,8,47,418,367,65,56,59,23,23,18,1,3,46,45
92.25,37,42,28,22,8,14,0,3,32,29,2,2,5,3,2,1,0,1,0,4,40,14,15,7,6,6,1,0,20,12,2,2,2,1,1,0,0,0,4,2,253,187,141,99,59,99,3,33,226,214,63,24,18,12,4,3,0,4,20,10,17,10,6,4,7,4,0,1,9,6,9,6,7,4,3,3,0,2,8,10,64,39,34,21,13,7,1,5,30,28,108,57,49,22,22,15,1,7,72,44,3,5,4,1,1,1,0,0,1,1,12,7,3,3,4,3,1,5,8,9,0,0,0,0,0,0,0,0,0,0,15,9,7,3,3,2,0,1,20,6,2,2,0,1,0,0,0,0,1,3,20,11,14,8,5,4,0,1,15,15,141,78,84,42,34,26,3,13,89,92,39,22,21,10,6,10,0,4,22,23,17,13,12,5,6,4,0,4,12,16,6,14,12,7,2,2,0,3,17,17,35,30,18,8,17,14,0,5,28,33,53,43,25,18,11,9,1,6,42,32,177,137,94,64,44,37,1,21,152,113,20,10,7,11,4,7,1,3,24,19,19,7,8,3,1,1,0,3,15,6,25,18,11,10,6,7,0,1,14,11,15,8,4,0,3,1,1,1,11,5,31,25,8,8,9,6,0,4,23,33,31,30,16,11,5,23,1,3,35,25,11,11,5,6,2,3,0,0,11,9,461,359,275,184,144,147,13,55,416,399,75,49,49,35,20,22,2,19,72,43
92.75,52,33,22,13,10,11,0,3,43,36,3,1,4,3,0,1,0,0,1,3,28,18,14,11,7,6,3,3,19,9,3,4,3,4,1,0,0,0,1,4,226,183,122,100,56,80,11,38,200,206,59,28,30,13,7,11,1,4,30,17,16,6,8,2,7,6,0,3,7,12,7,6,6,5,9,1,0,0,12,10,52,31,33,16,13,15,0,2,50,21,109,68,42,27,22,19,1,9,60,53,2,5,2,4,2,0,1,0,5,1,16,8,10,7,6,1,0,0,8,6,0,0,0,0,0,0,0,0,0,0,11,6,7,6,5,3,0,0,6,7,1,1,0,0,0,0,0,0,2,0,19,13,7,7,3,5,2,2,9,14,142,82,64,41,38,38,2,16,93,91,28,31,14,10,5,9,0,3,26,28,24,7,10,8,3,6,1,2,20,18,8,7,8,3,10,6,2,2,8,16,34,28,24,12,12,12,0,8,38,25,54,28,29,21,15,19,2,7,45,20,169,108,83,74,37,33,4,18,132,118,22,16,15,8,3,7,0,2,29,19,7,10,6,4,3,4,0,1,5,7,25,19,11,6,5,13,1,1,14,10,7,4,8,4,0,2,0,0,5,2,29,28,15,13,6,10,1,5,30,24,47,27,15,7,9,10,1,5,30,30,21,11,8,7,1,3,1,0,13,8,491,358,284,184,122,118,17,46,442,403,84,34,48,24,13,13,0,10,60,62
93.25,40,29,31,17,11,9,0,5,19,36,4,6,0,3,0,0,0,0,1,2,30,13,10,9,2,10,0,0,22,17,7,2,1,1,3,0,0,1,4,5,226,175,112,101,70,81,4,38,203,225,55,24,12,9,10,8,0,1,31,16,15,11,6,5,1,5,0,1,9,4,9,7,1,1,6,5,0,0,7,7,63,31,23,21,12,16,0,3,50,38,125,58,52,29,25,18,0,11,69,60,6,3,3,0,1,1,0,0,5,2,13,7,6,1,3,6,0,3,6,5,0,0,0,0,1,0,0,0,0,0,20,11,8,4,2,2,0,0,6,10,2,1,0,0,0,0,0,0,1,1,22,19,12,8,4,7,0,3,16,8,120,100,82,56,33,28,3,5,80,91,28,20,20,14,8,7,3,1,26,13,25,13,2,12,1,5,0,1,20,24,16,14,5,3,3,4,1,1,6,21,33,20,18,10,6,14,1,7,26,32,51,33,24,15,10,8,0,3,32,37,158,124,77,68,44,35,4,20,136,105,24,11,9,12,8,6,0,5,20,19,11,7,2,2,4,1,0,3,5,10,13,14,6,12,4,5,0,6,15,19,12,3,3,1,1,3,0,0,5,5,31,20,11,9,8,8,0,4,34,20,43,24,17,12,6,7,0,9,34,28,13,6,11,5,6,4,0,2,10,10,455,335,236,172,142,119,14,48,386,394,95,45,28,28,22,23,3,9,61,40
93.75,47,40,19,19,12,12,0,9,35,39,1,2,2,2,2,0,0,0,1,2,28,13,15,9,5,2,1,3,19,29,0,1,3,0,0,0,0,1,3,2,213,159,116,93,61,70,7,38,231,216,54,19,23,11,7,7,0,0,30,12,12,11,5,5,6,1,0,1,11,8,8,5,3,2,3,3,0,2,9,10,53,37,28,17,9,13,0,9,39,30,96,57,49,27,17,26,2,6,53,64,3,2,3,2,1,1,0,0,5,3,4,10,6,3,7,4,0,0,12,7,0,0,0,0,0,0,0,0,0,0,19,9,5,5,4,2,0,2,15,8,1,0,1,0,0,0,0,0,0,0,16,11,7,7,6,5,0,4,13,16,119,76,69,46,46,34,1,21,91,92,37,22,17,8,9,8,1,6,33,21,23,11,7,11,3,1,1,6,13,22,14,8,9,3,2,6,1,2,15,9,37,24,12,15,13,12,2,6,27,37,48,30,31,11,12,6,3,5,32,34,168,121,91,59,38,44,2,16,133,117,26,12,13,7,5,7,0,2,10,21,17,8,12,5,2,4,0,1,12,7,20,21,10,13,3,8,1,2,16,15,4,8,4,1,2,2,0,1,7,3,44,23,12,12,14,12,0,5,29,17,35,32,25,14,17,12,0,6,21,30,16,6,9,9,3,7,0,2,6,17,495,298,263,184,121,143,15,83,381,429,71,64,43,20,19,16,1,6,61,67
94.25,45,35,24,14,9,15,0,6,37,39,3,1,4,2,1,0,0,1,1,3,24,20,17,11,3,7,0,2,16,27,5,1,1,1,1,0,0,0,5,2,193,162,100,86,49,59,11,35,213,215,53,31,28,14,8,5,0,1,29,19,18,14,4,3,3,3,1,3,8,6,10,3,4,5,5,8,1,1,7,7,58,40,28,19,15,9,1,7,36,39,111,67,42,27,18,18,1,16,69,60,5,2,1,3,0,2,0,0,5,2,7,12,5,3,0,9,0,1,8,10,0,0,0,0,0,0,0,0,0,0,15,16,3,6,0,4,0,2,8,12,0,1,0,1,1,0,0,0,0,0,13,12,6,8,5,8,0,2,19,15,111,89,53,40,24,49,6,18,94,97,39,29,20,13,10,8,0,5,26,22,12,16,10,6,7,3,1,2,4,16,15,11,8,1,3,4,1,1,11,9,35,26,18,12,6,14,2,3,27,28,47,26,17,31,12,18,2,10,37,40,149,103,85,64,41,47,8,13,134,120,21,18,7,8,5,3,0,2,8,17,10,6,6,4,3,3,0,1,7,7,25,19,14,2,6,4,0,1,26,14,12,5,4,4,0,2,0,0,8,6,28,20,16,15,10,6,0,5,33,23,39,37,28,13,13,12,1,1,28,36,14,8,5,6,4,1,0,0,11,8,448,307,219,167,121,138,11,66,347,408,71,49,29,27,17,22,0,15,43,52
94.75,42,30,21,23,14,14,1,8,47,51,1,1,0,2,0,1,0,0,2,1,36,19,10,15,5,3,0,2,17,15,2,3,1,1,1,3,0,0,5,4,226,157,107,97,67,78,5,37,217,244,58,35,32,9,9,7,0,2,20,28,17,12,8,10,5,5,0,2,6,12,6,6,4,5,2,3,0,0,7,10,63,45,29,14,15,9,1,3,33,32,126,57,50,34,17,27,0,12,63,44,6,2,1,3,2,0,1,0,2,1,12,8,0,6,0,1,0,2,14,11,1,0,0,0,0,0,0,0,0,0,13,7,5,8,4,3,0,2,13,6,2,2,3,0,0,0,0,0,0,1,21,20,6,6,6,2,0,0,14,12,127,79,48,47,30,25,3,15,93,103,32,24,28,16,9,14,0,6,28,30,14,9,8,11,8,10,0,2,7,18,13,7,9,8,4,1,1,1,19,17,36,19,23,13,7,22,1,11,26,32,50,30,21,13,12,14,1,8,39,44,147,101,68,45,40,38,6,21,125,122,22,18,23,3,5,3,0,2,18,9,13,4,7,5,2,3,0,1,8,2,26,12,13,4,6,5,0,3,14,9,14,5,5,5,2,1,0,1,8,6,43,16,13,4,7,11,0,4,23,24,38,27,13,10,7,8,1,3,33,30,10,6,6,0,6,1,0,2,8,7,433,336,222,169,111,101,14,53,370,418,66,50,44,26,16,16,2,4,42,53
95.25,46,27,27,12,12,10,2,4,31,47,2,1,1,2,0,0,0,1,1,2,31,24,24,9,7,2,0,7,19,26,3,2,1,1,1,0,1,0,2,1,205,170,130,80,56,69,10,31,190,227,64,23,32,13,5,12,0,1,25,22,12,11,4,5,2,5,0,2,17,11,9,11,6,5,3,6,1,4,10,12,58,34,21,21,10,17,1,10,38,42,114,59,47,27,24,21,3,13,80,62,5,5,1,1,1,2,0,0,4,5,9,6,3,5,1,6,1,1,9,10,0,1,0,0,0,0,0,0,0,0,10,12,10,3,3,0,2,1,9,6,1,0,2,1,2,0,0,0,0,2,16,8,16,3,2,9,2,3,22,18,99,102,57,31,29,34,4,11,102,107,44,19,13,13,13,12,1,3,31,21,18,17,10,9,4,8,0,1,19,20,13,9,7,5,2,4,0,1,8,12,37,23,13,13,12,14,0,4,27,32,48,34,25,15,13,16,0,5,32,41,144,115,97,54,26,49,7,25,139,151,15,20,15,6,6,6,1,4,15,25,11,8,5,4,2,3,0,2,4,12,19,11,10,5,7,4,0,4,13,20,8,3,2,2,3,3,0,2,6,3,22,20,15,8,4,4,0,4,23,26,33,25,20,15,8,10,0,7,31,35,15,8,2,3,3,2,0,1,6,5,413,300,228,156,113,112,9,63,374,418,78,54,28,35,16,16,0,9,62,52
95.75,52,30,22,20,16,13,0,7,24,28,1,3,1,1,0,1,0,0,2,3,20,20,18,7,10,7,1,4,17,22,6,3,5,2,4,0,0,0,4,2,204,166,105,83,42,59,6,49,203,221,81,32,24,14,11,3,1,1,26,17,14,10,6,4,4,2,0,0,8,9,8,3,4,3,2,3,0,0,8,17,52,32,23,14,13,15,2,9,45,46,106,71,57,39,17,18,2,10,73,52,5,5,2,1,2,3,0,0,0,3,13,11,3,2,1,1,1,3,7,3,0,0,0,0,0,0,0,0,0,1,12,7,7,3,5,9,1,2,8,9,1,0,0,0,0,0,0,1,0,1,15,15,9,4,2,1,3,3,10,15,113,73,81,29,20,32,6,22,81,125,27,22,11,9,8,8,0,7,17,29,12,8,15,9,2,7,0,2,19,13,10,10,6,7,6,2,0,1,14,15,38,27,27,16,7,9,0,5,39,34,55,32,21,19,14,11,0,4,24,44,159,96,73,66,35,42,3,22,113,148,15,13,13,7,4,7,1,2,17,25,10,11,6,2,0,3,1,1,12,3,26,16,8,4,1,3,0,1,17,18,5,5,3,1,1,2,0,1,7,9,36,23,15,15,11,10,1,2,22,32,26,29,16,10,15,8,1,2,33,32,19,8,4,5,0,6,1,2,11,11,408,279,239,170,104,101,8,76,337,401,80,35,34,19,20,17,2,14,44,71
96.25,39,27,25,15,13,13,1,8,34,47,3,1,0,2,0,2,1,1,0,1,20,21,15,12,5,7,2,3,14,17,0,3,0,0,3,2,0,0,3,5,183,130,114,74,60,62,7,34,194,253,64,28,25,11,7,7,1,3,27,19,14,7,6,1,1,9,1,3,14,12,7,6,5,3,1,2,1,1,4,15,56,34,27,18,12,12,0,5,45,55,113,55,47,33,13,14,2,16,64,63,8,3,3,0,1,3,0,2,5,1,11,5,7,3,3,0,0,2,11,12,1,0,0,0,0,0,0,0,0,0,17,8,8,3,1,7,0,1,9,11,1,1,0,0,0,0,0,0,2,0,12,6,11,6,7,8,0,4,14,14,115,77,47,35,28,30,3,15,87,107,25,20,16,20,7,10,1,4,24,24,20,14,5,8,3,2,0,3,11,20,8,9,8,3,5,7,1,1,11,20,32,24,26,12,10,8,0,7,20,37,52,32,34,18,14,11,1,9,31,34,142,93,61,60,32,39,4,12,114,127,15,10,5,6,7,2,0,0,17,24,13,5,4,4,3,0,0,1,14,10,22,19,6,8,3,3,1,3,23,15,11,9,8,4,0,2,0,2,9,3,26,25,23,6,2,8,0,4,17,29,35,25,13,21,10,15,2,6,23,32,15,11,7,5,4,2,0,2,10,8,405,292,222,161,108,112,16,74,333,410,68,48,38,26,18,22,2,10,54,63
96.75,37,29,24,18,9,11,0,3,39,31,3,1,1,4,0,0,0,0,2,5,18,14,9,7,5,7,0,2,22,22,1,1,0,2,1,4,0,0,5,3,190,146,93,75,52,52,5,54,173,242,73,30,24,14,11,9,0,4,36,25,15,13,7,5,1,1,0,1,15,12,5,2,2,4,1,3,0,1,9,9,63,35,23,17,10,14,0,5,33,40,95,65,59,27,27,20,0,8,73,70,4,7,2,1,0,1,0,0,2,4,6,7,7,6,1,0,0,2,12,10,1,1,0,0,0,1,0,0,0,0,20,8,5,7,3,4,0,3,11,8,0,0,0,0,0,0,0,0,2,1,21,6,6,2,6,5,1,3,16,19,122,64,52,54,27,24,2,21,113,110,34,20,19,11,7,7,2,7,21,24,15,7,6,7,5,3,1,6,17,17,12,3,4,10,2,7,0,1,15,12,45,31,21,18,11,4,0,8,33,26,59,28,19,22,9,15,0,4,36,44,137,110,88,56,47,40,4,26,110,129,21,9,7,8,4,4,0,1,22,23,7,7,7,7,5,0,1,1,3,9,35,17,11,10,1,6,0,2,9,15,7,6,3,1,4,0,0,0,3,11,27,20,22,11,10,8,0,4,22,27,33,26,15,11,5,15,0,8,28,31,18,11,10,3,6,2,0,3,11,12,375,278,179,164,109,124,14,82,330,415,66,49,38,20,24,19,1,11,57,59
97.25,47,30,26,12,10,11,1,5,37,52,1,1,3,0,0,0,0,0,2,2,22,14,7,15,4,3,0,2,23,23,5,1,0,1,0,1,0,1,2,2,161,144,105,82,46,73,6,52,176,219,61,49,25,14,11,7,1,5,23,32,10,7,5,6,5,3,0,3,11,8,6,5,5,1,3,3,0,3,5,10,45,38,28,23,9,14,2,6,34,44,99,52,60,28,31,17,4,11,63,55,7,1,0,4,1,0,0,1,7,4,7,4,7,1,1,0,0,3,12,12,0,0,0,0,0,0,0,0,0,0,10,8,3,1,1,5,0,4,7,12,2,1,0,0,1,0,0,0,1,0,15,12,6,8,3,1,0,3,11,15,104,71,63,38,29,27,2,18,91,105,32,19,17,8,5,9,1,5,26,25,12,13,2,7,6,4,2,6,14,21,11,6,2,5,2,5,0,1,10,13,37,12,19,13,8,10,2,5,31,26,50,25,30,7,8,8,0,5,31,46,132,99,64,51,32,40,4,32,119,166,13,8,11,4,6,3,0,2,8,20,13,7,7,4,2,2,1,3,4,13,25,17,11,11,2,5,2,3,26,15,7,6,4,3,2,1,0,4,4,9,30,20,11,13,9,11,0,5,28,33,26,23,14,19,9,13,1,7,29,42,15,7,5,5,3,3,1,2,12,9,384,291,196,155,101,137,10,72,299,371,55,39,41,28,14,20,0,15,48,60
97.75,40,27,25,7,18,12,1,7,36,45,3,0,1,1,0,1,0,0,3,2,16,19,13,10,6,8,2,5,13,21,4,3,2,0,1,2,0,1,3,3,158,125,103,72,44,60,5,31,187,249,79,34,28,19,9,5,0,2,36,25,8,6,7,6,4,4,0,1,10,12,7,6,8,1,2,2,1,1,10,8,46,26,32,10,12,11,2,11,46,45,123,63,54,37,17,17,2,10,74,69,4,4,2,0,0,0,0,1,3,6,12,10,2,2,1,1,0,3,4,9,0,0,0,0,0,0,0,0,1,0,11,7,4,3,2,4,0,3,12,10,0,1,0,0,0,0,0,0,1,0,10,7,3,10,2,6,0,0,10,14,121,63,67,33,18,35,3,16,73,116,30,15,15,8,5,6,0,3,26,23,7,10,10,3,4,6,2,2,10,12,7,3,9,6,7,8,1,7,12,15,47,21,11,12,8,7,0,13,23,25,45,28,24,15,10,9,0,8,31,42,150,99,73,47,29,32,5,19,112,139,21,10,12,6,5,3,1,5,13,20,6,6,5,3,1,3,0,2,8,16,14,13,9,13,2,3,0,4,13,17,10,6,6,4,3,2,0,1,2,7,29,22,21,4,9,12,0,6,18,29,26,23,22,7,6,9,1,6,30,30,10,7,12,4,1,2,0,0,7,10,336,261,192,139,86,123,16,78,348,401,56,40,29,21,13,15,2,7,52,61
98.25,41,27,21,15,15,9,2,5,43,41,0,0,1,0,2,0,0,0,2,3,23,7,12,8,9,7,0,4,16,20,2,1,1,0,1,0,0,0,2,3,126,122,75,73,49,52,8,43,172,228,70,36,14,18,3,15,0,2,30,29,9,9,6,5,4,8,0,1,5,10,5,4,6,5,1,2,0,0,7,10,49,26,20,25,17,8,0,9,32,40,116,65,52,29,19,18,2,9,38,78,4,5,0,2,1,1,0,1,7,1,7,4,4,8,1,5,1,3,5,9,0,0,0,0,0,0,0,0,0,0,9,4,11,2,4,0,0,2,9,10,1,0,0,0,0,0,0,0,0,1,12,7,12,3,4,4,1,2,10,25,101,67,67,31,32,28,5,21,67,85,37,19,18,10,9,7,1,5,23,22,18,13,7,4,1,3,1,2,11,18,10,4,5,3,5,3,1,1,12,18,30,28,20,8,4,5,1,2,19,22,40,29,27,13,17,8,2,6,34,51,131,115,64,48,36,34,1,25,111,144,12,15,8,9,8,7,0,2,8,19,13,6,14,6,5,2,1,2,2,6,16,14,9,5,7,3,0,3,11,18,8,9,3,4,0,2,0,0,7,5,29,24,16,15,5,7,1,4,16,30,33,21,11,9,7,16,0,6,23,19,9,14,9,5,1,6,0,1,10,21,372,243,185,132,111,106,15,66,308,459,60,35,36,32,17,21,1,9,45,59
98.75,38,25,16,11,16,22,0,10,30,40,1,2,2,3,1,1,0,1,10,4,16,15,7,8,3,4,1,1,10,19,0,2,1,1,0,0,0,1,3,5,172,106,89,68,56,55,7,48,143,244,59,40,31,18,12,5,0,0,30,22,12,6,5,4,4,0,2,4,5,10,6,7,5,6,0,1,0,1,6,7,55,27,28,15,14,9,3,8,29,46,112,70,45,31,24,24,4,11,64,48,2,3,1,1,1,0,0,2,2,1,15,8,7,1,3,2,0,1,12,4,0,1,0,0,0,0,0,0,0,0,19,7,7,4,6,0,0,2,7,6,1,1,0,1,1,1,0,0,1,0,8,12,14,6,2,3,1,3,11,16,108,65,59,40,24,20,5,20,104,108,31,29,8,5,6,5,0,6,25,23,13,10,12,2,0,5,0,1,11,24,7,3,5,8,1,2,1,4,9,20,28,16,12,13,6,5,1,5,21,36,40,27,27,11,6,9,1,10,35,30,135,81,70,51,34,37,5,21,117,142,16,6,6,9,2,6,0,4,14,24,9,8,9,3,3,4,1,1,7,11,18,12,5,9,2,6,1,2,18,20,8,10,3,4,0,2,1,4,10,11,14,27,13,9,11,9,0,3,25,35,34,21,9,7,9,9,1,9,32,29,8,8,5,4,5,6,1,2,9,15,344,218,191,124,104,133,19,64,337,431,67,34,37,17,21,15,2,13,52,69
99.25,32,25,29,18,5,16,0,5,22,48,2,3,2,0,1,0,0,0,1,3,19,22,9,6,6,11,2,1,18,22,1,2,1,1,0,1,0,0,1,4,172,99,95,69,40,51,10,52,178,205,61,24,31,9,6,3,0,6,38,21,8,10,7,4,3,2,0,1,9,14,11,2,4,4,3,2,0,0,8,11,55,38,22,12,5,13,0,8,36,43,98,76,42,36,22,23,5,11,54,71,4,3,3,1,0,1,0,1,2,2,14,3,8,7,0,2,0,3,11,12,0,0,0,0,0,0,0,0,0,0,16,8,5,2,0,4,0,2,5,11,0,1,0,0,0,0,0,0,1,0,24,8,7,7,2,6,0,3,10,22,97,65,58,45,30,31,4,20,79,103,28,20,11,18,8,9,1,3,34,29,12,14,10,6,3,7,2,3,9,19,8,8,3,5,2,5,0,1,3,9,24,16,21,13,11,4,2,6,20,30,49,29,27,20,17,17,2,6,31,32,132,82,71,29,27,42,6,20,116,155,27,13,7,6,4,3,0,2,13,18,9,8,7,4,7,3,0,1,4,18,19,12,9,6,3,2,1,3,16,14,12,5,4,4,3,0,0,1,11,4,23,19,12,13,12,6,0,3,22,25,24,30,13,13,11,9,0,6,30,40,10,5,5,4,6,3,0,1,9,14,348,216,167,130,75,113,11,84,286,447,63,40,35,17,16,13,4,15,38,68
99.75,37,20,20,8,8,16,1,9,23,34,2,0,0,2,1,0,0,0,1,6,14,13,5,6,3,9,2,5,14,21,5,4,0,0,1,0,0,0,3,4,154,124,93,62,36,43,7,42,146,218,68,42,20,4,9,8,0,6,30,32,7,7,5,2,2,3,0,1,13,17,6,2,3,4,1,5,0,2,6,12,56,29,21,17,10,12,1,8,28,30,101,68,50,23,16,22,0,5,57,68,2,3,1,1,1,0,0,1,6,8,13,6,7,4,3,1,0,1,7,8,0,0,0,0,0,0,0,0,1,0,15,4,3,6,2,4,1,3,10,5,2,0,1,1,0,0,0,1,4,1,21,7,8,7,4,2,3,2,10,17,109,59,46,44,21,31,4,11,72,100,26,17,13,12,7,8,0,7,23,29,12,6,10,11,3,1,0,5,9,19,11,5,3,0,1,2,0,3,8,16,29,10,13,14,6,10,0,5,22,31,36,19,20,8,10,13,1,4,39,39,132,82,73,41,25,41,4,34,112,130,10,12,9,4,5,5,0,5,11,20,7,5,6,2,3,4,0,4,6,5,23,18,10,6,4,5,0,2,15,19,13,3,1,6,1,3,0,2,6,7,28,12,15,7,7,11,1,7,19,33,29,17,13,10,11,11,4,9,27,40,8,5,5,3,2,1,0,2,6,7,357,212,194,123,99,94,16,79,260,415,47,39,32,23,23,19,3,14,50,50
100.25,40,16,12,13,15,12,3,9,28,51,1,3,2,0,0,1,1,0,1,0,26,22,11,6,4,3,0,2,25,15,1,2,4,1,0,0,1,0,0,3,133,117,87,53,49,51,7,61,150,240,61,48,26,16,10,15,0,5,45,25,11,8,7,3,2,0,0,2,11,12,5,5,3,4,5,2,0,3,2,9,48,30,32,11,9,10,1,7,43,55,104,73,40,26,24,13,2,13,52,54,4,3,3,1,1,2,1,0,3,7,9,5,8,5,2,2,0,1,3,10,0,0,0,0,0,0,0,0,1,0,18,10,8,3,0,6,0,1,7,7,2,0,1,0,0,0,0,0,0,4,9,7,2,6,7,4,0,2,9,18,114,58,41,43,21,29,3,17,75,113,34,20,22,15,7,8,0,11,9,28,19,11,5,8,0,5,0,1,17,23,5,6,7,6,2,1,0,2,9,14,34,23,17,8,9,7,1,3,28,33,49,30,21,13,11,10,1,4,33,46,126,86,58,47,30,30,1,13,88,165,24,9,7,5,5,1,0,3,13,19,15,7,5,2,2,5,1,3,12,17,23,8,10,10,2,4,0,4,22,12,9,5,3,2,2,2,0,0,3,11,31,15,13,14,6,8,0,5,20,29,20,18,15,11,5,10,0,5,30,38,22,9,4,4,2,1,0,0,3,6,333,229,191,108,81,93,9,89,297,448,54,42,30,21,21,14,1,10,41,67
100.75,50,16,11,10,8,10,2,5,37,48,8,0,0,2,1,2,0,1,0,4,16,8,12,9,4,8,0,7,15,21,1,1,0,0,0,2,1,1,0,0,161,117,74,48,46,55,9,45,141,239,56,32,31,11,10,11,1,5,33,30,10,11,3,2,1,4,0,2,14,5,9,6,5,1,0,5,0,1,6,11,45,29,20,17,7,10,1,7,37,46,121,50,50,27,30,23,1,13,76,73,5,2,2,0,1,0,1,1,3,4,5,2,3,6,2,0,0,3,8,9,0,0,0,0,0,0,0,0,0,0,6,11,8,4,2,1,0,3,9,11,0,2,2,1,0,0,0,0,0,0,12,6,3,4,4,1,0,4,7,24,90,61,49,33,28,27,1,16,71,122,25,20,8,5,5,10,1,4,23,28,17,4,7,3,4,0,0,3,9,19,8,8,4,4,1,5,0,2,7,13,25,23,9,6,7,10,4,6,22,43,42,39,24,14,15,19,1,7,22,39,135,77,63,49,28,36,6,31,110,135,15,11,10,2,1,6,2,3,8,14,10,7,7,5,5,5,0,3,4,11,16,10,10,4,6,4,0,4,15,27,12,2,8,1,3,2,0,2,5,5,24,15,5,9,3,7,0,10,20,21,24,24,7,6,3,2,1,3,19,29,8,6,6,5,0,1,0,2,11,8,280,220,162,105,94,100,15,84,289,429,57,31,36,21,21,18,0,10,42,68
101.25,34,31,23,22,10,7,4,7,19,41,2,0,2,2,0,1,0,1,0,6,14,16,12,10,5,6,2,2,15,21,2,2,1,1,0,0,0,0,5,3,145,85,72,59,48,47,7,44,139,225,85,33,30,13,14,9,1,4,33,25,9,4,3,5,4,2,0,1,9,13,5,3,4,3,2,0,0,2,2,10,47,41,28,25,13,13,0,9,18,42,97,48,40,30,27,33,4,13,60,79,2,6,4,2,0,2,0,0,4,3,8,5,2,1,2,3,0,0,3,7,0,0,0,0,0,0,0,0,0,0,13,6,9,4,2,3,1,1,4,10,0,0,0,0,0,0,1,0,0,0,13,18,5,5,7,6,0,6,10,13,94,62,60,32,28,33,4,25,69,106,21,9,12,5,6,9,0,6,24,24,13,6,6,3,1,3,1,4,7,23,10,5,2,3,0,1,0,4,9,10,20,17,18,11,12,13,0,11,25,35,41,24,23,16,9,15,0,6,28,50,124,83,57,43,38,31,4,26,96,142,15,13,6,9,3,2,1,3,12,15,11,3,9,7,3,3,0,0,4,7,17,12,10,6,3,7,0,3,6,21,13,7,1,2,2,6,0,0,5,2,20,14,12,7,6,9,1,6,17,25,27,20,13,8,2,2,1,8,24,42,15,7,7,1,4,3,2,2,5,8,280,192,193,128,85,91,10,83,265,393,55,37,20,24,16,14,3,10,53,68
101.75,41,20,20,12,14,14,2,10,34,36,1,1,2,1,1,0,0,1,0,4,24,9,7,4,3,0,0,5,20,24,3,3,3,3,0,1,0,0,2,5,109,90,82,65,46,43,11,41,145,243,78,30,35,18,13,14,2,2,25,26,12,6,7,5,3,1,0,3,2,10,10,5,6,3,3,1,0,3,11,10,50,32,16,19,10,11,1,8,45,45,80,62,42,24,27,21,0,15,63,83,3,1,2,2,0,0,1,1,2,6,8,4,2,7,1,2,0,0,5,13,0,0,0,0,0,0,0,0,0,0,11,7,6,10,3,2,1,3,11,7,1,1,0,0,0,0,0,0,2,1,8,8,5,2,3,2,1,3,20,15,100,75,47,33,20,26,3,27,79,104,27,19,13,7,9,5,1,9,21,20,17,10,6,3,0,6,2,3,13,13,5,8,3,1,0,0,0,3,4,18,26,22,17,8,9,8,1,7,13,29,57,25,11,16,11,14,1,8,22,31,117,73,63,44,35,21,4,27,103,139,14,6,12,0,2,3,1,2,16,15,12,6,1,2,3,3,0,3,6,11,21,12,13,6,10,2,1,2,12,18,10,4,4,4,2,0,0,0,5,7,31,17,12,7,8,9,1,4,28,27,27,20,17,11,4,7,1,5,21,33,17,6,5,5,1,5,0,2,9,6,316,210,151,110,82,95,16,92,247,421,53,36,32,20,14,29,5,12,41,59
102.25,30,26,19,15,8,11,1,15,31,39,2,0,4,2,1,1,0,0,1,2,17,11,6,8,2,4,0,4,16,21,4,1,0,0,3,0,0,1,2,1,137,98,59,60,39,45,5,42,117,246,82,45,34,20,11,11,1,7,27,38,3,5,7,3,2,3,0,2,5,11,4,1,5,4,3,2,0,2,4,5,48,35,20,20,11,10,1,8,38,35,85,49,48,32,23,17,1,15,58,74,3,2,1,1,1,1,0,0,5,4,8,6,5,4,5,2,0,4,4,9,0,0,0,0,0,0,0,0,0,0,13,6,5,4,1,4,0,1,10,8,3,0,1,0,0,0,0,0,1,3,11,12,4,5,5,3,2,2,10,16,104,63,46,35,24,23,3,26,53,111,19,22,16,9,5,11,2,6,20,29,8,8,2,5,1,3,2,5,10,16,7,5,7,3,3,2,0,4,15,19,34,18,12,13,2,8,0,9,24,33,35,33,21,8,12,11,0,7,31,49,99,68,67,44,34,27,8,20,82,154,9,6,5,6,7,7,0,0,7,16,6,6,3,0,4,2,0,1,8,7,16,11,7,0,3,4,0,2,14,15,6,7,6,1,0,2,0,1,4,4,19,19,11,8,6,7,2,7,25,31,24,13,9,6,6,7,0,7,24,36,15,10,4,0,2,3,0,3,4,7,322,208,175,120,92,109,12,77,263,432,36,29,21,22,13,24,2,19,33,68
102.75,44,17,19,13,7,11,4,3,18,47,1,3,2,2,1,0,0,0,1,3,19,12,9,5,2,4,0,3,17,24,3,1,0,0,0,0,0,0,3,2,123,94,68,57,31,56,5,42,148,214,66,37,31,12,10,7,2,3,31,33,9,4,4,5,2,3,1,2,5,11,5,6,4,6,2,2,1,1,3,6,59,34,18,19,9,12,0,11,29,48,92,53,50,32,10,23,3,10,67,68,2,2,1,2,0,0,0,0,2,3,3,2,5,5,3,3,0,3,6,15,0,0,0,0,0,0,0,0,0,0,21,5,5,4,1,3,0,1,10,10,0,1,0,1,1,1,0,0,0,5,8,8,6,4,3,3,0,0,4,29,93,51,38,33,16,15,3,19,77,114,29,12,8,11,6,5,0,10,16,22,10,15,4,4,3,1,0,3,11,26,7,3,4,1,2,1,0,2,9,19,23,17,17,8,9,9,0,10,15,26,41,34,28,12,14,9,2,8,31,40,103,66,48,48,30,35,3,26,93,143,13,10,7,5,4,7,2,4,15,19,10,4,5,3,1,5,0,3,3,7,25,13,9,8,2,4,0,7,13,15,8,5,0,1,1,0,0,4,7,10,17,12,14,11,4,3,0,6,25,24,26,15,5,16,3,7,1,5,25,29,18,9,2,3,3,2,0,7,8,11,291,189,147,94,89,108,13,89,223,417,47,25,26,12,10,25,1,15,38,66
103.25,28,28,15,8,10,9,3,10,16,39,0,0,1,0,0,1,0,0,1,5,16,18,18,7,2,1,0,4,8,25,3,2,1,1,0,2,0,0,1,3,118,95,74,60,46,32,8,60,126,237,59,37,37,14,12,14,1,7,45,31,8,5,3,1,4,5,0,1,6,16,6,4,6,4,2,2,1,1,4,9,41,21,23,8,6,11,1,6,35,44,97,55,38,33,19,23,4,10,63,65,2,1,2,1,1,0,0,0,5,2,8,5,4,8,2,2,0,1,4,6,0,0,0,0,0,0,0,0,0,0,13,10,6,2,5,0,0,3,5,7,1,1,0,0,0,1,0,0,0,0,16,8,8,7,1,3,1,3,4,14,93,50,51,18,23,27,6,13,91,113,26,16,15,7,6,7,1,6,17,21,7,8,9,6,5,6,0,1,15,24,9,6,4,3,2,3,0,1,7,12,27,13,17,6,7,12,0,6,23,33,42,25,21,12,13,14,0,4,19,43,99,73,50,34,26,34,3,39,82,167,18,10,3,2,4,3,0,1,11,29,10,6,3,0,0,1,0,3,11,10,19,11,8,3,3,2,0,4,20,23,5,5,2,3,0,1,0,0,7,11,22,16,11,7,8,10,2,5,31,36,27,12,9,5,6,3,1,5,23,34,13,9,5,0,2,3,0,2,7,7,279,158,173,115,87,82,20,83,226,448,48,28,17,20,10,15,3,12,32,58
103.75,20,20,20,10,12,9,1,10,27,34,1,5,1,1,0,0,0,0,0,1,19,13,4,4,2,3,2,4,15,21,2,1,1,0,1,0,0,1,2,4,114,78,65,45,31,50,5,34,101,237,61,41,32,24,13,11,0,4,34,28,12,3,4,3,2,4,0,3,3,9,5,1,3,2,3,3,0,3,1,5,46,33,23,10,7,10,0,0,29,42,70,59,49,26,22,28,2,12,49,78,2,0,1,1,3,0,0,1,0,4,11,4,5,6,2,3,0,0,5,11,0,0,0,0,0,0,0,1,0,0,6,12,5,5,2,1,1,2,8,10,0,2,0,0,0,0,0,0,1,1,15,5,6,2,0,4,1,3,4,12,82,57,45,30,23,27,1,14,73,125,21,21,16,5,6,6,0,5,20,28,10,5,5,7,6,1,0,0,15,13,7,8,3,1,1,4,0,3,11,13,29,14,16,15,13,8,0,6,26,36,44,28,14,14,10,16,1,5,30,44,99,89,58,40,27,28,8,26,92,145,17,3,8,7,7,1,1,4,14,17,8,3,4,7,2,2,1,0,9,18,18,11,16,7,1,11,1,4,11,18,5,4,6,4,1,3,0,0,6,6,14,15,11,3,2,6,0,6,13,25,28,13,14,9,5,5,1,6,22,41,15,5,3,5,1,2,0,1,9,16,266,207,143,106,89,92,12,86,224,427,45,26,24,17,15,13,4,16,35,66
104.25,34,20,11,6,6,13,0,9,23,33,2,0,1,1,1,1,0,1,1,4,20,10,10,6,6,1,0,3,15,22,3,2,0,1,0,0,0,2,1,3,118,90,55,52,27,39,8,43,109,228,62,34,29,16,10,9,2,2,42,40,8,10,5,0,3,3,0,2,10,8,1,4,1,5,1,1,0,2,4,4,55,21,18,17,6,7,0,8,29,52,94,57,41,25,26,24,2,13,50,80,1,5,3,2,1,0,0,3,5,2,8,6,2,3,1,1,1,5,2,4,0,0,0,0,0,0,0,0,0,0,10,10,4,3,6,0,0,2,9,17,0,1,1,0,0,1,0,0,3,1,11,8,8,1,1,5,0,2,16,8,85,61,43,32,21,29,1,22,56,97,23,14,12,9,8,6,2,2,15,24,11,9,5,5,0,4,0,4,7,8,6,4,5,4,1,2,1,3,9,7,19,20,18,11,10,13,2,3,14,35,42,32,12,16,4,13,0,15,29,40,85,68,44,26,29,24,5,26,100,153,11,9,9,8,4,8,2,5,7,21,11,3,3,2,2,3,0,1,6,9,15,9,8,4,8,1,1,2,8,25,3,3,6,2,2,0,0,2,6,9,21,19,6,10,5,5,0,4,17,37,27,20,17,8,9,3,1,7,15,33,6,6,4,5,3,2,0,0,10,13,259,171,159,96,89,91,6,74,220,403,47,31,25,17,16,10,1,17,37,69
104.75,33,20,5,7,6,10,0,6,25,41,2,0,4,0,0,0,0,0,2,2,24,14,8,4,4,6,1,0,18,26,6,1,2,0,0,0,0,0,2,2,94,75,65,41,39,42,8,34,76,243,75,43,27,16,14,12,0,4,39,29,9,6,2,1,0,2,0,1,9,3,9,6,3,4,1,3,1,3,5,9,37,27,25,18,13,6,0,10,23,37,93,47,35,23,26,17,0,12,55,69,3,0,0,1,3,1,2,0,4,3,9,3,3,3,2,3,2,1,3,8,0,0,0,0,0,0,0,0,0,0,9,6,5,7,3,3,0,2,13,12,0,0,0,1,0,0,0,0,0,0,11,11,4,4,4,2,1,2,6,15,77,60,50,32,25,20,10,21,65,121,21,12,11,9,4,5,0,6,19,31,10,4,11,5,3,2,0,3,11,20,6,3,4,2,2,1,1,1,5,11,23,13,18,11,9,6,4,9,20,33,38,21,20,14,8,7,0,9,27,52,90,70,47,31,33,35,6,23,71,147,7,6,7,1,5,8,0,5,11,16,7,7,7,9,0,3,0,0,5,11,19,9,8,5,6,3,1,8,11,12,5,6,3,0,0,2,0,2,4,10,14,11,10,10,2,9,3,4,18,29,21,16,11,11,9,4,2,9,21,35,8,7,8,9,0,7,0,3,10,11,259,184,133,89,79,94,10,86,228,385,44,24,21,10,15,14,3,11,32,75
105.25,30,23,13,8,9,7,2,9,18,44,1,1,0,0,0,0,0,0,2,0,17,11,10,8,5,1,1,1,17,20,0,3,1,2,0,1,0,0,2,4,107,71,78,41,34,42,5,31,113,221,78,25,18,10,9,6,0,6,33,36,12,7,3,2,1,3,1,4,3,9,3,4,1,3,3,4,0,3,4,13,42,24,24,8,10,11,4,10,27,46,109,65,40,21,15,19,1,18,54,75,3,0,1,0,0,1,0,1,6,5,7,6,4,1,2,1,2,2,7,15,0,0,0,0,0,0,0,0,0,1,10,9,8,2,2,2,0,1,3,12,1,0,1,0,0,0,0,0,0,2,17,11,11,2,2,5,0,3,6,12,70,49,51,38,18,23,2,17,52,90,23,15,18,7,7,6,1,1,15,26,4,9,5,3,5,6,1,1,6,23,6,6,4,2,2,1,0,2,10,11,28,12,10,7,7,8,1,10,22,40,37,19,20,13,3,7,2,19,29,47,98,59,52,45,20,35,1,27,62,136,8,11,10,4,2,9,0,1,11,24,3,5,2,3,5,0,0,5,3,11,23,14,9,11,5,5,0,1,8,17,11,5,3,1,1,1,0,1,9,5,15,13,7,2,5,4,1,6,16,30,14,18,12,2,2,9,1,5,17,32,9,6,4,5,1,0,0,1,10,12,244,170,138,91,81,93,16,71,216,389,49,25,17,19,15,14,0,13,40,66
105.75,30,23,11,11,10,10,0,9,23,36,0,0,3,1,1,1,0,1,1,4,13,7,9,7,7,4,1,2,13,19,1,3,1,2,0,2,0,1,2,4,95,74,47,43,32,31,11,47,114,229,76,32,31,25,11,12,1,6,33,33,4,3,5,2,3,5,1,1,9,13,5,6,4,1,1,4,2,0,4,11,32,25,26,12,9,7,0,7,25,46,86,53,42,25,23,22,0,17,57,85,3,2,0,0,0,2,0,2,1,6,8,6,5,2,0,1,0,3,2,9,0,1,0,0,0,0,0,0,0,0,12,8,6,1,3,1,0,0,11,11,0,0,0,0,0,0,0,0,3,0,12,7,10,6,3,3,1,2,14,13,63,47,34,23,23,20,3,21,59,109,20,8,13,5,6,6,1,8,16,27,13,9,4,5,3,5,0,5,9,18,10,3,1,4,2,3,0,3,6,6,20,16,16,10,7,8,0,7,19,35,40,17,16,15,14,8,1,6,27,37,95,68,46,37,39,28,4,19,76,151,9,7,8,2,1,5,0,4,10,20,3,10,7,2,0,3,1,4,4,13,18,11,9,5,9,7,1,1,10,16,7,4,0,2,3,1,1,1,7,6,15,4,2,7,3,7,2,7,6,23,26,17,10,7,4,10,0,7,17,42,21,8,5,3,1,1,0,2,4,14,252,142,149,110,70,94,13,90,196,425,46,42,22,11,11,24,4,14,29,67
106.25,26,29,11,9,12,8,2,6,20,41,1,0,0,1,2,0,0,0,0,3,13,8,9,6,4,12,0,3,11,20,2,4,1,0,0,0,1,2,2,2,90,59,71,44,38,32,5,44,98,222,79,35,27,19,11,13,1,5,24,49,6,4,3,2,0,3,0,5,3,14,1,0,3,4,0,2,0,1,5,8,36,37,21,16,12,10,3,8,30,50,82,53,35,23,25,22,0,12,63,68,1,2,2,1,0,2,0,0,2,4,9,11,10,3,0,3,1,2,9,9,0,0,0,0,0,0,0,0,0,0,17,4,5,8,2,1,0,3,8,15,0,0,0,2,0,0,0,1,0,4,8,4,3,2,2,3,0,3,16,12,59,60,33,32,23,17,1,13,60,110,20,17,13,6,3,3,0,8,18,25,4,4,4,4,4,1,0,3,6,15,5,5,3,5,4,0,0,2,1,17,24,11,7,9,6,14,1,7,16,31,39,22,25,9,12,10,1,11,27,35,79,62,44,40,35,26,3,22,77,131,14,8,12,6,3,2,0,0,10,20,8,3,2,4,2,1,0,2,11,7,19,6,10,5,2,3,0,1,18,15,6,2,5,0,3,0,1,2,7,7,21,17,6,9,5,9,1,4,9,24,16,18,8,6,7,6,3,9,19,31,9,10,11,3,1,4,0,2,8,10,243,189,140,94,78,104,14,76,170,414,45,34,28,18,11,16,3,8,36,55
106.75,29,16,13,6,8,7,2,5,26,41,2,0,1,0,0,1,0,0,1,4,16,2,13,5,4,5,0,6,13,25,2,1,0,0,1,1,0,0,0,3,101,71,50,34,32,38,8,25,98,220,90,38,33,9,12,16,0,9,27,34,6,7,8,2,1,1,0,3,9,12,4,2,2,2,0,0,1,4,2,9,35,16,21,16,9,7,0,4,31,51,83,49,43,27,14,23,2,12,60,79,2,2,1,0,0,1,0,0,2,3,10,5,3,1,2,1,0,4,5,10,0,0,0,0,0,0,0,0,0,1,10,8,5,6,3,5,0,1,7,13,0,0,0,0,0,1,0,0,0,2,11,3,8,3,3,1,1,3,8,13,77,42,28,33,14,12,3,27,52,103,20,13,13,9,4,8,0,3,18,25,6,6,5,3,4,2,0,2,9,8,8,1,4,2,0,1,0,1,7,16,24,17,11,10,9,5,1,7,10,34,41,25,21,10,8,9,3,9,33,47,90,51,45,32,23,33,6,27,77,155,11,7,6,5,3,1,1,4,4,20,6,6,3,0,0,2,2,7,6,9,17,14,14,7,4,3,1,3,4,14,4,3,2,1,1,3,1,0,4,6,21,12,9,7,4,4,1,5,15,38,19,14,8,4,5,4,1,5,18,31,8,6,11,5,1,2,1,4,8,9,220,160,122,98,70,80,16,84,214,363,35,17,23,9,12,17,0,13,34,69
107.25,30,13,9,7,3,11,2,6,24,46,3,0,0,1,0,1,0,0,1,1,14,6,7,5,3,5,1,5,13,25,2,0,1,1,0,1,0,0,2,3,89,65,60,29,31,41,9,49,72,229,83,38,28,20,20,9,1,5,40,44,8,7,5,0,2,0,0,2,4,8,1,4,5,0,1,1,0,1,6,5,41,20,15,11,14,12,1,9,33,39,92,44,33,24,12,18,1,20,62,66,3,0,2,0,1,1,0,0,1,5,7,6,4,2,2,2,0,4,5,15,0,0,0,0,0,0,0,0,0,0,12,1,3,2,0,2,0,0,5,11,1,1,0,0,0,1,0,0,0,2,15,8,7,9,3,4,2,2,7,24,74,43,27,26,18,22,1,19,57,111,17,10,4,5,5,8,3,9,19,27,7,3,6,3,4,1,0,3,9,18,4,3,4,7,3,1,1,3,4,9,21,16,12,6,5,5,0,8,16,27,36,25,21,11,4,11,2,3,30,45,65,60,39,42,20,32,3,27,70,134,11,6,6,3,3,3,1,3,11,12,6,5,4,1,2,1,0,1,7,6,20,13,3,9,3,6,0,4,14,24,6,5,0,3,1,3,0,1,4,9,16,10,8,5,4,4,1,4,11,28,17,14,12,6,4,2,1,6,27,31,8,3,7,4,2,2,0,4,9,13,212,158,108,78,68,76,14,76,218,389,31,30,19,10,8,12,2,9,28,59
107.75,30,23,17,6,4,10,1,10,36,39,2,2,1,1,0,0,0,0,2,1,16,6,4,3,4,3,0,1,11,17,2,2,1,0,0,1,1,0,1,4,84,53,42,45,24,46,7,44,83,216,88,56,27,14,10,13,4,6,40,36,10,7,4,3,3,3,0,0,4,8,3,1,3,2,2,2,1,1,2,8,35,20,24,11,5,13,0,9,34,43,67,61,44,28,20,17,0,11,59,81,5,4,0,1,0,0,0,0,1,5,8,6,2,4,2,0,0,2,4,5,0,0,0,0,0,0,0,0,0,0,13,2,5,0,3,1,0,2,6,11,2,0,0,0,0,0,0,0,0,3,6,6,3,4,4,3,1,5,7,12,66,41,35,27,24,20,4,16,52,104,17,14,10,9,5,12,2,3,9,25,8,10,3,2,1,7,0,2,9,23,7,5,1,2,2,0,1,1,3,7,20,10,7,7,7,10,2,5,9,36,46,18,10,14,14,11,0,7,19,32,78,46,37,25,17,34,3,27,90,131,13,4,2,7,4,6,0,2,7,20,11,4,3,3,1,2,1,2,5,7,14,11,8,8,4,5,1,3,10,27,9,2,4,3,1,3,0,2,2,10,12,8,5,4,2,4,2,6,20,28,22,11,9,9,4,3,0,6,22,41,23,6,7,6,6,0,1,3,10,8,225,148,132,79,63,69,12,71,192,376,42,27,23,17,9,14,4,19,33,54
108.25,24,24,10,8,6,10,3,15,23,33,2,0,0,1,1,1,0,0,0,0,12,10,4,9,6,0,2,7,9,23,4,0,0,3,2,0,0,0,1,8,83,61,55,37,29,34,7,43,95,171,74,41,34,19,14,18,2,5,38,33,10,4,1,7,4,1,0,1,10,11,3,2,1,2,3,2,0,1,1,6,35,21,28,11,9,10,3,9,32,40,77,64,42,17,17,25,0,16,55,88,2,1,2,0,0,0,0,1,2,5,6,2,3,1,3,3,0,1,8,15,0,0,0,0,0,0,0,0,0,0,11,8,10,0,2,2,0,3,9,14,0,0,0,0,0,0,0,0,0,1,10,7,2,5,1,1,1,0,8,12,73,34,29,24,18,21,1,15,58,86,24,14,14,9,3,3,1,4,26,30,5,6,6,3,5,3,0,4,3,19,4,2,5,1,0,0,0,4,2,6,23,17,12,2,6,6,1,5,15,38,40,21,19,12,11,8,1,8,22,41,71,64,42,32,12,21,8,29,48,125,3,10,9,2,2,4,0,3,8,14,2,1,2,3,1,2,0,1,4,6,17,16,7,1,4,2,1,3,10,14,6,8,3,3,2,0,1,1,6,9,15,13,9,4,3,5,4,6,14,28,14,10,4,5,7,10,1,6,10,31,7,8,5,3,2,0,1,3,8,10,215,160,117,76,55,91,14,74,189,360,35,27,25,13,7,8,1,8,31,60
108.75,24,21,17,9,7,7,3,9,21,38,4,2,0,1,0,0,0,1,1,1,12,11,10,7,2,4,0,1,10,13,2,2,1,0,0,0,0,1,1,1,70,62,47,34,29,32,9,39,75,193,84,34,36,13,19,12,0,3,47,42,9,6,3,2,4,4,1,0,3,6,5,1,2,1,1,1,0,2,3,11,37,25,19,11,6,9,1,10,19,37,72,52,37,31,16,23,1,17,44,101,3,2,2,0,0,0,0,3,2,0,13,4,2,3,4,1,1,0,6,10,0,0,0,0,0,0,0,0,0,0,6,8,7,2,2,5,0,2,4,9,0,0,0,1,1,0,0,1,0,0,13,9,6,3,5,8,1,1,7,18,62,56,49,25,8,19,3,25,53,106,25,11,12,9,7,4,1,5,9,23,10,1,2,7,5,2,1,1,10,21,3,4,8,3,3,2,0,0,2,8,21,12,9,6,8,6,1,7,16,24,32,26,16,8,6,10,2,9,20,41,69,51,41,32,21,20,7,26,73,141,7,6,8,6,4,3,1,4,10,18,3,6,6,2,3,6,1,0,5,5,19,9,3,4,3,4,0,3,13,19,4,4,6,2,0,1,0,1,9,5,14,6,11,4,2,5,0,6,12,26,23,9,13,2,6,5,2,9,8,33,8,6,4,6,0,3,1,1,3,14,182,148,111,99,58,68,12,75,179,393,39,27,23,13,10,7,2,17,38,49
109.25,23,22,11,12,13,5,2,10,27,42,2,2,0,0,1,2,0,0,3,4,15,13,10,7,1,4,1,3,13,22,3,2,0,0,0,1,0,0,0,2,67,55,43,44,32,32,10,40,71,213,87,41,33,14,17,18,1,11,29,45,4,1,2,2,0,2,1,3,6,11,2,0,4,1,0,0,0,3,3,13,40,19,18,19,8,6,1,15,21,46,84,51,48,28,17,13,4,10,50,56,0,0,1,1,0,1,0,1,5,1,5,4,3,4,2,0,1,1,3,17,0,0,0,0,0,0,0,0,0,0,8,8,10,5,3,2,0,1,10,14,2,0,1,0,0,0,0,0,0,2,5,1,5,3,3,1,0,2,7,19,66,41,29,16,19,13,6,18,47,87,18,6,8,3,3,6,2,5,18,39,5,4,5,1,1,6,1,3,2,13,6,4,2,2,1,1,1,3,3,12,24,15,14,4,4,8,3,13,18,39,34,24,23,11,6,14,1,9,31,44,72,46,47,35,18,28,6,27,51,159,14,8,3,12,3,3,1,4,11,17,3,2,2,3,2,1,0,3,5,6,16,12,11,6,4,9,0,5,10,27,7,4,5,1,3,1,0,2,1,7,10,10,6,9,4,2,0,3,9,17,24,10,13,5,3,4,0,5,14,31,13,9,3,7,4,3,1,2,7,12,186,162,92,62,58,51,12,76,170,336,36,15,23,8,8,15,3,7,26,56
109.75,30,16,22,4,4,5,1,7,18,42,1,0,0,0,0,1,0,0,1,4,9,11,4,4,5,0,0,4,10,18,3,2,1,0,0,0,0,0,2,6,79,55,36,33,26,42,6,37,80,180,71,33,44,14,10,11,2,11,36,38,4,2,1,2,4,3,1,2,12,16,4,0,2,1,1,1,0,5,1,7,39,24,24,11,17,10,1,9,23,42,61,45,39,26,15,16,1,10,54,84,1,3,1,2,0,1,0,0,2,3,4,6,5,0,2,1,1,3,3,13,0,0,0,0,0,0,0,0,2,0,13,7,6,3,4,1,0,3,5,6,1,1,0,0,1,0,0,0,0,0,12,7,8,5,3,1,0,2,11,15,80,45,34,22,13,23,2,13,55,100,18,7,12,12,2,4,2,3,15,23,9,2,3,4,1,2,0,2,7,13,9,2,1,3,0,2,1,4,4,17,15,15,11,13,8,4,2,5,11,24,26,26,15,8,8,10,1,9,36,46,67,42,32,26,36,22,2,30,67,111,7,9,2,7,5,5,0,2,9,10,5,3,3,3,0,0,0,2,4,9,25,11,10,2,1,6,0,6,14,19,5,3,2,1,1,3,0,1,6,7,21,5,8,5,4,4,2,2,8,21,21,16,11,7,6,0,1,7,15,16,11,4,6,3,1,2,0,2,4,11,215,138,102,80,55,64,17,64,176,425,40,29,14,19,11,9,2,12,19,62
110.25,21,18,12,6,6,4,0,6,25,43,0,2,1,1,1,0,0,0,1,3,12,6,6,7,5,6,0,2,9,19,1,1,0,0,0,1,0,0,1,2,71,52,43,34,20,28,4,41,64,176,114,47,33,22,17,14,2,7,33,36,4,5,0,3,0,2,0,1,3,14,4,4,6,4,0,1,0,2,1,14,30,27,11,24,12,8,0,5,24,50,76,49,33,17,14,21,1,22,60,76,2,0,1,1,1,0,0,0,1,3,4,2,1,3,4,3,0,1,4,6,0,0,0,0,0,0,0,0,0,0,9,4,6,5,4,1,0,2,6,9,0,1,0,0,0,0,0,0,0,2,10,7,2,1,4,5,1,0,7,14,51,44,32,30,16,20,2,30,52,105,25,18,13,4,5,5,0,0,9,19,9,4,2,1,2,1,0,3,3,20,3,0,3,2,4,3,2,1,7,12,22,11,7,9,2,4,3,9,12,21,43,17,29,7,6,11,2,10,34,50,51,42,43,28,21,18,6,13,60,112,4,8,2,4,1,2,0,2,6,17,9,1,6,4,1,2,0,4,6,4,12,9,14,3,2,3,0,0,13,14,9,2,3,1,3,1,0,1,7,8,18,9,5,7,5,2,0,6,15,21,11,14,12,9,3,9,0,6,7,27,11,7,3,3,5,0,0,2,5,12,184,126,98,79,52,81,11,60,185,327,33,16,21,13,12,8,1,12,27,54
110.75,17,21,10,8,6,7,0,9,24,41,1,1,1,0,1,1,0,3,1,1,11,6,7,3,2,8,0,4,8,23,4,1,2,0,0,1,0,0,1,2,55,45,31,34,19,18,8,37,61,190,96,52,33,12,13,10,1,7,46,42,3,6,2,3,2,0,1,4,7,10,8,3,4,1,1,1,1,1,2,8,22,25,19,16,10,14,0,4,18,43,98,39,29,20,19,12,7,17,50,86,1,2,2,0,1,0,1,0,2,4,2,5,3,1,2,5,0,1,6,8,0,0,0,0,0,0,0,0,0,0,10,5,1,4,3,3,0,2,7,11,0,1,0,0,0,3,0,0,0,0,6,7,3,3,4,1,0,2,8,12,60,43,37,33,14,16,5,15,41,97,16,14,6,8,7,7,0,8,12,22,6,9,5,3,1,1,0,6,6,10,3,1,1,2,2,1,0,2,4,4,13,18,15,4,7,7,1,8,14,36,30,16,11,13,10,11,2,8,20,39,58,63,36,24,18,31,6,26,66,128,13,5,6,5,2,4,1,1,7,18,6,4,4,3,0,3,0,4,4,8,16,16,6,5,3,2,0,2,9,14,3,1,3,3,2,2,0,1,6,3,12,11,5,8,0,2,1,3,6,25,18,11,7,7,3,3,1,3,16,24,6,1,6,2,1,2,0,0,4,11,164,142,111,72,56,80,24,75,180,352,39,30,21,13,11,10,7,12,19,50
111.25,22,13,9,4,4,14,2,6,20,33,0,1,0,0,0,1,0,0,1,2,14,10,9,5,3,7,0,2,10,12,4,2,0,2,2,0,0,1,2,1,81,57,35,29,24,34,9,40,53,176,82,44,37,28,19,17,0,7,41,48,6,2,5,3,1,0,0,2,5,13,4,2,1,2,1,2,0,1,7,11,30,19,6,13,9,4,3,9,25,42,72,38,35,13,10,19,1,14,52,74,4,2,2,1,0,2,0,0,2,0,8,1,2,5,0,5,0,1,6,12,0,0,0,0,0,0,0,0,0,0,10,5,6,2,2,2,1,0,2,6,0,0,0,0,0,0,0,1,2,1,7,9,10,2,0,7,1,3,10,13,52,38,34,18,12,12,2,13,63,115,10,15,9,7,6,0,1,0,11,28,6,4,3,3,2,3,0,2,9,20,2,5,2,3,0,3,0,2,2,9,17,11,4,6,4,12,0,7,15,39,29,21,18,17,10,12,1,10,22,36,53,54,37,28,17,24,8,21,78,131,11,7,6,3,0,2,0,2,12,20,4,4,2,5,3,2,0,2,2,14,16,14,7,7,6,4,0,2,13,21,6,2,4,3,1,2,0,0,0,7,12,9,14,5,6,5,0,6,13,34,21,9,7,8,3,7,0,8,16,16,12,6,5,3,5,3,0,1,3,13,203,114,101,77,48,61,20,78,154,351,30,27,18,14,12,8,1,15,21,56
111.75,23,16,10,11,7,6,2,6,15,48,1,0,3,0,0,0,0,0,0,2,10,12,9,7,4,1,1,2,14,18,2,0,3,0,0,0,0,0,3,5,61,57,39,26,16,36,8,34,64,195,81,42,30,20,11,15,2,6,43,51,10,7,3,2,0,0,0,0,4,7,5,3,4,3,1,0,0,4,1,14,30,26,10,9,7,14,2,7,30,48,83,51,46,35,21,23,3,13,54,68,1,1,2,1,0,0,1,1,1,4,9,2,3,2,1,2,0,1,6,10,0,0,0,0,0,0,0,0,0,0,12,6,2,6,2,4,0,3,2,15,0,1,0,0,0,0,0,0,0,0,10,5,5,5,3,2,0,3,8,14,59,37,27,20,17,9,5,14,45,95,14,17,8,12,3,2,0,7,14,23,6,5,3,5,2,1,1,3,7,21,5,5,2,0,0,2,0,1,6,8,15,14,5,8,6,6,1,6,14,29,29,26,20,17,9,7,1,10,19,35,55,42,33,26,20,21,3,21,56,108,9,5,2,4,2,2,1,8,5,13,1,2,2,3,1,0,0,1,8,16,16,4,11,4,6,3,1,5,15,23,7,4,7,2,0,4,1,1,4,6,15,13,2,6,3,2,2,6,12,17,12,12,14,8,1,5,3,8,17,29,10,5,8,0,2,2,0,0,5,8,221,114,94,60,48,44,15,79,172,392,42,18,18,15,10,14,2,19,37,56
112.25,24,13,12,7,3,4,1,5,18,34,2,2,2,1,2,0,0,1,1,1,12,8,4,4,2,3,2,7,8,28,4,2,0,1,1,0,0,2,3,2,61,48,34,34,19,24,8,36,70,170,62,63,36,20,9,12,1,4,39,44,8,4,3,3,1,1,1,0,11,10,1,0,1,2,0,1,1,6,3,14,28,17,6,12,9,10,3,9,21,49,68,43,42,28,15,22,2,22,46,76,1,2,1,1,3,1,0,0,0,5,7,3,1,1,1,1,1,0,7,11,0,0,0,0,0,0,0,0,0,0,17,3,5,1,6,1,0,3,5,13,3,1,0,1,0,0,0,0,0,4,3,4,4,4,2,3,2,3,11,17,52,37,33,25,27,14,2,17,45,95,14,9,8,2,5,6,1,8,13,25,8,3,0,2,1,3,2,1,5,13,3,4,5,0,2,2,0,1,1,7,17,7,4,6,3,8,0,6,11,31,28,15,18,13,9,4,2,6,35,46,61,41,36,25,11,24,7,26,46,117,12,8,3,3,0,1,1,1,9,12,5,1,2,1,3,2,0,1,5,12,18,8,7,9,1,2,1,4,18,13,3,0,2,5,1,1,0,0,1,5,13,13,5,4,1,6,2,4,11,22,17,9,9,7,5,8,1,9,11,27,16,7,5,1,2,3,0,0,4,14,189,116,100,69,54,54,11,74,151,350,28,26,18,15,5,13,1,14,31,46
112.75,18,13,15,7,6,3,1,10,17,34,0,2,0,1,1,0,0,0,1,5,17,4,8,3,6,2,0,2,10,21,4,2,2,1,0,0,0,0,0,2,52,39,28,18,10,17,9,36,73,166,87,43,45,19,15,13,0,9,42,49,6,8,2,3,1,1,0,0,5,8,1,1,1,0,0,1,0,5,4,9,21,20,20,9,4,9,2,6,29,47,77,41,29,23,11,21,2,21,66,76,1,1,0,1,0,1,0,0,0,3,6,3,5,3,2,1,0,1,4,5,1,0,0,0,0,0,0,0,0,0,10,4,3,2,1,4,0,5,5,17,0,0,0,0,0,0,0,0,1,0,3,0,1,4,2,5,2,5,4,10,59,35,23,14,17,16,4,16,44,87,13,9,8,3,3,5,0,7,16,26,6,5,5,2,0,3,0,4,5,13,3,3,2,4,1,1,0,2,2,9,16,9,11,4,4,9,0,3,21,25,24,19,13,12,3,5,0,10,19,46,73,41,29,21,14,18,8,26,56,112,8,6,5,4,2,0,1,2,8,13,7,1,4,3,1,1,0,1,2,9,18,11,9,3,4,1,0,2,7,15,2,5,4,5,3,1,0,1,7,12,12,15,6,2,2,5,1,6,22,27,25,8,8,10,3,3,0,7,10,29,11,6,9,2,4,6,0,2,8,15,151,124,76,60,52,66,15,73,137,318,24,21,15,12,6,10,2,7,33,40
113.25,20,14,14,11,4,5,1,13,19,25,0,0,0,1,0,0,1,1,1,1,11,6,6,7,4,2,0,6,11,18,1,2,1,2,2,0,0,2,3,1,60,33,38,25,9,26,3,30,66,166,87,45,29,22,13,8,2,10,39,38,5,3,4,0,0,0,1,7,5,13,1,1,1,2,2,3,1,1,1,5,20,17,12,4,8,8,1,5,21,43,76,42,38,24,17,11,1,13,43,78,2,1,1,0,1,2,0,1,1,2,4,3,2,0,0,2,0,3,6,9,0,0,0,0,0,0,0,0,0,0,8,9,6,1,2,4,0,2,5,11,0,0,1,0,0,0,0,0,0,0,5,2,5,3,3,1,0,2,2,9,57,38,26,21,7,20,6,27,34,92,13,5,10,8,0,8,0,3,17,31,5,4,3,1,4,3,0,2,6,10,3,2,3,3,1,2,0,1,2,8,13,13,10,8,4,4,1,9,10,18,34,22,15,16,9,3,3,8,18,44,52,31,25,19,12,20,3,21,50,131,10,4,5,3,2,3,1,1,7,14,5,3,1,2,2,2,0,0,3,11,9,6,8,6,5,2,0,3,14,17,5,3,3,1,2,2,0,1,3,5,15,13,4,4,5,1,2,5,8,31,17,9,6,8,3,8,0,2,12,34,8,2,5,5,3,3,0,3,5,14,173,122,95,62,42,54,14,72,134,372,28,21,16,13,11,8,1,11,24,56
113.75,17,14,7,7,6,5,0,9,16,32,1,0,0,0,0,1,0,0,1,3,14,6,6,3,2,4,0,4,7,25,3,1,0,0,1,0,0,0,3,3,56,34,34,29,30,17,3,33,57,164,75,51,34,26,22,8,0,9,46,41,7,5,2,0,0,4,0,0,8,9,4,2,2,1,2,0,1,1,3,8,24,24,12,13,4,11,2,6,24,26,65,42,32,21,17,15,0,12,43,76,3,1,1,1,2,1,0,0,0,4,2,3,4,0,1,2,0,1,1,8,0,0,0,0,0,0,0,0,0,2,10,8,3,4,2,2,0,2,7,9,0,0,1,0,0,0,0,0,0,0,6,6,4,1,1,3,0,2,6,10,51,34,32,23,15,21,3,18,39,94,17,13,11,7,4,3,0,3,9,40,5,3,4,1,1,3,2,5,5,17,6,3,5,1,1,2,0,2,4,12,12,12,10,5,7,5,2,6,12,26,26,11,15,9,6,12,1,11,14,35,64,40,30,25,10,20,3,23,39,125,9,3,3,3,4,3,0,6,7,19,8,2,5,1,3,1,0,3,3,9,12,6,4,4,2,5,0,3,11,17,0,3,5,3,3,3,0,2,1,1,10,8,8,4,3,0,1,10,10,35,10,15,10,9,4,2,0,5,9,35,10,6,4,5,1,1,1,2,7,6,151,125,98,67,34,63,10,57,132,344,29,15,10,12,7,13,1,10,17,62
114.25,21,14,16,9,9,5,1,5,22,32,1,0,1,0,0,0,0,0,2,2,10,4,8,4,4,4,0,3,12,17,1,2,4,1,0,0,0,0,1,5,48,40,29,23,23,19,5,26,46,148,68,48,33,21,9,20,0,11,42,48,6,6,4,2,0,0,0,3,6,16,1,1,1,1,1,1,0,3,3,11,26,16,11,8,6,7,0,8,24,34,68,44,31,19,11,13,2,11,55,51,1,0,1,1,0,1,0,1,2,2,4,2,2,3,2,2,0,3,3,7,0,0,0,0,0,0,0,0,0,0,8,6,3,3,3,3,0,1,8,17,0,0,1,0,1,0,1,0,1,0,4,8,4,1,3,1,2,7,5,6,50,38,24,16,13,18,2,17,39,74,12,6,7,5,3,6,0,2,16,30,4,0,1,1,1,1,2,4,4,15,3,0,1,1,1,1,0,1,3,11,20,11,3,4,3,4,0,6,10,20,26,18,19,9,15,10,0,5,17,37,62,38,25,19,22,20,2,26,54,109,7,9,8,0,2,2,0,3,11,20,10,3,1,1,0,1,1,1,4,4,9,9,7,7,2,6,0,4,6,18,6,4,1,2,2,0,1,1,4,5,14,5,6,5,4,2,0,3,16,18,17,12,6,13,3,5,3,4,23,20,10,4,9,0,3,1,0,4,11,8,166,96,84,66,45,44,12,88,125,312,22,17,19,11,9,12,3,11,20,59
114.75,12,12,8,6,5,8,4,2,15,30,0,2,0,0,0,2,0,1,1,2,12,9,3,6,2,6,2,0,9,10,4,0,1,0,0,1,0,0,2,5,53,47,31,21,13,20,4,35,53,161,88,47,27,15,16,15,4,3,41,44,4,3,3,3,2,2,0,3,4,15,0,5,1,2,0,0,0,3,2,5,18,14,22,11,7,5,0,4,27,37,79,50,34,21,23,12,3,17,36,75,2,3,0,1,0,2,0,0,0,5,2,4,6,3,1,0,0,2,4,10,0,0,0,0,0,0,0,0,0,0,6,10,2,0,3,3,0,2,6,11,0,0,0,0,0,1,1,0,1,1,9,1,7,3,2,3,0,1,7,7,57,42,19,21,14,22,0,13,42,87,17,8,6,5,7,4,1,6,11,26,5,2,1,1,0,2,0,1,3,13,1,1,3,2,0,2,0,5,4,13,13,5,9,7,3,8,1,9,14,20,38,14,12,11,9,5,0,7,17,26,53,33,32,18,17,18,4,24,47,123,6,7,5,3,4,2,0,4,4,13,9,6,4,1,2,0,0,0,4,5,16,11,4,4,5,3,0,5,11,12,4,1,3,3,1,1,1,1,4,12,11,10,6,2,0,4,2,3,14,17,14,7,3,6,5,5,0,5,6,21,9,6,9,2,0,5,0,1,4,10,156,106,69,66,50,63,12,79,124,319,28,16,11,8,4,9,3,13,30,45
115.25,15,21,12,9,2,9,0,14,20,40,1,1,1,1,0,1,2,0,1,0,8,5,12,5,2,1,1,9,8,19,1,4,0,1,0,1,0,0,4,3,58,32,28,32,18,14,6,31,53,165,73,46,32,17,14,13,2,9,34,47,3,1,3,1,3,0,0,1,5,9,2,1,2,1,0,1,1,1,4,3,23,17,11,12,5,17,1,8,20,34,65,40,30,20,13,18,1,16,51,82,1,0,2,0,1,0,0,1,1,7,3,9,6,2,2,1,0,4,4,7,0,0,0,0,0,0,0,0,0,0,5,5,5,0,1,4,0,2,10,9,0,0,0,0,0,0,0,0,2,0,5,2,4,2,4,1,1,5,4,7,45,29,21,21,19,16,3,13,44,95,9,10,4,8,4,1,1,5,10,35,5,4,8,0,1,1,0,1,5,8,5,4,2,2,1,2,1,2,3,10,20,15,7,5,5,3,0,7,9,41,27,27,19,9,7,8,1,8,20,39,52,41,37,21,17,24,2,23,48,117,2,3,4,5,1,1,2,3,8,7,6,5,2,2,1,2,0,3,0,7,14,11,5,5,1,0,1,6,9,19,3,4,1,4,0,0,1,0,4,5,8,8,6,5,3,5,1,2,10,18,16,20,8,0,4,1,1,6,9,29,7,1,6,7,3,0,1,1,9,5,136,87,92,67,46,41,13,79,109,326,23,10,7,13,11,8,1,10,21,42
115.75,12,12,8,5,5,7,2,8,9,29,1,0,0,0,0,0,1,0,2,0,11,5,6,5,4,3,1,1,8,27,1,1,2,0,1,1,0,0,1,5,45,46,36,24,10,23,5,38,60,176,76,39,47,18,7,18,1,6,45,51,6,3,7,2,0,1,0,1,4,7,1,0,0,0,2,0,0,0,1,5,22,10,10,6,2,8,1,9,17,44,52,48,43,17,17,19,0,12,55,75,3,0,0,0,0,2,0,0,0,1,6,4,1,3,0,0,0,1,2,13,0,0,0,0,0,0,0,0,0,0,15,3,2,2,4,5,0,2,6,7,0,0,1,0,0,0,0,0,0,3,9,4,1,5,2,1,0,3,3,12,42,37,41,16,14,19,5,17,32,101,21,2,5,8,8,7,1,10,8,26,6,2,1,4,2,2,0,2,6,9,4,4,5,3,0,0,0,2,1,10,14,12,6,4,5,4,0,5,14,36,34,22,12,6,7,7,3,13,32,38,41,36,30,21,13,8,5,24,41,85,6,3,2,7,4,0,1,4,2,12,4,7,2,4,0,0,0,1,7,4,13,9,9,4,7,5,1,3,9,15,6,4,3,0,0,1,0,1,2,6,9,7,7,2,1,5,1,5,11,22,7,8,4,0,5,4,1,3,15,32,14,10,7,2,1,2,1,2,6,8,136,116,67,55,41,45,15,57,127,296,27,25,9,9,5,8,0,11,17,53
116.25,20,9,10,2,6,7,0,7,13,34,2,0,1,0,1,0,0,0,0,2,8,9,8,3,4,1,0,3,3,20,2,0,2,0,0,2,0,0,3,0,50,37,32,30,17,18,5,39,47,184,108,46,28,26,15,15,2,11,42,58,6,4,2,0,3,2,0,3,7,9,3,2,2,2,0,1,0,0,2,5,24,14,19,7,3,1,2,11,18,34,71,36,33,22,15,15,3,13,56,72,0,0,0,1,1,0,0,0,0,2,5,3,2,1,0,1,0,3,4,11,0,0,0,0,0,0,0,0,0,0,12,3,5,1,4,1,1,2,5,12,0,0,0,0,0,0,0,0,0,1,3,6,0,1,1,4,1,3,6,9,32,25,33,24,15,21,6,21,43,81,12,8,8,3,1,5,2,3,12,27,4,4,4,2,2,1,0,4,1,14,9,3,1,3,0,2,0,3,3,12,14,11,12,4,7,2,1,7,14,28,23,14,11,11,6,5,3,7,23,30,44,28,21,20,8,11,1,21,40,98,6,5,5,2,4,4,1,1,4,21,3,2,3,0,1,1,1,2,2,14,12,10,7,2,4,7,1,3,9,17,10,3,2,0,0,3,0,2,1,8,16,5,5,2,0,0,0,4,12,14,12,11,4,3,5,6,1,10,21,28,6,5,1,3,0,0,0,1,1,10,144,96,71,63,46,50,18,62,149,293,20,16,22,7,3,13,2,14,21,41
116.75,9,9,11,10,6,6,0,5,16,32,1,0,0,0,0,0,0,4,0,2,15,0,6,2,1,5,0,4,5,26,2,3,0,0,0,1,0,1,0,3,43,44,29,14,15,21,8,22,41,146,81,58,35,13,10,11,3,7,57,42,7,2,3,3,3,1,0,5,6,7,1,0,0,2,1,0,0,0,1,5,24,21,10,7,6,9,1,6,24,36,59,32,27,20,16,12,1,14,36,67,1,4,1,1,2,0,0,2,2,1,2,0,4,3,3,0,0,1,4,5,0,0,0,0,0,0,0,0,0,0,9,4,6,0,4,2,0,2,11,9,1,0,0,0,1,0,0,0,0,0,2,4,2,1,0,1,2,2,7,11,42,24,30,17,10,19,5,13,37,82,6,19,9,6,3,6,0,4,4,25,5,5,2,3,2,0,0,2,3,15,6,3,2,3,6,0,0,2,1,14,18,11,6,3,1,5,0,4,9,25,27,19,9,8,3,13,2,10,28,40,44,29,25,15,13,13,4,16,31,99,3,5,2,1,2,2,1,4,7,18,4,2,1,1,0,1,1,1,3,7,10,11,8,3,1,6,0,2,7,27,2,1,2,1,2,1,0,1,6,8,9,8,7,10,2,1,0,6,14,27,13,7,11,5,2,1,3,4,9,37,7,4,3,6,2,1,0,1,8,9,104,84,80,56,40,46,16,54,101,303,32,11,17,11,8,3,2,4,26,41
117.25,18,4,7,8,1,2,1,8,9,27,0,0,0,1,0,0,0,0,1,4,8,9,3,4,2,5,0,3,10,10,1,1,1,0,0,0,0,0,2,4,45,31,23,19,10,16,12,36,43,140,94,52,35,17,18,9,3,12,56,50,6,4,4,1,1,2,0,4,6,13,2,1,2,0,2,0,0,3,0,6,18,18,15,8,6,4,0,5,24,38,60,43,31,22,17,16,3,16,41,87,1,0,0,0,0,1,0,0,5,4,6,3,2,3,1,1,1,1,2,5,0,0,0,0,0,0,0,0,0,0,8,3,5,2,1,3,1,2,7,7,1,0,0,0,0,0,0,0,0,0,2,2,1,3,2,2,1,2,2,23,37,38,21,13,19,12,3,17,30,81,13,7,7,3,4,1,1,8,11,18,7,4,2,3,1,2,1,1,3,13,2,4,0,0,1,0,0,3,4,15,12,5,7,4,3,5,4,10,9,20,19,16,13,8,4,9,3,6,17,32,57,40,22,22,18,17,4,26,30,105,5,4,0,3,0,3,1,2,6,15,6,1,1,4,3,0,0,3,2,4,16,7,9,2,1,3,0,2,10,17,6,5,5,0,0,0,0,1,0,7,9,8,7,2,6,2,1,4,7,22,13,7,8,6,0,5,0,4,20,25,11,4,2,2,1,2,0,0,2,11,151,88,64,54,43,50,11,60,122,264,22,9,14,9,10,3,2,13,13,45
117.75,18,10,7,11,3,6,1,4,6,29,2,1,0,1,0,0,0,0,0,4,9,8,6,8,0,2,0,4,5,16,2,0,0,1,1,0,0,0,3,1,43,25,25,15,17,20,6,34,49,141,90,50,43,25,14,19,3,9,48,52,6,0,4,1,1,3,1,2,2,13,2,0,0,1,0,2,0,1,1,10,20,14,16,7,9,5,2,5,17,33,64,42,32,16,18,15,4,10,55,73,0,0,1,2,0,1,0,1,1,7,3,5,1,0,1,1,0,2,3,9,0,0,0,0,0,0,0,0,0,0,12,7,3,3,2,2,0,7,8,13,0,0,0,0,0,1,0,0,1,0,4,1,5,6,0,0,1,2,2,13,40,35,29,20,5,14,4,19,45,83,16,7,7,3,4,2,2,6,14,29,2,6,6,3,1,1,2,2,0,12,3,3,2,1,0,1,0,2,4,7,10,12,7,7,7,3,1,7,2,25,16,21,7,7,7,7,3,6,11,30,52,41,25,17,13,15,6,23,44,110,7,8,2,2,1,6,0,5,9,11,5,4,3,3,0,2,0,2,0,8,17,9,7,4,9,2,3,2,13,18,7,3,2,1,3,0,0,1,7,7,12,2,5,5,3,3,0,0,13,12,7,4,6,5,2,4,0,7,13,28,15,5,4,5,1,1,0,3,5,6,115,105,97,57,41,39,8,65,112,278,21,13,14,12,8,11,0,9,24,37
118.25,10,8,3,4,5,4,2,6,13,37,1,0,0,1,0,0,0,0,0,1,6,5,4,3,2,0,0,2,6,21,2,1,0,0,0,2,0,1,2,6,49,24,22,9,15,22,5,23,57,150,95,46,45,19,13,11,0,10,53,46,0,4,4,0,1,2,0,1,2,6,2,2,1,1,2,2,0,3,0,5,22,11,8,8,10,8,1,3,21,32,71,52,25,30,16,16,6,7,45,73,0,1,0,0,0,1,0,0,1,7,2,2,3,2,2,2,0,2,2,6,0,1,0,0,0,0,0,0,0,0,8,10,5,4,1,2,0,3,6,10,0,0,0,0,0,0,0,0,0,1,8,5,5,4,3,3,1,2,2,9,37,15,17,13,10,15,3,19,23,85,18,9,2,4,3,5,0,5,12,21,5,2,1,4,0,3,0,3,8,14,1,2,3,2,2,2,1,1,5,8,9,9,8,1,1,7,1,6,14,24,21,17,17,6,4,10,0,6,27,37,36,23,20,18,8,20,3,17,42,88,4,3,4,2,1,1,1,1,4,20,2,5,6,3,1,1,0,1,5,6,15,7,4,5,4,5,0,2,10,17,4,5,3,1,1,3,0,1,3,6,9,10,13,3,2,2,1,1,4,25,12,11,7,2,3,1,1,4,11,18,7,5,4,4,2,1,0,1,4,8,121,79,75,60,43,37,11,60,124,291,25,26,15,6,7,13,1,13,15,46
118.75,26,8,6,5,3,6,0,7,15,28,1,0,0,2,0,0,0,0,0,0,7,3,5,3,0,3,1,2,3,20,2,0,4,0,1,0,0,0,0,1,26,25,27,22,16,13,7,31,39,140,94,55,39,21,17,19,4,18,49,51,8,3,3,5,0,0,0,0,2,7,0,2,1,2,1,0,1,3,2,5,16,15,6,9,6,5,3,8,16,39,56,40,21,23,10,20,1,12,39,84,0,2,0,1,2,0,0,2,1,3,2,2,0,4,3,1,0,0,6,7,0,0,0,0,0,0,0,0,0,0,9,11,4,3,1,3,1,4,7,15,0,0,0,0,0,0,0,0,0,0,5,7,2,2,1,1,1,1,8,12,36,29,30,18,11,11,2,16,33,86,16,9,2,4,3,5,0,2,11,27,6,2,2,5,0,2,0,1,6,12,3,0,0,1,1,1,0,3,1,8,11,10,9,1,4,5,1,6,11,19,24,12,12,7,5,5,2,7,22,39,39,24,18,13,10,16,0,25,32,94,4,4,5,2,0,3,1,3,4,14,6,2,4,1,5,1,0,1,6,8,13,4,4,5,1,1,0,3,11,9,6,4,1,0,2,0,0,1,2,11,9,6,4,3,1,3,1,8,5,30,13,6,6,2,3,2,2,4,10,32,13,6,9,2,2,1,0,1,3,14,108,71,67,44,31,38,9,40,113,283,25,12,14,12,9,13,6,9,19,52
119.25,16,13,13,6,3,4,1,14,5,29,0,1,0,0,0,0,0,0,0,3,6,5,3,5,2,2,1,4,7,10,2,3,1,0,1,0,0,1,1,3,54,22,22,30,17,19,5,21,49,156,92,45,37,26,14,12,3,15,44,56,7,2,0,2,1,0,2,3,2,12,2,0,2,1,1,1,0,1,1,8,25,18,11,7,6,3,0,2,14,38,55,23,21,17,12,14,6,14,46,66,1,0,0,0,0,0,0,1,0,4,5,3,4,4,2,1,0,1,5,7,0,0,0,0,0,0,0,0,1,0,10,4,3,2,3,3,0,1,7,7,1,0,1,0,0,0,0,0,0,0,4,5,4,2,2,1,0,2,4,10,38,25,30,14,12,10,1,14,32,87,10,9,11,2,3,4,0,6,9,26,3,4,1,2,0,0,0,3,1,12,3,3,3,1,0,3,0,0,2,7,14,9,8,4,5,2,0,8,9,26,30,15,15,8,5,10,0,7,21,36,48,33,34,24,11,14,4,21,38,113,7,3,1,3,4,2,1,5,9,14,4,1,2,1,1,6,0,2,3,3,11,7,5,5,1,3,1,7,5,17,2,2,2,4,2,3,0,0,2,8,11,6,4,8,5,1,2,2,7,22,14,13,8,3,2,6,1,6,11,18,13,7,3,7,2,1,0,1,7,8,121,77,70,46,47,35,14,60,112,311,23,13,14,12,5,4,1,13,17,42
119.75,10,16,9,9,6,3,2,8,14,30,0,2,0,0,0,0,0,1,1,0,7,1,2,1,4,2,1,2,9,11,3,1,0,0,1,0,0,0,1,2,32,31,26,12,8,22,5,26,32,130,92,39,47,19,10,14,0,10,45,46,5,2,2,1,1,2,0,2,3,7,3,1,1,0,0,1,0,1,0,5,24,12,13,8,5,6,3,9,13,43,46,39,32,14,6,12,3,16,40,73,0,2,0,1,0,2,0,0,1,2,4,2,0,4,0,1,1,0,3,5,0,0,0,0,0,0,0,0,0,0,7,12,1,4,0,4,3,5,4,7,0,0,1,0,0,0,1,2,0,2,11,4,1,0,1,2,0,3,6,13,35,14,24,19,5,12,3,20,30,61,15,7,6,3,1,1,1,3,12,15,3,1,4,0,1,1,0,4,2,13,3,1,6,0,1,2,0,3,1,8,15,4,6,7,1,7,1,4,10,17,26,20,17,9,5,6,4,14,12,37,38,30,17,21,15,16,7,16,37,85,2,2,2,0,0,2,1,4,6,17,2,3,0,3,1,0,0,0,0,7,20,10,9,6,2,1,1,2,12,16,4,4,2,1,1,1,0,1,2,6,10,7,4,6,1,4,2,2,10,11,17,5,7,5,3,1,1,3,8,26,4,6,4,3,2,1,0,2,5,8,116,95,61,42,32,41,9,67,107,266,19,16,10,7,9,5,1,6,29,50
120.25,18,10,5,5,4,2,1,3,11,38,0,0,0,0,0,0,0,0,2,1,8,4,4,4,4,2,0,4,3,18,1,0,1,0,0,1,0,1,4,1,34,23,17,25,8,13,5,29,24,133,95,51,57,18,20,14,2,11,41,49,3,1,2,2,1,0,0,1,3,8,1,0,2,0,1,1,0,1,1,4,19,9,13,8,4,6,0,8,13,34,60,40,27,21,8,10,0,15,30,73,2,0,0,0,0,1,0,0,0,1,3,1,1,0,0,1,1,0,3,6,0,0,0,0,0,0,0,0,0,0,2,7,2,3,0,0,0,2,5,4,1,0,0,0,0,0,0,0,0,0,1,5,2,1,0,4,0,4,1,5,39,28,16,15,15,6,1,15,28,71,12,13,6,2,5,2,0,1,5,18,5,4,3,1,0,1,0,3,6,12,4,1,0,3,2,0,0,2,2,9,12,8,12,6,5,4,0,2,9,15,26,11,12,11,6,5,1,8,26,36,42,24,21,14,8,9,3,18,36,106,7,1,2,4,1,3,0,6,1,9,1,4,1,3,0,3,0,3,4,10,18,7,6,3,2,6,1,4,5,20,1,2,0,2,0,2,1,2,4,8,6,2,6,5,4,0,0,4,6,19,11,8,11,4,7,5,2,3,7,22,7,7,7,5,4,0,0,1,6,12,111,86,74,53,43,57,9,55,92,274,23,17,10,6,9,8,1,8,18,44
120.75,21,11,9,3,5,5,2,9,10,34,0,0,0,0,0,0,0,1,0,0,1,9,4,1,0,2,0,4,4,26,2,1,0,1,1,0,0,1,0,3,46,26,26,15,8,7,5,27,31,116,88,51,37,19,15,13,1,7,33,54,1,3,1,2,3,2,0,0,2,11,4,2,0,0,1,1,0,3,2,5,18,14,15,7,7,7,0,7,13,28,59,35,31,11,12,8,1,17,32,73,0,0,0,0,1,0,0,1,0,2,4,1,0,1,0,1,0,1,6,8,0,0,0,0,0,0,0,0,0,0,9,1,3,3,5,2,0,0,10,9,1,0,1,0,1,0,0,0,0,0,6,3,3,1,1,0,0,5,5,6,38,20,14,16,11,11,1,25,33,78,20,5,4,4,4,2,2,6,9,16,4,2,2,0,2,1,1,3,2,11,3,1,1,2,1,0,0,2,0,6,15,10,5,2,1,4,0,6,12,21,25,8,14,11,4,4,0,13,17,38,39,31,17,10,8,13,6,22,36,100,2,5,1,1,2,0,1,1,3,7,2,4,0,1,2,0,1,3,4,8,10,13,4,4,0,3,1,4,15,17,5,1,3,0,3,1,0,0,3,7,4,9,5,0,2,0,1,4,9,30,10,6,3,7,2,3,0,6,5,17,10,6,2,7,3,3,0,0,10,13,101,75,56,43,25,42,14,53,96,253,17,9,7,10,5,7,2,9,15,37
121.25,17,12,12,5,2,3,0,3,10,25,0,0,0,1,0,0,0,0,0,0,8,5,2,2,4,2,0,5,4,18,1,0,0,1,1,0,0,0,0,2,46,39,18,17,12,11,3,22,29,122,83,43,41,21,20,15,0,7,52,55,2,2,4,2,0,1,0,0,3,7,0,1,0,0,1,1,0,1,0,8,20,8,11,5,3,7,3,9,12,40,78,32,16,27,10,11,0,15,35,64,1,1,1,0,0,0,0,0,0,2,4,1,3,1,1,0,0,1,1,9,0,0,0,0,0,0,0,0,0,1,12,7,3,1,0,4,0,0,3,8,1,0,0,1,0,0,0,0,0,1,5,2,3,4,4,4,0,3,3,9,46,23,16,19,8,17,5,15,35,58,13,8,6,6,3,3,1,3,9,16,4,4,4,2,2,1,0,5,5,12,1,6,1,1,1,2,1,2,3,6,8,10,3,3,4,1,1,4,9,25,23,12,12,13,4,7,1,7,15,45,45,30,19,7,6,9,2,20,36,69,6,4,3,1,0,2,0,4,2,12,4,1,2,0,0,3,0,2,2,10,9,3,7,5,2,1,1,5,14,21,2,2,2,3,2,2,0,2,1,8,7,5,5,3,2,5,0,2,6,15,9,2,4,4,1,3,0,3,5,22,13,4,4,3,2,2,0,2,7,14,106,76,52,30,35,31,12,55,101,232,19,10,10,7,6,6,3,11,13,50
121.75,16,7,11,5,5,5,0,6,10,29,0,0,1,0,0,0,0,0,0,3,5,2,3,3,3,3,1,1,4,12,2,3,0,3,2,0,0,1,0,4,33,18,13,19,6,8,3,22,39,106,94,50,34,20,25,16,2,8,60,45,0,8,1,2,1,1,0,0,4,8,0,0,3,1,0,3,0,4,4,6,33,8,1,3,9,10,3,7,15,33,62,47,33,18,12,17,2,8,43,75,0,0,0,0,0,0,0,1,1,1,1,1,1,1,1,3,0,1,2,4,0,0,0,0,0,0,0,0,0,0,7,7,6,5,2,1,0,0,5,12,1,1,0,0,1,0,0,0,0,1,2,1,1,0,0,2,1,1,5,8,34,27,11,15,15,16,4,13,29,74,14,14,8,1,3,4,2,4,7,23,2,0,5,2,0,2,2,4,5,6,0,1,1,2,1,0,0,1,2,3,9,3,3,6,2,1,0,10,14,16,17,9,14,7,10,5,0,5,12,30,33,30,14,21,11,13,4,22,45,87,6,3,2,2,0,2,0,3,6,16,2,2,0,2,2,1,0,2,3,13,13,7,8,1,2,2,1,1,7,19,2,2,1,0,0,3,1,3,2,7,8,7,5,7,3,4,0,4,5,25,11,10,4,5,0,3,1,2,6,16,8,2,4,2,1,4,1,4,4,18,123,68,56,31,25,45,10,55,88,233,16,23,10,8,7,5,1,8,13,40
122.25,13,5,4,6,2,5,1,2,18,18,1,1,1,0,0,0,0,0,0,3,8,5,5,2,1,4,0,4,5,12,1,0,2,0,0,0,0,0,2,1,45,33,16,17,9,11,5,29,26,126,85,46,46,26,18,15,1,7,51,65,6,1,2,4,1,0,2,0,1,5,2,3,1,3,0,0,1,0,1,4,15,13,3,9,5,4,3,5,14,22,56,34,21,16,15,6,2,14,53,59,2,2,1,0,0,0,0,0,0,2,7,5,1,1,0,2,0,1,4,5,0,0,0,0,0,0,0,0,0,0,5,4,2,0,6,4,0,2,12,8,0,0,0,0,0,0,0,0,0,0,5,3,2,0,0,0,0,2,4,15,39,28,20,9,10,16,4,9,29,79,14,10,6,4,6,6,1,8,6,16,3,1,3,6,0,0,0,3,1,10,5,1,0,3,1,4,0,3,2,12,9,6,8,4,1,0,0,5,10,12,22,10,5,7,8,6,3,5,13,30,34,28,16,16,14,13,3,15,35,87,4,2,2,1,3,0,1,3,0,13,5,1,4,1,2,2,0,2,4,14,11,3,7,4,3,0,0,2,5,14,7,5,0,0,0,1,0,2,6,6,9,4,6,2,1,1,1,1,4,22,14,12,5,4,1,5,0,4,6,21,3,8,8,3,2,2,0,2,6,6,118,61,45,50,27,31,8,59,77,234,21,9,10,5,6,5,0,13,12,39
122.75,14,15,5,3,1,5,0,5,5,33,1,0,0,1,0,0,0,0,0,0,9,6,6,1,4,1,1,2,4,17,3,2,0,1,0,1,1,0,0,2,39,27,20,11,8,8,4,16,35,113,94,45,38,28,13,16,4,11,44,64,2,3,2,3,0,0,0,4,5,4,2,0,0,1,0,0,0,0,2,3,23,6,8,9,0,5,0,9,13,35,40,42,21,17,11,11,3,15,51,75,1,0,0,0,0,1,0,0,1,2,3,0,2,1,0,0,0,1,2,10,0,0,0,0,0,0,0,0,0,0,12,8,2,2,3,2,1,3,7,14,0,0,0,0,0,0,0,0,0,1,2,4,2,3,2,2,2,3,2,14,34,17,13,15,3,12,5,13,28,86,15,2,8,5,3,2,0,1,8,16,7,1,1,0,1,0,0,1,2,9,2,2,0,1,1,1,0,2,1,3,13,8,5,0,0,2,1,7,15,22,20,16,10,4,8,5,1,7,12,30,40,22,12,10,7,12,2,26,36,93,3,4,2,1,1,0,0,1,2,7,5,1,0,1,1,0,0,2,2,5,12,9,4,6,2,1,0,4,8,12,4,2,1,1,1,2,0,1,6,6,6,6,3,6,3,2,0,3,5,16,11,4,11,3,1,1,3,4,11,8,7,5,2,0,0,3,0,4,10,12,98,70,52,36,32,32,14,58,71,247,26,11,8,11,6,4,0,13,15,38
123.25,16,13,6,6,4,6,2,6,16,21,0,0,0,0,0,0,0,0,0,1,7,3,4,5,1,2,0,0,3,14,1,1,0,0,0,1,0,0,0,0,36,25,17,16,11,11,4,23,33,115,80,50,33,24,14,23,3,10,42,57,3,6,1,0,0,2,0,2,2,6,2,1,0,2,0,0,0,2,0,4,14,15,11,5,4,4,1,6,12,37,52,36,28,14,16,16,4,12,28,65,2,0,0,0,0,0,1,2,1,1,6,1,3,1,0,1,0,2,0,4,0,0,0,0,0,0,0,0,0,0,7,5,4,1,1,1,0,0,2,15,0,0,1,0,0,0,0,0,0,0,8,1,0,0,0,3,1,1,7,10,24,24,21,16,5,11,4,11,34,56,14,8,7,8,1,3,1,3,7,17,1,0,3,4,1,0,0,0,2,11,2,2,0,0,0,1,1,3,1,8,18,4,7,6,5,3,1,4,3,18,17,9,13,4,3,4,0,7,13,21,38,21,17,14,8,14,5,15,33,75,2,3,3,0,0,1,0,2,3,11,7,4,2,2,0,0,0,2,2,2,11,6,3,3,4,2,0,3,9,12,4,1,5,2,0,0,0,1,4,4,4,3,2,1,2,3,0,2,5,23,12,9,6,8,2,4,0,3,4,14,9,2,10,2,1,3,0,1,1,7,84,65,53,36,21,46,7,61,95,259,19,13,6,7,5,6,2,8,9,41
123.75,21,4,7,6,4,3,0,5,11,29,0,1,0,0,0,0,0,0,0,1,5,4,9,5,1,3,0,5,6,9,4,1,0,0,0,0,0,0,0,2,29,27,17,10,8,11,5,16,36,89,96,51,40,22,10,15,4,7,41,72,4,2,1,3,0,1,0,2,2,10,2,0,0,0,0,1,0,1,0,2,15,13,14,4,4,6,1,7,10,31,53,36,24,16,15,14,1,18,36,74,2,0,1,0,1,1,0,0,0,1,5,1,2,1,0,1,0,1,2,8,0,0,0,0,0,0,0,0,0,1,6,4,3,0,3,2,0,2,7,10,0,1,1,0,0,1,0,0,0,0,5,1,3,3,1,0,0,2,6,12,25,17,8,16,6,8,1,12,25,71,14,4,8,5,3,3,1,4,9,16,5,1,1,2,1,0,0,1,4,8,1,3,1,0,1,0,0,0,2,3,15,6,5,4,5,4,1,4,8,15,24,12,11,4,2,6,1,1,13,22,35,27,24,9,7,6,1,10,25,93,4,3,1,4,0,1,1,1,9,12,2,2,1,4,2,2,3,3,0,8,10,8,4,0,2,2,0,3,14,17,2,3,1,1,2,0,0,3,1,7,8,4,5,2,2,5,1,3,7,22,13,7,4,2,4,0,1,4,7,15,8,5,2,3,1,2,1,3,7,10,92,62,49,45,24,34,8,34,77,239,25,15,12,4,3,11,0,7,15,32
124.25,8,10,6,8,3,4,0,5,9,29,0,0,0,0,0,0,0,0,0,3,7,6,1,5,2,2,0,1,7,21,1,0,3,0,0,2,0,0,1,4,35,27,15,11,8,21,5,23,20,132,97,43,34,28,12,16,0,7,60,56,3,3,2,2,0,0,1,1,3,9,1,1,1,0,0,1,0,1,2,3,16,9,6,8,2,5,0,4,15,34,44,29,31,17,10,9,1,11,33,78,0,0,0,0,0,1,0,1,2,3,4,0,2,1,1,0,0,1,4,9,0,0,0,0,0,0,0,0,0,1,6,5,3,2,1,1,0,1,5,6,1,0,0,0,0,0,0,0,0,0,4,1,0,1,0,1,1,0,5,6,32,14,18,5,12,9,3,11,21,90,11,12,1,8,2,2,0,4,6,16,5,5,2,2,2,1,0,2,3,6,0,0,1,1,1,2,0,2,3,6,14,10,3,3,2,1,0,2,7,16,17,10,11,6,6,4,1,10,10,28,44,32,17,10,3,9,2,25,27,83,5,4,2,0,1,2,0,3,2,12,3,4,0,2,0,2,0,0,5,5,10,6,10,3,3,2,0,2,5,12,4,0,1,3,0,0,0,0,1,7,9,6,4,5,1,5,0,4,3,14,11,8,7,2,3,3,1,5,9,22,8,2,7,2,0,4,0,5,6,9,85,71,55,36,24,39,7,55,67,247,16,13,4,5,4,5,3,6,17,38
124.75,10,12,6,1,4,4,1,8,13,28,1,0,0,0,0,0,0,1,0,4,9,4,3,2,1,1,1,3,4,17,0,3,0,1,1,0,0,1,1,1,20,23,19,12,9,8,1,21,24,93,86,60,42,21,10,16,2,8,47,60,6,1,0,0,0,1,0,0,5,7,0,1,1,0,0,0,0,0,0,4,19,18,8,4,2,2,1,8,15,39,42,29,18,15,12,13,1,10,39,63,1,1,0,0,0,0,0,0,2,2,2,3,1,2,3,1,0,2,3,10,0,0,0,0,0,0,0,0,0,0,7,4,7,0,1,5,0,2,5,11,0,0,1,1,0,0,0,0,0,0,6,1,1,1,1,3,0,2,2,4,28,14,17,12,5,9,2,14,26,72,12,4,8,4,3,4,2,6,9,16,2,2,1,1,0,1,0,2,0,9,1,2,3,1,0,2,0,2,3,2,14,8,6,5,6,1,1,2,9,19,26,16,9,9,1,10,1,8,12,26,41,26,10,10,6,5,3,15,35,73,3,1,2,1,0,3,0,0,2,9,2,0,4,0,0,0,0,2,0,4,10,8,8,4,2,1,1,2,7,12,5,1,3,2,1,2,1,2,1,8,6,7,1,1,4,4,1,6,10,18,6,12,5,4,2,0,1,7,6,14,8,2,8,3,3,1,0,3,5,8,104,60,41,42,28,25,8,38,90,227,20,12,11,3,7,7,2,7,15,39
125.25,12,7,8,2,2,5,0,6,9,33,1,0,0,0,0,0,1,1,0,1,6,5,2,2,0,5,0,2,4,13,0,0,0,0,0,0,0,0,0,3,30,29,14,13,15,6,6,19,33,110,98,39,25,20,21,12,2,8,49,55,2,1,3,0,0,0,0,2,4,10,1,2,0,0,1,0,0,0,2,4,17,12,4,5,3,4,2,9,15,22,49,35,32,9,18,20,2,18,43,76,0,1,0,0,0,0,0,1,0,6,5,4,1,0,2,2,0,2,2,7,0,0,0,0,0,0,0,0,0,0,6,4,4,2,0,2,1,5,6,8,0,1,0,0,0,0,0,0,0,0,2,4,2,0,0,0,0,3,4,9,20,20,19,11,11,6,1,9,21,57,2,3,2,4,2,2,1,4,5,18,3,4,0,0,4,1,0,3,4,9,0,1,1,1,0,1,1,0,4,7,12,2,5,6,3,4,0,7,14,14,20,12,11,9,2,2,1,6,13,21,26,22,15,13,10,17,2,16,31,66,2,0,1,4,0,0,0,6,6,13,2,2,2,0,0,2,0,1,1,1,9,6,6,2,1,4,1,6,5,16,2,3,1,0,1,0,0,0,2,3,7,7,5,1,5,4,0,2,9,9,14,7,9,6,0,1,1,7,5,21,8,6,2,1,2,2,1,3,3,6,87,46,43,33,33,31,11,49,63,202,18,9,8,2,5,2,0,12,19,32
125.75,14,3,7,4,4,2,2,1,16,29,0,0,0,1,0,0,0,0,0,1,6,2,7,2,0,2,0,2,9,10,0,1,1,0,0,0,0,1,0,3,35,15,19,11,10,13,4,23,25,95,88,47,38,30,18,11,0,11,54,53,4,3,1,0,1,1,0,3,2,8,1,0,1,0,0,0,0,0,0,5,10,9,13,5,2,5,1,9,17,34,60,30,28,13,5,16,0,13,36,87,1,1,1,0,0,0,0,0,0,3,2,3,1,1,0,1,0,1,1,6,1,0,0,0,0,0,0,0,0,0,8,5,2,3,3,1,0,0,7,13,0,0,0,1,0,0,0,1,1,0,6,3,3,0,0,0,0,1,1,12,38,23,22,16,8,7,3,8,23,59,8,6,8,8,2,4,1,2,6,22,1,0,1,1,0,0,1,1,2,8,0,0,0,0,3,0,0,0,1,7,9,6,4,4,3,7,0,2,6,18,18,17,9,11,5,5,2,7,11,39,32,26,19,6,8,4,2,10,21,78,1,5,4,4,1,0,1,4,2,8,3,2,1,1,2,1,0,1,2,8,12,8,9,4,6,2,1,3,5,18,2,4,4,1,2,1,0,1,3,6,5,2,0,3,0,1,0,2,3,14,8,6,2,6,3,2,1,2,16,19,7,5,2,3,1,2,0,2,4,12,97,66,45,35,27,36,10,48,82,202,14,16,8,5,1,7,1,7,11,35
126.25,8,10,5,3,6,5,0,7,7,20,0,1,0,0,0,0,0,0,0,0,5,4,5,4,3,1,0,2,5,11,1,0,1,1,1,0,0,1,3,4,21,19,16,14,5,8,1,25,31,120,71,52,36,22,17,11,1,9,37,73,2,1,4,0,1,1,1,1,3,4,2,0,0,1,0,0,0,2,0,2,17,9,4,9,2,2,1,2,15,27,58,32,25,23,10,13,1,8,26,61,0,0,1,1,0,0,0,0,2,4,2,0,3,2,1,0,0,3,4,12,0,0,0,0,0,0,0,0,0,0,5,4,3,2,0,0,0,0,3,9,1,0,0,0,0,0,0,0,0,0,3,4,1,1,0,0,0,1,1,9,21,16,12,12,9,16,3,20,21,69,7,7,4,2,6,1,0,5,5,21,5,2,2,1,0,3,2,0,1,13,2,1,0,2,1,2,0,2,3,7,7,11,6,1,3,6,1,1,8,18,25,16,16,2,5,4,1,5,18,35,29,17,13,9,6,8,7,21,20,63,4,1,1,1,1,0,0,1,1,10,3,5,2,2,1,0,0,0,3,8,8,4,5,2,2,3,0,2,10,13,6,0,1,0,0,1,1,1,3,7,8,3,3,4,2,2,0,3,2,12,7,5,2,6,3,2,0,1,5,21,2,6,2,10,4,1,0,2,3,9,82,59,53,31,23,36,3,42,86,182,17,10,10,6,5,4,2,4,19,33
126.75,20,6,4,4,6,7,1,10,13,31,0,0,0,0,0,0,0,0,1,0,7,4,4,1,6,1,1,4,2,16,2,1,1,0,0,1,0,1,0,2,35,16,11,12,7,10,3,14,25,91,78,45,52,23,14,19,1,17,49,53,6,3,2,1,2,0,1,0,5,4,1,1,2,0,0,1,0,0,1,9,16,7,4,1,1,1,1,5,17,38,49,31,19,13,8,8,5,10,33,44,0,1,0,0,1,0,0,1,0,0,4,2,2,1,1,2,0,1,0,4,0,0,1,0,0,0,0,0,0,0,3,4,0,3,2,3,0,8,3,6,0,0,0,0,0,1,0,0,0,0,2,2,1,1,2,0,0,1,2,9,26,19,7,6,8,13,4,10,26,62,10,5,8,2,1,6,0,3,11,22,5,2,1,2,2,0,1,1,2,8,1,0,0,1,0,2,0,3,2,3,11,9,4,2,4,4,1,5,8,22,20,9,12,9,2,4,1,3,12,30,35,20,22,12,13,6,1,11,22,63,5,7,1,1,0,1,0,1,2,6,1,1,0,1,1,1,0,0,0,3,12,5,2,3,2,8,0,3,8,10,3,7,0,6,1,1,0,2,0,11,7,2,0,0,3,3,0,4,4,16,5,3,5,3,2,1,1,1,4,13,9,2,3,3,2,0,0,1,7,9,77,58,43,31,25,28,9,42,66,211,23,11,5,6,4,6,1,8,16,39
127.25,12,9,5,4,1,1,1,5,6,20,0,0,0,0,0,0,0,1,0,3,7,5,4,2,4,1,0,3,5,16,0,2,0,0,1,0,0,1,1,0,31,22,17,11,7,8,3,12,32,86,96,44,49,19,14,15,1,15,53,62,3,3,1,1,1,0,1,3,3,3,0,0,0,0,1,0,0,0,3,2,18,8,13,10,5,0,2,4,15,24,41,31,19,12,6,3,2,14,34,46,3,1,0,0,0,0,0,1,0,1,2,5,3,1,0,0,1,0,4,5,0,0,0,0,0,0,0,0,0,0,9,2,4,4,0,2,1,1,8,12,2,0,0,0,0,0,0,1,0,0,1,4,1,3,0,1,0,0,3,12,26,12,15,14,9,10,2,12,17,73,18,7,8,1,1,2,1,3,6,18,2,4,1,3,1,1,0,2,7,5,3,1,1,1,0,1,0,0,0,4,14,5,6,5,2,3,3,2,6,15,16,11,5,8,7,4,1,9,5,26,27,29,16,14,7,8,1,15,22,90,5,4,1,0,0,0,0,1,2,10,5,1,1,1,0,0,0,1,5,7,14,6,4,4,4,2,0,2,2,13,1,2,4,1,0,0,0,0,3,4,5,4,2,2,1,0,1,4,4,15,16,4,7,5,3,2,0,2,7,20,7,7,4,1,3,3,0,3,6,6,79,52,44,33,21,20,6,49,57,230,16,6,10,4,3,5,4,7,11,30
127.75,12,10,6,4,4,5,0,7,12,25,0,0,0,0,0,0,0,1,2,3,5,1,3,1,2,1,0,8,6,7,1,0,0,0,0,1,0,2,1,2,26,11,8,7,9,4,1,22,31,85,86,49,39,20,19,17,3,15,46,64,3,2,0,4,0,2,0,0,3,4,0,0,2,2,1,1,0,1,0,5,14,10,7,9,4,2,0,3,9,25,47,34,29,20,15,9,3,14,35,77,1,0,0,0,0,0,0,0,0,0,1,0,2,2,1,3,1,0,2,4,0,0,0,0,0,0,0,0,0,1,1,5,3,1,0,3,1,2,6,10,0,0,0,0,0,0,0,1,0,0,1,1,4,2,1,1,0,2,4,13,18,16,13,9,8,11,2,17,23,45,18,6,8,3,3,3,0,4,7,12,3,3,4,0,0,1,0,1,2,10,1,1,0,0,0,0,1,1,1,5,14,10,6,4,1,2,3,6,6,14,23,11,13,6,5,2,1,8,16,19,37,19,12,13,7,8,6,16,38,76,3,3,1,0,2,0,1,4,5,13,1,2,0,0,0,3,1,1,3,4,12,9,4,2,3,2,1,5,10,12,2,2,0,0,0,0,0,0,3,2,3,6,3,0,1,1,1,2,5,15,6,3,9,3,2,1,0,2,10,16,7,4,2,1,1,0,0,1,4,11,85,57,49,23,20,25,10,37,72,220,18,14,9,6,6,5,0,8,10,35
128.25,11,11,10,5,3,2,0,8,7,14,0,1,0,0,0,0,0,0,3,2,4,3,4,2,4,2,1,2,3,15,3,1,1,0,0,0,0,0,2,1,30,19,9,7,4,8,5,18,26,86,105,52,31,32,17,24,3,13,45,64,4,3,3,3,0,1,0,3,2,7,2,0,1,0,0,0,0,1,1,4,10,14,14,4,6,5,1,5,12,31,60,21,21,14,9,14,1,10,48,56,1,1,2,0,0,1,0,0,0,2,2,2,1,1,0,0,0,0,1,7,0,0,0,0,0,0,0,0,0,0,3,4,3,2,1,1,2,2,4,10,0,0,0,0,0,0,0,0,0,1,3,1,1,1,1,2,0,2,3,6,27,15,9,6,7,8,2,16,19,49,14,7,4,5,2,2,1,6,10,17,4,2,1,1,1,0,0,3,1,11,0,2,2,0,0,1,0,2,0,8,9,7,5,3,2,2,1,7,10,24,18,9,12,7,2,3,0,5,12,35,29,19,14,6,10,6,4,11,16,78,6,2,1,0,2,1,1,2,8,9,2,1,1,0,0,1,0,0,1,8,10,4,4,4,2,2,1,2,5,14,3,2,1,1,2,1,0,0,4,6,5,3,4,1,0,3,2,4,5,15,7,2,2,4,3,3,1,3,9,21,10,3,3,4,3,2,1,3,8,12,71,56,40,29,25,30,7,52,58,191,13,14,11,2,3,11,2,6,11,34
128.75,6,11,2,1,0,3,0,5,15,28,0,0,0,0,0,0,0,0,0,0,8,2,2,3,2,4,1,4,7,9,1,0,1,0,0,1,0,0,1,5,43,17,17,10,7,5,2,23,20,80,86,44,32,31,15,17,1,7,51,60,2,2,2,1,0,0,0,1,3,7,1,0,1,1,0,0,0,0,1,5,7,8,9,6,3,3,0,8,13,29,41,25,23,11,7,14,2,14,36,57,0,2,0,0,0,0,0,1,2,1,1,1,2,3,0,0,0,2,0,3,0,0,0,0,0,0,0,0,0,0,5,9,5,1,0,0,0,3,3,15,1,0,0,0,0,0,0,0,1,0,4,3,2,0,0,1,0,1,1,6,28,15,15,6,8,12,2,11,22,53,12,7,3,5,2,0,0,3,8,14,4,1,0,1,0,4,0,0,2,6,1,0,0,0,1,0,0,1,0,5,9,5,7,4,3,2,0,3,3,19,31,11,6,5,7,3,3,3,18,36,31,18,15,11,7,8,2,12,26,75,4,5,0,0,2,3,0,0,4,10,2,4,0,0,0,0,1,0,2,12,12,5,3,4,0,2,0,1,7,13,2,0,1,1,0,2,0,1,1,3,6,3,1,3,3,1,3,2,4,11,12,8,1,2,4,4,0,3,4,15,4,7,5,4,2,0,0,0,3,9,64,47,34,37,21,21,5,46,54,211,16,14,10,3,4,5,0,6,10,36
129.25,15,7,4,4,1,4,0,4,13,20,0,1,0,0,0,0,0,0,0,2,1,5,2,2,1,2,2,5,1,13,5,0,1,0,0,0,0,1,1,1,14,24,12,13,10,14,4,15,23,80,92,52,45,21,20,15,4,14,51,66,3,1,2,3,1,0,0,0,4,7,1,1,1,0,0,0,0,1,0,0,12,6,7,6,6,11,2,5,8,33,60,33,28,13,8,11,4,15,39,67,0,0,0,1,0,0,0,3,1,2,3,2,1,3,0,1,0,2,2,4,0,0,0,1,0,0,0,0,0,0,6,4,4,0,1,1,0,1,5,6,0,0,0,1,0,0,0,0,0,0,6,2,5,0,2,0,0,0,2,8,23,14,15,13,8,9,3,9,25,57,9,11,2,2,1,4,0,2,6,19,1,0,2,0,1,1,1,1,0,7,5,1,0,0,0,0,0,1,3,6,9,9,8,8,2,1,1,6,8,14,28,14,9,3,5,4,2,3,15,32,30,17,14,11,10,10,1,12,37,80,1,4,2,0,1,1,0,4,2,16,2,2,2,2,1,0,0,3,3,7,12,3,2,2,4,2,0,1,7,16,1,2,0,0,2,0,0,0,0,3,6,4,1,3,0,1,0,4,2,14,4,11,5,2,6,0,0,5,8,16,5,5,4,2,1,2,0,0,2,6,90,67,39,37,23,22,7,32,75,180,18,6,12,5,4,4,0,7,10,30
129.75,6,7,2,6,2,1,3,0,7,26,0,0,1,0,0,0,0,1,1,0,7,0,1,2,3,3,0,1,8,10,0,0,0,1,0,0,0,1,2,3,20,14,19,8,7,6,2,19,23,89,91,56,41,20,23,20,4,13,57,72,5,2,2,3,0,1,0,1,4,6,0,0,2,0,0,0,1,1,0,2,14,12,9,4,0,2,0,8,9,38,49,26,28,25,7,12,0,17,34,64,0,1,0,0,0,0,0,1,1,4,0,2,4,0,0,1,0,1,0,3,0,0,0,0,0,0,0,0,0,0,6,4,1,1,3,1,0,1,4,8,0,0,0,0,0,0,0,0,0,0,3,2,2,1,2,2,1,1,2,13,27,17,13,10,4,6,2,19,11,55,15,0,9,3,1,2,1,5,8,14,0,1,2,2,1,0,1,1,6,11,0,0,4,0,0,0,0,1,1,5,8,4,6,4,2,3,0,7,7,22,25,8,9,7,6,7,1,3,8,30,24,16,14,8,9,10,2,9,26,64,3,1,0,0,0,1,0,0,4,10,4,4,1,1,0,0,0,2,2,11,8,5,3,2,1,2,0,5,7,11,6,3,1,0,0,1,0,0,2,7,5,5,4,3,0,0,1,4,3,8,12,5,4,4,1,5,0,5,9,20,8,4,3,3,1,3,0,1,9,8,77,42,44,28,14,27,11,41,55,208,20,11,8,4,4,5,1,5,13,21
130.25,10,10,6,2,0,2,1,7,11,24,0,0,0,0,0,0,0,0,0,1,6,1,8,3,2,1,0,5,3,13,5,0,2,0,0,1,0,0,0,3,22,16,20,17,8,9,7,18,18,65,95,62,46,22,10,12,2,7,53,63,5,2,2,2,0,1,0,1,2,13,2,1,1,2,1,2,0,2,0,2,8,8,6,8,2,7,2,4,10,28,43,32,31,10,6,10,2,12,23,75,1,0,1,1,0,0,0,0,1,0,2,2,1,0,0,0,0,0,1,6,0,0,0,0,0,0,0,0,0,0,8,0,1,5,3,0,0,1,1,10,0,0,0,0,0,0,0,0,0,1,1,3,1,0,2,1,0,5,1,6,29,22,13,5,7,8,2,15,20,47,11,5,4,4,3,2,0,0,7,16,3,1,3,1,0,0,1,2,1,8,0,1,2,1,0,0,0,0,2,5,10,7,5,4,1,0,0,6,2,25,28,10,10,7,1,8,2,10,11,31,32,29,13,10,7,8,1,16,32,75,2,2,0,1,0,1,1,2,0,3,3,0,0,1,0,1,0,1,1,4,10,7,5,2,6,2,0,2,6,19,4,1,1,1,3,2,0,0,4,6,3,5,4,0,3,2,0,5,5,12,7,5,4,4,1,0,3,0,8,24,5,4,2,3,0,4,0,3,6,11,76,52,59,34,15,19,6,41,55,187,18,10,7,7,5,4,1,4,7,33
130.75,12,5,3,1,1,3,0,5,19,24,0,0,0,0,0,0,0,0,0,2,2,2,1,1,1,2,0,4,1,8,2,2,0,0,1,0,0,0,1,0,28,18,12,4,8,7,3,14,18,84,101,43,37,27,22,22,4,12,40,41,2,2,3,0,2,0,0,0,3,6,3,0,0,1,0,0,0,0,0,7,10,2,3,6,3,4,1,3,11,19,64,29,29,15,9,12,3,7,26,57,0,1,0,1,0,0,0,0,0,0,2,3,0,2,1,0,0,2,1,5,0,0,0,0,0,0,0,0,0,0,9,1,4,1,1,4,0,1,4,7,0,0,0,0,0,0,0,0,1,1,2,2,1,3,0,2,2,2,4,7,24,17,13,5,1,5,3,13,16,57,10,7,6,1,6,4,3,0,8,9,0,3,0,2,0,0,0,1,1,13,2,1,0,1,1,1,0,1,0,6,7,4,9,3,1,3,3,1,16,16,18,16,13,14,0,7,1,4,14,25,23,15,14,11,7,10,4,19,29,53,6,3,1,2,1,1,0,3,1,9,2,0,0,0,0,0,0,0,3,8,8,6,9,5,0,2,0,2,6,12,3,1,2,0,1,2,0,3,2,5,8,4,1,3,0,0,2,2,5,15,10,8,4,4,1,3,0,2,5,31,9,7,1,4,0,2,0,2,8,6,59,47,25,32,20,23,11,33,64,154,12,12,9,7,4,1,1,9,12,30
131.25,13,1,5,4,3,1,1,6,12,18,0,0,0,0,1,0,0,0,0,1,6,2,2,2,2,1,1,1,5,15,3,3,1,1,0,0,0,0,0,1,19,21,19,19,10,5,3,20,11,70,80,39,31,28,17,16,2,11,44,62,4,1,1,1,1,0,0,0,1,10,0,1,0,0,1,0,0,0,1,0,17,9,8,6,5,4,0,9,9,27,51,25,29,17,9,10,1,9,27,54,1,0,0,0,0,0,0,0,1,2,3,1,0,1,0,0,0,1,2,6,0,0,0,0,0,0,0,0,0,0,8,4,2,0,0,0,1,6,1,8,0,0,1,0,0,0,0,1,0,0,3,4,3,1,0,0,0,2,2,7,21,14,14,6,1,5,6,13,19,44,8,8,4,6,2,3,0,3,8,19,1,1,1,1,0,0,0,1,0,4,4,0,0,0,0,0,1,1,0,7,12,6,3,1,6,0,1,2,6,22,23,12,12,5,7,3,1,6,13,29,25,15,15,11,3,4,6,15,16,59,1,0,2,0,0,0,0,3,4,6,3,1,3,2,0,0,0,1,1,6,5,7,4,4,1,0,1,1,3,12,5,1,2,1,1,0,1,1,2,5,7,3,4,1,0,0,2,1,5,21,8,6,5,7,0,1,0,2,8,21,2,2,5,1,0,1,0,0,2,5,84,41,29,30,21,14,6,44,59,199,17,15,5,5,1,5,3,12,8,25
131.75,8,1,6,4,2,2,1,1,5,22,0,0,0,0,0,0,0,0,0,1,4,1,3,2,0,1,0,2,5,16,1,3,0,1,0,0,1,1,2,5,28,11,11,11,4,10,3,14,31,75,103,46,33,17,13,13,3,14,48,63,1,1,2,0,1,2,0,0,0,7,1,1,0,0,0,1,0,1,1,2,11,3,9,6,2,7,1,3,7,21,60,28,36,17,5,12,1,22,28,65,1,0,0,1,0,0,0,0,1,1,2,4,2,2,1,1,0,2,3,7,0,0,0,0,0,0,0,0,0,0,12,3,3,1,1,1,0,1,7,4,0,1,0,0,1,0,0,0,0,1,2,1,1,1,0,2,0,0,5,4,25,21,13,7,7,6,4,5,23,43,6,9,6,4,3,4,0,5,3,16,1,1,0,1,1,1,0,1,4,5,2,1,1,1,0,0,0,3,1,4,7,4,4,3,1,10,0,3,4,16,27,13,9,6,4,8,2,7,11,36,32,15,17,15,6,10,2,17,15,58,5,0,0,1,0,3,0,0,3,10,3,3,2,0,1,2,0,0,1,4,9,8,5,2,3,1,0,1,3,11,4,1,0,0,1,0,0,0,3,5,3,5,5,1,0,1,0,2,4,14,6,4,3,1,2,2,0,4,13,18,10,6,2,2,2,2,0,4,3,4,50,42,33,18,14,14,6,44,58,163,19,12,6,5,4,3,0,8,10,26
132.25,6,6,4,5,0,2,1,4,4,21,0,0,0,0,0,1,1,0,0,0,10,4,1,1,1,5,0,3,4,15,0,0,2,0,1,0,0,0,1,1,30,27,16,9,10,5,1,22,21,79,72,56,40,18,22,10,5,8,52,79,4,0,3,0,0,0,0,0,2,4,0,0,1,0,1,2,0,0,1,4,15,12,5,3,4,1,1,7,12,30,48,30,18,20,13,4,1,10,39,65,1,0,1,0,0,0,0,0,2,2,1,0,0,0,0,0,1,2,3,8,0,0,0,0,0,0,0,0,0,0,3,5,2,0,5,0,0,1,6,14,0,1,0,0,0,0,0,0,0,0,3,0,0,3,1,1,0,1,1,6,29,13,7,10,12,7,2,14,18,60,12,2,3,2,2,3,1,4,7,18,1,0,1,2,0,1,0,0,2,5,1,0,1,0,0,0,0,1,0,2,9,6,5,3,2,2,0,4,7,10,18,13,8,6,4,4,0,8,11,27,21,23,7,8,6,7,2,16,25,58,2,2,3,1,0,1,2,2,2,6,4,2,0,0,0,0,0,1,4,5,9,7,6,3,6,6,1,5,5,11,3,4,2,0,1,0,0,2,4,1,4,1,5,0,0,3,0,1,7,9,10,3,5,4,3,1,1,3,4,13,8,2,1,3,3,2,0,3,3,10,73,38,34,19,16,34,1,29,48,196,18,4,8,4,3,2,3,9,17,25
132.75,6,9,6,5,2,5,1,3,2,16,1,0,0,0,0,0,0,0,0,3,7,1,4,2,1,2,1,2,0,13,1,0,2,1,0,0,0,0,0,2,16,14,15,12,10,8,0,14,17,79,78,45,34,17,14,15,1,11,49,58,2,3,1,2,2,0,1,3,0,7,0,0,0,1,0,0,0,1,0,0,13,6,9,9,5,3,2,5,8,39,55,25,17,13,12,10,5,11,27,58,1,0,1,0,0,0,0,0,0,1,2,2,0,2,1,1,0,1,0,5,0,0,0,0,0,0,0,0,0,0,2,9,2,1,2,2,1,2,4,7,1,0,0,0,1,0,0,0,0,0,3,3,2,0,0,0,0,5,5,14,27,12,8,6,7,5,4,11,14,38,11,5,5,4,2,0,1,2,7,15,1,0,1,0,0,0,1,1,1,7,1,0,1,0,0,0,0,1,0,6,7,7,3,5,2,4,0,2,4,20,18,12,12,4,3,4,2,7,7,32,23,8,14,12,5,5,1,12,19,43,4,2,1,1,0,0,0,2,3,9,6,1,0,1,1,0,0,0,2,6,10,6,1,3,3,5,0,2,6,15,2,0,2,0,0,0,0,3,1,8,5,5,1,4,1,1,1,2,3,10,8,5,1,1,0,3,0,4,8,9,6,6,6,1,1,2,0,3,4,6,78,39,41,14,13,16,11,39,55,177,26,13,9,5,5,2,0,12,7,35
133.25,12,9,7,5,5,1,0,6,5,19,0,1,0,0,0,0,0,0,0,1,2,2,4,5,1,1,0,2,7,8,0,2,0,0,0,1,0,0,0,3,30,16,11,10,6,12,3,12,17,66,83,56,44,27,20,17,2,9,44,55,2,2,0,1,1,0,1,0,3,2,1,1,0,0,0,0,0,1,0,2,10,6,9,2,2,4,1,0,5,24,57,30,20,17,9,7,3,13,25,60,0,1,0,0,0,0,0,1,1,6,1,0,0,0,0,1,0,2,5,3,0,0,0,0,0,0,0,0,0,0,5,5,1,2,3,2,0,2,7,9,0,0,0,0,0,0,0,0,0,0,3,0,1,1,0,0,0,1,1,9,23,14,11,7,6,6,1,10,15,43,9,4,10,1,1,2,0,2,7,8,1,3,0,0,0,1,1,1,2,5,2,0,0,0,0,0,0,1,1,5,11,5,5,5,3,0,1,5,6,14,19,7,7,1,4,3,0,10,15,26,20,15,17,11,6,2,3,22,21,58,5,1,1,1,0,0,0,1,3,8,5,1,1,1,1,0,0,1,3,2,7,7,9,0,1,4,0,2,4,11,5,5,3,1,2,0,0,1,4,3,7,0,5,0,0,1,0,1,2,12,4,9,3,0,2,6,0,1,1,19,5,5,0,2,0,0,0,0,2,8,65,37,37,21,19,18,9,37,53,168,14,14,11,5,4,7,1,8,13,33
133.75,8,2,5,6,4,2,2,4,7,23,0,0,0,0,0,0,0,0,0,0,3,3,5,2,2,2,0,1,4,9,1,0,1,2,1,0,0,0,1,2,11,26,9,10,8,14,1,15,16,66,84,51,34,23,23,17,4,11,52,66,5,1,0,2,2,1,0,3,4,9,0,0,0,0,0,0,0,1,0,3,12,7,4,4,7,5,2,5,7,33,44,23,19,6,12,4,3,13,29,57,1,0,0,0,0,0,0,0,0,1,1,1,0,0,0,0,0,0,3,6,0,0,0,0,0,0,0,0,0,0,6,6,1,1,1,4,0,1,5,1,0,0,1,0,1,0,0,0,2,0,2,4,1,3,1,0,0,4,2,4,21,20,9,5,8,9,3,12,20,49,9,7,7,3,1,0,2,4,6,10,1,1,0,1,1,1,1,1,0,9,0,1,0,2,0,0,0,0,1,5,9,5,1,4,3,2,1,4,5,15,25,11,13,7,2,4,1,4,12,22,23,19,8,8,9,9,0,8,11,63,4,2,2,2,0,0,0,1,1,3,5,3,1,0,0,1,0,0,2,2,12,1,2,6,6,5,0,5,16,8,3,2,2,0,3,4,0,1,1,6,6,0,0,3,0,0,0,0,5,7,5,7,2,0,4,3,1,2,5,12,4,3,3,2,2,1,1,0,9,11,64,41,32,18,21,20,4,29,43,128,19,14,9,5,2,3,1,5,14,28
134.25,10,4,3,3,2,2,3,2,6,22,0,0,0,0,0,1,0,0,1,1,4,4,1,2,0,0,0,1,2,8,0,1,1,0,0,0,0,0,2,2,19,15,11,3,2,9,3,7,25,70,96,51,30,18,13,8,0,12,46,66,2,1,4,0,2,1,0,0,1,7,0,0,0,1,0,0,0,2,1,1,7,7,8,2,3,3,1,2,9,19,47,23,17,14,12,10,2,22,30,61,1,0,0,0,1,0,1,2,0,1,1,3,0,0,2,1,0,2,2,3,0,0,0,0,0,0,0,0,0,0,5,4,6,2,2,1,0,1,2,9,0,0,0,0,0,1,0,0,0,0,5,1,1,1,2,1,0,0,2,3,18,13,4,6,6,3,1,8,10,48,12,6,7,3,3,3,1,2,7,10,1,3,2,0,0,0,0,0,2,3,1,1,0,0,0,0,0,0,1,1,7,4,3,5,1,5,0,3,9,16,17,9,15,5,9,7,1,4,6,30,23,16,6,7,1,8,0,11,17,51,1,5,2,0,1,0,0,1,4,13,4,2,2,1,0,0,0,1,3,6,10,8,5,4,3,1,0,1,5,14,4,1,1,0,1,2,0,0,1,7,5,1,5,0,3,0,0,2,5,7,7,2,4,1,1,0,0,3,2,20,7,2,3,1,1,1,0,2,3,7,79,41,34,30,13,11,10,35,49,159,11,11,6,7,5,2,0,8,6,27
134.75,5,6,4,3,2,3,0,3,8,10,1,0,0,0,0,0,0,0,0,0,1,4,2,3,1,3,0,0,1,10,1,1,0,0,2,0,0,0,0,1,12,13,9,7,5,13,2,12,12,59,81,42,38,18,9,15,1,14,53,66,4,0,1,0,1,3,1,0,0,2,0,0,0,0,0,1,0,1,0,3,14,6,10,1,1,3,1,5,13,22,48,25,21,13,17,14,0,8,30,61,1,0,0,0,0,0,0,1,1,0,3,0,2,0,0,0,0,0,0,3,0,0,0,0,0,0,0,0,0,0,12,2,0,2,1,3,0,3,1,5,0,0,0,0,0,0,0,1,0,1,1,2,0,1,1,0,0,1,4,11,26,12,8,6,2,9,4,10,16,43,12,4,4,9,3,1,0,2,6,16,2,1,1,1,0,1,0,3,0,9,2,0,0,0,1,0,0,1,1,3,10,4,1,0,1,4,0,3,2,9,18,11,5,7,4,4,1,9,10,21,29,18,13,8,4,8,3,13,16,44,1,2,3,1,0,0,0,1,1,3,0,1,1,0,0,0,0,0,2,4,14,5,3,0,5,3,0,3,11,14,3,2,1,1,1,1,0,1,1,5,6,4,1,0,0,2,1,2,3,7,6,3,6,2,1,0,2,0,5,11,8,0,2,0,2,0,0,1,3,7,72,50,35,26,17,17,10,37,43,133,14,9,9,6,0,3,1,4,12,19
135.25,13,5,5,6,2,2,0,7,1,19,0,1,0,0,0,0,0,0,0,1,5,4,4,1,1,2,1,4,2,7,1,0,0,0,0,1,0,1,1,2,20,9,17,8,3,6,1,17,22,60,88,53,44,20,17,21,0,14,47,56,3,2,1,0,0,0,0,0,1,2,0,0,0,0,0,0,1,0,1,2,14,3,4,4,5,2,3,4,7,24,52,28,20,15,12,13,1,11,30,55,0,0,0,0,0,1,0,0,0,2,0,1,0,0,1,1,1,0,0,8,0,0,0,0,0,0,0,0,0,0,5,1,4,2,1,0,1,1,7,7,0,0,0,0,0,1,0,0,0,0,2,5,0,1,0,1,0,0,1,9,25,19,17,10,2,6,0,10,17,50,11,4,3,6,4,5,0,1,5,18,3,2,0,1,1,1,0,1,0,3,2,0,1,0,0,1,0,0,1,1,7,7,3,1,0,3,1,6,6,13,21,10,10,7,5,6,1,3,8,24,15,15,15,4,6,5,1,12,20,54,1,4,1,1,1,0,0,0,2,3,1,0,1,2,0,0,0,0,3,2,6,4,4,3,3,4,1,4,3,17,4,1,3,0,0,1,0,0,2,5,8,4,3,2,1,1,2,3,2,8,5,4,6,3,0,3,0,6,4,6,5,3,2,1,0,4,0,3,3,7,63,38,33,27,16,24,0,18,57,139,11,6,8,6,6,5,0,5,7,30
135.75,9,5,5,6,3,2,0,2,5,17,0,0,0,0,0,0,1,0,0,1,4,0,0,1,1,1,0,1,3,6,0,0,1,0,0,0,0,0,1,1,15,10,9,12,4,11,4,15,21,77,99,44,46,24,18,12,4,7,59,79,4,3,1,1,0,2,0,2,2,7,1,0,0,0,0,0,0,0,0,1,11,9,6,6,4,2,0,6,7,25,34,35,23,8,13,15,2,14,26,46,1,1,0,0,0,0,0,0,0,2,2,3,0,0,0,3,0,0,0,5,0,0,0,0,0,0,0,0,0,0,5,5,1,1,0,1,0,2,5,9,0,0,0,0,0,0,0,0,0,1,4,1,0,2,1,2,1,2,3,9,26,16,14,6,5,9,0,11,10,41,5,4,7,3,5,3,0,3,4,14,5,0,0,0,1,1,0,2,2,9,0,1,2,0,0,0,0,1,0,3,7,8,5,3,3,4,1,6,1,13,23,6,13,4,1,6,2,1,12,25,15,13,7,7,9,1,3,8,13,45,2,1,1,2,0,0,0,0,4,8,5,6,1,0,1,0,0,2,1,1,10,8,2,1,0,4,0,5,5,10,4,1,1,1,0,1,0,0,2,1,2,2,3,5,3,2,0,0,2,12,11,3,2,3,4,2,0,4,9,8,5,2,4,2,3,2,1,0,5,5,69,43,35,35,19,24,10,18,62,175,15,5,8,4,1,5,0,7,16,18
136.25,7,8,2,1,0,3,3,9,3,19,0,0,0,0,0,0,0,0,0,1,3,2,4,0,1,1,1,1,2,9,1,0,0,1,0,0,0,0,2,2,15,13,8,4,5,5,2,23,14,56,93,53,52,25,13,13,1,6,40,72,4,3,3,1,0,0,0,1,4,3,1,1,0,0,0,0,0,1,0,3,14,1,1,4,2,3,1,1,9,25,47,25,23,7,14,16,1,8,28,52,1,0,1,0,0,0,0,0,2,1,2,0,0,0,0,0,0,2,1,4,0,0,0,0,0,0,0,0,0,0,3,3,6,2,0,2,1,2,5,7,0,0,0,0,0,0,0,0,0,0,4,3,0,1,1,1,0,0,1,4,18,21,10,6,7,1,4,10,15,33,11,10,5,1,2,5,2,3,5,6,0,1,1,0,0,0,0,2,0,2,3,2,0,0,0,0,0,0,1,4,10,1,6,3,2,3,0,4,8,17,11,12,5,15,3,6,2,3,10,22,21,13,9,4,4,10,4,12,19,64,3,0,1,0,1,0,0,2,4,4,6,2,0,0,0,0,0,1,4,4,8,3,4,2,2,3,0,2,0,13,5,0,0,2,1,0,0,2,0,4,3,5,2,1,3,1,1,0,1,13,9,2,3,2,3,1,0,5,7,10,5,3,0,4,1,2,0,1,3,8,58,37,39,22,22,19,7,35,33,177,13,6,5,3,5,2,0,5,13,28
136.75,10,4,5,2,3,1,1,4,12,19,0,0,0,0,0,0,1,0,0,0,5,0,0,2,0,0,1,1,3,9,2,0,0,0,0,0,0,1,0,1,21,14,8,8,3,6,6,16,13,56,88,45,30,18,18,28,4,11,41,71,4,1,0,1,0,1,1,2,1,5,1,1,1,0,0,0,0,0,0,2,8,13,5,4,2,1,0,5,5,17,41,28,22,18,10,14,0,14,26,54,0,0,0,0,1,0,0,0,1,4,2,3,2,0,0,0,0,2,6,4,0,0,0,0,0,0,0,0,0,0,4,3,5,3,1,1,0,1,6,5,0,0,1,0,0,1,0,0,0,0,1,2,0,0,0,2,0,2,2,9,24,11,5,11,6,3,0,11,21,51,7,6,5,5,5,2,0,0,14,9,1,0,4,0,0,1,1,2,3,6,0,2,1,0,0,0,0,3,2,1,9,5,5,2,0,2,1,4,8,13,16,16,6,3,2,0,0,3,9,22,12,18,10,8,4,4,0,9,18,43,1,0,4,1,1,0,2,0,1,4,2,3,5,0,0,0,0,1,3,3,9,10,2,4,2,3,0,2,9,15,3,1,3,1,0,3,1,1,1,4,4,0,5,3,0,2,0,1,2,9,9,5,4,4,1,0,0,3,5,25,3,3,4,3,0,1,0,2,1,4,63,35,34,18,9,21,8,24,40,146,10,7,9,3,2,7,0,1,11,25
137.25,14,5,5,3,4,1,3,3,5,12,0,0,0,0,0,0,0,0,0,0,3,3,2,1,0,0,0,2,4,8,2,0,0,1,1,1,0,1,1,0,19,9,7,6,5,12,2,12,20,38,105,53,46,18,22,18,3,10,44,78,5,1,3,1,0,1,0,0,1,7,1,3,0,1,0,0,0,2,0,2,5,5,4,3,2,2,1,6,5,25,50,28,16,16,13,8,1,13,23,57,0,1,0,0,0,1,0,0,1,2,3,3,3,1,1,0,0,1,1,1,0,0,0,0,0,0,0,0,0,0,4,2,2,3,1,0,0,4,6,5,0,0,0,0,1,0,0,0,0,0,2,4,2,0,0,1,0,1,4,10,22,18,8,7,9,7,1,10,22,41,6,9,0,4,1,2,0,3,2,10,2,0,1,0,1,1,0,0,2,1,2,1,0,1,0,0,1,3,0,2,7,4,4,0,4,2,0,4,4,13,16,13,9,4,8,4,0,5,13,22,24,14,8,10,7,4,3,11,19,61,4,2,1,1,0,0,0,2,2,5,0,3,2,3,1,0,0,0,1,4,4,4,4,4,1,4,1,1,7,11,2,3,2,1,0,0,1,1,2,4,3,4,1,3,0,0,0,3,7,7,7,4,3,1,3,3,1,3,4,20,5,5,1,3,2,0,1,0,6,10,59,38,35,26,11,16,7,22,51,166,14,14,7,4,6,3,1,8,5,29
137.75,8,12,2,5,2,2,2,2,8,25,0,0,0,0,0,0,0,0,0,1,4,2,2,1,1,0,0,0,0,7,1,0,1,0,0,0,0,1,0,1,17,6,9,4,7,3,1,18,13,59,87,45,29,11,14,20,2,14,56,66,1,1,2,0,1,1,0,1,1,5,1,0,0,0,0,0,0,0,1,0,10,9,5,4,2,3,2,5,3,20,62,20,16,17,9,14,0,11,21,49,2,0,0,0,0,0,0,0,0,1,4,0,0,2,0,1,0,1,0,5,0,0,0,0,0,0,0,0,0,0,5,1,4,0,0,2,1,2,2,10,0,0,0,0,0,0,0,0,0,1,3,1,0,0,0,0,0,1,2,5,18,16,6,6,2,10,2,9,17,45,6,5,2,4,2,0,1,3,7,19,6,1,2,1,0,0,0,1,0,1,1,0,0,1,0,0,0,0,0,2,10,3,0,3,1,0,1,2,7,14,12,14,9,7,3,3,0,3,14,12,20,14,5,3,3,4,2,7,20,57,1,1,2,0,1,0,0,0,0,5,0,1,2,1,1,0,0,0,3,6,8,3,4,2,1,3,0,2,6,5,4,0,2,3,0,1,0,2,2,5,5,0,2,2,1,0,0,0,5,6,10,3,4,2,1,2,0,2,1,10,2,5,1,1,0,1,1,2,1,7,57,30,25,16,11,17,4,42,42,134,12,10,5,5,5,7,0,4,11,25
138.25,7,4,1,3,1,2,0,5,5,14,0,0,0,0,0,0,0,0,0,1,4,1,0,1,3,2,1,4,5,10,2,0,0,1,0,2,0,0,0,1,9,10,5,8,4,3,2,9,12,62,90,59,35,21,15,15,2,20,37,72,3,3,1,2,0,0,0,1,1,2,0,1,0,0,0,0,1,0,1,2,15,2,3,5,2,4,0,4,7,12,45,38,18,12,4,14,3,14,28,63,1,1,1,1,1,0,0,0,1,0,2,1,0,2,1,0,0,0,1,7,0,0,0,0,0,0,0,0,0,0,5,1,1,1,2,0,0,2,0,3,1,0,0,0,0,0,0,0,0,0,0,3,0,0,0,0,0,1,4,4,24,19,11,2,5,3,2,8,21,26,3,7,4,1,2,2,1,0,8,6,2,1,1,2,1,0,1,1,2,4,1,0,0,0,1,1,0,1,3,3,5,7,3,2,2,0,0,8,11,17,22,8,7,3,1,4,0,8,18,10,17,16,12,10,5,5,0,9,18,54,3,1,2,4,2,0,0,2,1,7,4,2,2,2,2,0,0,0,4,6,10,2,0,3,2,2,0,1,4,14,0,2,3,2,0,0,0,2,2,4,6,2,5,0,1,2,1,1,2,5,6,8,5,4,2,3,0,2,8,14,9,0,1,1,0,0,0,2,4,9,63,35,28,16,18,14,9,32,33,138,13,7,3,3,4,4,3,5,9,20
138.75,6,4,2,1,0,3,0,4,12,11,0,0,0,0,0,0,0,0,0,1,3,2,1,1,1,4,0,3,2,11,0,1,1,0,0,1,0,0,1,2,15,5,4,6,4,1,0,8,9,37,87,51,46,25,17,16,0,17,55,66,2,4,0,0,0,1,0,0,2,6,2,1,0,0,0,0,0,0,1,1,11,9,5,7,4,4,0,6,6,30,46,27,25,11,8,11,4,13,45,49,0,1,1,0,0,0,0,0,1,1,1,0,0,1,0,1,0,0,0,2,0,0,0,0,0,0,0,0,0,0,5,3,0,1,1,2,0,1,5,7,0,0,0,0,0,0,0,0,0,1,2,0,1,0,0,0,0,1,2,5,22,12,11,6,2,5,3,5,13,35,6,5,3,1,3,4,0,2,9,10,2,1,2,0,1,2,0,0,1,4,1,1,1,1,0,0,0,0,1,2,10,5,8,0,1,0,0,4,5,7,23,10,9,6,5,1,0,6,15,19,28,11,9,5,6,7,1,12,13,54,0,1,0,0,0,2,1,1,1,3,3,3,0,2,0,1,0,0,1,1,7,2,5,4,0,3,0,3,3,11,2,0,1,0,1,1,0,0,1,5,3,1,2,2,2,0,0,1,4,5,6,7,3,3,2,1,0,4,8,9,4,4,3,0,3,1,0,1,1,14,56,43,32,16,12,18,8,26,43,122,11,11,12,3,5,1,1,1,11,27
139.25,11,3,4,2,1,3,0,3,6,18,0,0,0,0,0,0,0,0,0,1,7,1,0,0,1,1,0,1,1,9,2,0,1,0,0,0,0,1,0,1,21,9,7,13,3,2,1,13,17,65,90,47,36,16,13,10,2,9,56,56,4,0,3,1,2,0,0,1,2,1,1,0,1,0,0,0,0,0,0,3,8,12,3,4,4,2,2,3,3,20,54,30,23,14,4,7,2,13,26,62,1,0,0,0,0,0,0,0,0,1,2,2,1,0,0,1,0,1,0,5,0,0,0,0,0,0,0,0,0,0,10,1,1,3,1,0,1,0,3,5,0,0,0,0,0,0,0,0,0,1,2,3,1,1,0,0,0,0,4,6,20,14,13,9,2,8,1,7,16,33,5,9,5,4,0,0,0,2,3,14,0,2,1,0,0,0,0,1,0,4,2,1,0,0,0,0,0,1,0,0,9,7,4,3,2,3,1,3,4,9,22,13,8,5,8,3,1,2,11,29,23,15,10,4,3,12,2,4,21,56,1,1,2,0,0,2,0,1,4,1,4,0,3,0,0,0,0,1,0,7,3,7,2,0,1,0,0,1,6,7,3,3,1,1,0,0,0,2,0,1,5,2,3,1,1,0,0,2,4,5,6,6,1,0,2,1,1,0,1,8,5,8,1,0,3,0,0,3,6,12,62,35,30,13,8,6,1,24,44,133,13,5,9,5,3,4,0,4,9,21
139.75,2,7,5,4,1,2,0,2,8,14,1,0,0,0,0,0,0,0,0,0,4,4,2,3,1,0,1,2,2,6,1,0,0,0,0,0,0,0,1,3,15,12,8,4,4,7,1,10,13,56,97,46,33,19,24,21,4,16,40,53,4,0,2,2,1,1,0,2,0,2,0,1,0,0,0,0,0,1,0,1,7,8,9,2,2,3,0,3,11,21,47,22,22,12,13,13,1,15,30,35,1,0,2,0,0,0,0,0,0,1,2,0,0,1,0,0,0,0,1,2,0,0,0,0,0,0,0,0,0,0,2,3,3,3,1,3,0,2,2,4,0,0,0,0,0,0,0,0,0,1,3,0,2,0,0,0,0,0,1,9,14,13,6,9,2,6,3,7,17,35,4,2,3,1,0,4,0,4,5,7,2,2,0,0,0,0,0,0,2,9,4,2,0,1,0,0,0,0,3,1,12,4,5,4,1,2,0,4,7,8,15,10,5,1,4,2,2,4,14,21,18,15,8,7,5,4,1,9,13,44,3,1,1,0,1,1,0,0,1,4,3,2,0,1,1,0,0,0,2,3,5,3,7,1,1,0,0,0,4,8,1,1,1,1,1,0,0,1,3,4,5,3,1,2,0,3,0,1,5,10,6,4,4,1,2,3,0,1,5,13,3,3,1,0,1,4,0,1,4,1,59,44,40,27,16,12,9,21,48,138,13,6,1,6,3,6,1,8,7,27
140.25,7,6,3,1,1,2,0,5,1,10,1,1,1,0,0,0,0,0,0,0,4,5,1,0,0,1,0,3,0,11,1,3,0,1,0,0,1,0,0,3,18,6,9,5,5,9,1,10,7,61,105,48,49,26,18,15,1,9,47,70,1,1,1,0,0,1,0,0,1,5,1,0,0,0,0,0,0,1,0,3,11,4,8,2,1,6,0,8,5,24,29,33,27,3,9,7,0,8,26,52,1,1,0,1,1,0,1,0,0,2,0,0,2,2,0,0,0,1,4,1,1,0,0,0,0,0,0,0,0,0,1,4,2,0,1,2,0,1,4,8,0,0,0,0,0,0,0,1,0,0,2,4,1,0,0,0,1,1,2,6,18,9,13,8,7,3,1,5,11,40,2,3,2,4,3,2,0,1,4,11,2,1,2,1,1,0,0,1,1,3,1,3,2,0,2,0,0,1,1,6,6,3,5,1,2,0,0,4,5,16,17,9,13,5,7,4,0,8,9,19,23,22,14,1,4,8,2,9,17,42,5,0,0,1,2,1,0,1,0,10,5,2,1,0,0,0,0,1,2,4,6,3,4,1,1,1,1,4,3,13,6,2,4,0,0,0,0,0,1,3,4,0,0,2,2,1,0,1,3,6,4,1,4,3,3,2,0,5,4,11,4,1,6,3,1,1,1,3,4,9,64,36,31,18,12,15,6,29,32,121,12,6,9,5,3,3,0,2,10,16
140.75,11,3,3,1,1,0,1,10,3,15,1,0,0,0,0,0,0,0,0,1,6,3,3,1,1,1,0,3,2,10,3,1,1,0,0,0,0,1,0,0,7,11,8,1,0,1,2,15,17,39,88,47,42,24,18,13,2,12,54,49,6,0,0,0,0,2,0,1,2,4,2,1,0,0,0,0,0,1,2,1,16,4,3,5,2,4,0,2,13,16,48,24,28,10,11,14,1,10,28,45,1,0,1,0,0,1,0,0,0,0,1,0,1,0,0,0,0,1,3,1,0,0,0,0,0,0,0,0,0,0,6,4,5,1,1,2,0,0,3,6,1,0,0,0,0,0,0,0,0,1,3,1,0,0,0,1,0,1,3,6,21,7,11,8,1,0,0,6,13,33,6,0,3,5,0,5,0,1,6,10,3,1,2,0,2,1,0,1,3,3,3,1,1,0,0,0,0,1,1,2,7,5,4,2,4,2,0,5,3,11,12,15,9,6,0,4,1,1,9,23,19,14,7,5,3,4,0,8,19,46,6,0,0,0,0,1,0,1,0,8,2,4,1,1,1,3,0,1,3,2,7,5,1,3,3,2,0,4,3,12,4,2,2,0,0,1,0,2,2,9,5,5,2,1,3,0,0,3,2,5,3,7,2,2,1,3,0,4,4,11,3,2,2,2,0,1,0,2,4,3,55,33,21,11,17,17,7,20,55,103,12,7,5,3,2,1,1,10,12,31
141.25,11,5,2,1,1,4,0,5,5,15,0,0,0,0,0,0,0,0,1,2,2,6,1,2,1,3,0,3,2,6,1,0,0,1,2,0,0,0,0,1,14,12,3,2,2,1,0,11,8,34,107,54,40,29,17,17,2,13,45,56,4,2,1,0,0,0,0,2,0,5,0,0,0,1,0,0,0,1,0,3,6,5,3,3,3,0,0,4,11,12,58,23,24,18,12,6,5,9,30,54,0,0,1,0,1,0,0,1,0,2,2,1,1,0,0,0,0,0,2,4,0,0,0,0,0,0,0,0,0,0,7,3,1,2,2,0,1,5,3,8,0,0,0,0,0,0,0,0,0,1,3,1,0,0,0,0,1,2,0,6,21,14,4,4,7,8,1,7,16,45,2,8,2,2,1,1,0,4,6,10,1,2,3,3,2,0,0,1,0,6,0,0,1,0,0,0,0,1,2,2,4,3,3,2,4,4,1,3,2,13,16,7,8,4,5,7,0,4,10,20,26,14,10,11,5,2,3,8,17,49,7,1,1,0,0,0,0,0,1,2,2,1,1,0,0,1,1,1,4,6,9,2,9,2,0,2,1,4,3,13,2,3,1,1,2,1,0,2,1,0,1,2,1,1,2,2,1,1,0,10,5,4,2,1,0,4,0,4,4,16,0,1,2,2,0,0,0,3,3,7,48,39,27,22,15,10,5,30,45,109,8,5,8,5,1,2,1,5,6,23
141.75,10,5,7,2,0,0,0,0,5,15,0,0,0,0,0,0,0,1,0,3,4,2,1,0,1,0,0,1,3,9,1,1,0,0,0,0,0,1,0,0,11,9,6,8,4,2,4,14,28,50,90,42,39,26,20,13,1,15,50,54,5,2,0,0,2,0,0,0,3,3,3,0,0,2,0,0,0,0,2,1,12,8,5,3,2,2,0,1,3,20,42,28,22,22,10,10,3,13,32,62,0,1,1,0,0,1,0,0,0,2,1,0,2,0,0,0,0,0,1,7,0,0,0,0,0,0,0,0,0,0,2,3,4,3,2,1,0,0,2,8,0,1,0,0,0,0,0,0,0,0,2,2,0,0,0,0,0,0,1,0,20,10,10,5,8,5,1,11,22,38,8,3,2,1,0,1,1,3,5,16,2,1,1,0,1,0,1,1,5,5,2,0,0,1,1,0,1,0,0,1,7,2,2,1,2,0,0,4,5,9,25,13,14,7,7,1,2,4,3,18,26,13,8,10,6,3,0,8,23,47,2,1,1,1,0,1,0,2,1,5,1,4,0,2,0,0,0,0,0,3,8,8,4,2,0,3,0,2,6,10,2,1,1,3,0,0,0,0,1,1,4,2,5,4,1,2,0,3,2,8,5,3,1,2,1,0,0,1,6,10,8,5,0,1,1,0,0,4,2,6,48,38,31,29,14,14,2,22,51,112,9,9,8,3,5,2,1,5,10,17
142.25,7,9,3,4,2,2,0,2,7,13,0,0,0,1,0,0,0,0,0,0,3,3,0,2,1,0,0,3,1,7,2,1,1,0,0,0,0,0,2,0,19,7,7,3,4,3,0,9,11,38,81,55,41,20,17,18,2,22,60,75,2,1,5,1,0,3,1,0,1,5,0,0,0,0,0,0,0,1,0,4,11,5,5,2,3,2,3,5,9,11,44,26,33,12,14,12,1,9,30,53,4,0,0,0,0,0,0,0,0,0,3,2,0,1,2,0,1,1,0,1,0,0,0,0,0,0,0,0,0,0,8,3,3,1,0,1,0,2,4,11,0,0,0,0,0,0,0,0,0,0,3,1,1,0,0,0,0,0,1,4,18,13,7,3,5,8,3,7,13,36,4,2,2,1,1,5,0,3,8,14,1,1,0,0,0,0,3,1,1,5,1,0,1,2,0,1,0,0,1,5,7,2,3,1,2,3,0,3,6,15,26,7,7,5,4,6,1,8,13,18,18,17,9,10,5,7,3,10,17,51,1,0,3,2,1,0,0,0,2,2,0,3,1,0,0,0,0,1,1,1,9,4,5,1,0,0,0,2,7,5,6,1,2,1,1,0,0,4,1,0,3,2,3,0,1,2,1,0,2,6,5,3,2,1,1,3,0,2,5,17,4,1,0,0,0,0,1,0,4,5,51,46,27,21,8,14,5,25,31,113,13,8,9,5,6,1,0,4,12,18
142.75,7,5,5,2,3,0,0,1,8,14,1,1,0,0,0,0,0,0,0,0,5,3,3,1,0,1,0,5,6,7,4,0,1,0,1,0,0,0,1,1,14,8,9,5,4,1,1,4,5,44,100,54,40,26,16,17,1,16,50,81,1,2,1,0,1,0,0,1,1,4,1,3,0,0,0,0,0,0,1,3,5,6,3,2,1,0,1,4,4,17,52,16,19,24,9,9,1,5,32,60,1,0,2,0,0,0,0,0,1,0,2,1,0,0,0,1,0,0,2,3,0,1,0,0,0,0,0,0,0,0,10,0,3,5,0,0,0,0,7,7,0,0,0,0,0,0,0,0,0,0,2,0,0,0,1,0,0,0,0,3,20,7,7,4,1,4,0,7,20,36,6,0,4,0,0,1,0,1,5,9,1,0,0,0,1,1,0,2,0,3,2,2,0,0,0,0,0,0,1,1,4,11,6,2,0,3,0,2,4,13,21,10,10,4,7,3,1,4,11,23,15,10,11,2,6,6,1,6,11,35,4,5,1,1,0,1,1,1,1,2,2,0,1,1,1,1,0,0,4,4,10,4,4,1,2,1,0,3,7,9,4,0,1,0,0,1,0,0,1,2,2,1,1,1,0,3,0,3,3,6,5,4,1,0,0,2,0,2,7,10,4,4,2,3,0,1,0,1,0,8,41,24,23,18,13,15,3,29,34,112,11,8,5,3,2,3,0,7,5,23
143.25,9,6,4,3,2,0,0,2,9,12,0,0,0,0,0,0,0,0,0,1,5,4,2,1,0,0,1,1,3,11,0,4,0,0,0,0,0,0,0,2,17,10,8,6,5,2,2,15,14,47,90,52,40,25,18,29,3,16,35,54,1,1,2,1,0,0,0,0,2,5,2,1,1,0,0,0,0,0,1,2,10,2,4,5,2,3,0,5,9,18,28,36,27,13,8,10,4,17,25,56,1,1,0,0,1,0,0,1,0,1,2,1,1,0,1,0,0,0,0,6,0,0,0,0,0,0,0,0,0,0,1,3,3,0,0,1,0,2,2,3,0,0,1,0,0,0,0,0,0,0,3,0,1,2,0,1,1,2,1,4,8,15,15,6,6,6,2,5,15,36,6,3,4,6,2,0,0,3,0,12,0,0,0,2,0,0,0,1,1,7,0,1,0,0,0,0,0,0,3,7,4,4,3,2,1,3,0,1,2,8,16,17,8,10,3,6,0,5,5,27,9,6,8,9,4,7,1,9,11,48,4,3,1,0,0,0,0,0,1,1,3,1,3,1,0,2,0,1,4,6,9,9,1,4,4,0,0,2,3,8,1,3,1,0,1,1,0,1,1,2,3,2,0,2,1,3,0,3,4,14,9,3,4,2,2,0,1,2,1,13,1,3,2,3,1,0,0,2,3,10,54,23,22,12,17,21,2,17,24,119,7,6,2,8,1,1,1,3,15,19
143.75,4,9,4,2,0,2,1,4,6,20,0,1,1,0,0,0,0,0,0,0,2,0,1,1,0,2,0,0,0,5,2,1,0,0,1,0,0,0,1,1,9,11,12,4,7,11,2,17,8,35,70,53,36,31,16,25,2,19,47,73,4,1,2,2,1,2,0,0,3,5,0,0,0,0,0,0,0,0,1,2,10,5,5,3,0,1,0,3,10,14,36,16,27,10,7,5,1,10,24,53,1,0,0,0,1,0,0,1,1,1,0,2,3,1,0,0,2,0,1,3,0,0,0,0,0,0,0,0,0,0,5,3,1,0,1,1,0,1,1,3,1,0,0,0,0,0,0,0,1,0,1,1,1,0,0,0,0,1,2,2,18,11,6,4,4,4,0,12,16,32,1,4,2,2,1,0,0,1,2,15,2,0,0,0,1,3,1,0,1,4,1,2,2,0,0,1,0,0,0,4,10,4,3,4,1,2,1,3,7,10,18,9,7,4,6,3,0,4,17,23,26,11,7,4,2,3,1,8,15,34,4,1,0,0,0,0,0,0,0,9,6,0,2,2,2,0,0,1,0,3,9,1,4,3,2,2,0,2,4,7,5,2,1,0,1,2,1,0,2,5,4,2,0,1,1,1,0,2,2,4,5,6,2,5,0,2,1,3,1,17,3,3,1,0,2,2,1,0,3,6,40,32,27,16,11,17,6,33,13,109,8,9,2,2,4,1,0,3,9,21
144.25,5,2,3,1,4,1,1,2,4,13,1,0,0,0,0,0,0,0,0,2,3,1,3,0,1,0,1,3,3,9,1,1,0,0,0,1,0,0,4,0,11,10,8,4,2,2,0,8,5,41,77,62,46,27,21,9,3,7,57,68,2,0,2,4,1,0,0,0,1,7,0,0,1,0,0,0,0,1,1,1,6,5,5,4,1,1,0,8,3,16,48,28,17,14,12,11,0,8,27,49,1,2,1,0,0,0,0,0,0,2,0,0,2,0,0,0,0,1,0,4,0,0,0,0,0,0,0,0,0,0,6,2,3,2,1,1,0,1,5,5,0,0,1,0,0,0,1,0,0,0,1,2,2,4,2,0,0,0,2,2,17,7,12,4,0,5,2,6,9,27,5,3,1,2,1,0,1,0,4,14,3,2,2,0,0,2,0,0,0,6,0,2,0,2,1,0,0,1,2,2,6,2,5,2,0,2,1,5,4,14,14,7,8,6,4,2,0,2,15,21,8,13,8,6,2,4,1,8,12,39,0,1,3,0,1,1,0,0,4,6,1,1,2,0,1,1,0,2,0,4,9,4,5,1,1,1,1,4,10,10,2,2,2,3,1,0,0,0,3,7,6,2,2,0,0,0,1,1,1,9,7,3,1,0,0,0,0,4,6,8,3,2,0,0,0,2,0,0,3,8,49,29,26,16,10,19,2,20,43,109,7,8,4,2,1,4,1,4,13,21
144.75,5,2,1,1,1,2,0,3,9,12,1,0,0,0,0,0,0,0,1,2,4,1,3,0,0,1,0,1,2,9,0,1,0,0,0,0,0,1,0,1,11,5,3,7,4,2,1,3,6,39,89,61,40,16,13,25,2,24,66,71,4,6,2,1,0,0,0,0,1,3,1,0,0,0,0,0,0,0,0,1,6,6,0,2,2,2,3,5,3,12,39,15,14,16,5,8,2,13,17,52,2,1,0,0,0,0,0,0,0,0,1,1,0,1,0,0,0,1,0,2,0,0,0,0,0,0,0,0,0,1,8,4,3,2,3,0,0,0,1,4,0,0,0,0,0,1,0,0,0,0,1,1,1,1,0,0,0,2,2,4,13,8,13,7,5,2,0,10,13,32,9,3,4,1,1,0,1,3,1,9,2,0,1,3,0,1,0,1,1,4,0,1,1,0,0,0,0,0,0,5,5,2,6,1,5,4,1,2,4,6,13,8,6,4,4,5,2,3,17,15,16,9,13,5,5,4,2,7,17,37,5,3,0,1,2,0,0,0,2,5,3,1,2,0,0,0,1,0,4,2,9,2,2,7,3,2,0,0,2,12,2,5,0,0,0,0,0,1,2,4,5,2,1,0,2,3,1,0,0,3,10,6,1,0,2,1,0,2,8,8,5,1,2,1,1,0,0,1,4,8,50,24,17,17,12,18,3,29,43,112,9,8,3,3,3,6,0,4,9,13
145.25,4,4,5,2,2,4,1,3,3,12,1,0,0,0,0,0,0,0,1,1,3,2,4,1,0,0,0,2,3,9,2,0,1,0,1,0,0,2,3,2,13,7,5,4,1,7,2,12,8,37,82,56,39,13,16,11,3,15,56,54,1,2,2,2,1,0,0,0,0,3,2,0,0,0,0,0,0,1,0,0,6,7,2,1,0,3,0,3,6,10,41,31,14,13,15,11,4,16,32,54,0,0,0,0,0,2,0,0,3,1,0,2,0,0,1,0,0,1,2,4,0,0,0,0,0,0,0,0,0,0,4,2,2,2,0,4,1,3,3,6,0,0,1,1,0,0,0,0,0,2,2,1,2,1,0,1,0,1,0,4,10,5,7,4,3,2,4,7,10,30,2,1,1,2,2,5,0,1,4,8,1,0,0,1,0,0,0,1,0,4,0,0,1,0,0,0,0,0,1,5,4,4,1,2,1,1,3,2,3,8,19,6,10,8,3,4,0,6,7,23,20,9,6,8,4,5,0,6,10,34,2,6,2,2,1,0,0,2,0,5,1,1,2,0,0,0,1,1,2,2,5,6,11,1,1,1,0,2,3,13,4,1,0,0,0,0,1,2,3,1,4,4,0,2,0,0,0,2,2,5,3,3,2,1,1,0,1,1,6,18,3,4,1,0,0,2,1,0,1,6,42,27,17,17,14,9,12,27,34,111,9,6,6,1,3,1,0,7,9,25
145.75,8,4,5,3,1,0,1,1,6,8,2,1,0,0,0,0,0,0,0,0,2,1,2,2,0,1,0,0,0,8,3,1,0,0,0,0,0,1,1,1,13,8,9,5,1,3,0,7,10,34,83,47,45,15,17,17,3,15,43,75,3,2,2,1,1,0,0,0,3,4,0,0,2,0,0,0,0,0,0,2,6,2,6,4,5,1,1,3,7,15,40,28,18,11,8,12,0,9,35,41,0,0,1,0,0,0,0,0,1,0,2,0,1,0,0,0,0,2,1,2,0,0,0,0,0,0,0,0,0,0,3,4,3,1,0,0,0,4,0,5,1,0,0,1,1,0,0,0,0,0,4,0,0,0,0,0,0,0,1,3,12,12,6,15,4,2,1,7,12,33,5,3,3,1,2,1,1,5,3,10,3,3,1,1,0,0,1,3,0,2,3,0,1,1,0,0,0,1,0,1,9,5,3,3,2,2,0,1,3,10,12,10,8,4,5,6,0,7,7,20,14,8,6,4,4,3,4,11,11,52,1,0,0,2,1,0,0,1,3,4,4,0,0,1,0,0,0,1,1,3,3,4,5,2,3,2,0,2,4,7,3,2,1,3,0,0,0,0,3,2,3,0,1,0,1,0,0,2,3,10,3,7,5,2,1,4,0,2,1,9,3,3,1,0,0,1,0,0,3,10,43,24,15,14,8,12,6,21,31,94,7,5,4,1,0,4,1,5,5,16
146.25,5,4,2,5,3,1,0,2,4,15,1,0,0,0,0,0,0,0,1,0,1,3,2,0,0,1,1,1,4,4,2,0,1,0,0,0,0,0,1,2,14,10,6,4,3,3,6,7,9,39,85,38,32,28,7,17,5,15,40,62,3,3,2,2,0,1,0,0,4,1,0,0,1,0,0,0,0,0,0,2,5,2,1,3,4,3,0,2,6,15,38,27,20,10,7,7,4,14,23,42,1,0,0,2,0,0,0,0,0,0,0,0,0,0,1,0,0,1,2,4,0,0,0,0,0,0,0,0,1,0,4,5,2,0,1,1,0,0,1,4,0,0,0,0,0,0,0,0,0,0,1,0,0,0,0,1,0,0,1,4,16,12,5,6,3,2,0,8,8,30,4,3,2,1,1,0,0,2,4,11,0,2,1,0,1,0,0,0,2,5,3,0,1,0,0,1,0,0,1,2,7,3,1,2,1,2,0,0,6,8,16,13,6,4,6,2,1,2,8,18,19,12,9,4,3,4,1,7,16,34,5,2,5,1,2,0,1,1,3,4,8,0,2,1,0,0,0,2,0,6,6,1,5,2,1,2,0,3,2,12,4,3,2,0,1,2,0,2,0,5,0,1,1,1,0,0,1,0,0,5,2,2,2,1,0,1,0,3,6,12,6,2,5,1,0,2,1,2,5,3,45,27,17,10,8,8,2,24,28,91,10,5,3,0,3,4,3,0,5,16
146.75,6,3,3,2,1,4,0,5,4,13,2,2,0,0,0,0,0,0,0,0,6,2,0,2,1,1,0,1,4,6,0,3,0,0,0,1,0,1,0,2,10,9,1,5,4,3,1,5,10,39,95,47,34,29,23,17,2,12,47,79,2,2,0,2,1,1,0,1,2,5,1,0,3,1,0,0,1,0,1,2,5,6,4,3,2,3,0,7,5,9,44,31,13,13,11,6,1,10,19,43,3,2,0,0,0,0,0,0,1,4,2,0,0,0,1,1,0,0,0,4,0,0,0,0,0,0,0,0,0,0,3,3,1,3,1,2,0,0,0,4,0,0,0,0,0,0,0,0,0,1,4,1,1,1,0,0,0,0,0,5,12,13,2,7,6,2,1,7,8,31,1,2,2,1,2,4,0,3,3,11,0,0,1,0,0,2,1,0,0,3,2,1,2,0,0,0,0,1,1,3,3,2,3,2,3,2,1,4,4,10,10,9,8,0,3,6,1,8,10,20,14,5,9,6,4,6,1,6,3,32,0,1,3,1,0,0,1,0,4,5,0,1,2,2,0,1,0,2,0,1,5,4,1,0,3,1,1,1,2,13,4,1,0,0,0,0,0,1,1,1,1,2,0,1,1,4,0,2,1,11,1,2,0,3,0,1,0,4,3,15,2,3,0,1,1,0,0,0,0,9,28,31,25,15,16,15,4,10,31,90,10,6,1,4,4,4,0,1,4,17
147.25,7,2,4,3,2,3,0,3,6,10,0,0,1,0,0,0,0,0,0,1,1,2,1,2,2,0,0,0,5,3,2,1,1,1,0,1,0,1,0,1,8,8,3,3,2,5,1,8,3,32,78,46,34,24,20,14,2,15,51,72,2,1,1,0,1,1,0,2,1,4,0,3,0,0,2,0,1,0,0,3,2,2,4,2,1,1,0,2,3,13,40,19,16,6,11,10,0,10,25,53,1,0,0,1,0,0,0,0,0,1,3,1,1,0,1,0,0,3,0,2,0,0,0,0,0,0,0,0,0,0,3,1,1,1,2,1,0,1,1,8,0,0,0,0,0,1,0,0,0,0,1,2,2,0,0,0,0,0,3,3,14,19,8,3,3,1,2,4,5,30,3,0,4,1,0,1,0,6,6,13,0,0,0,0,0,1,0,1,0,3,3,1,0,0,0,2,0,0,0,0,4,5,2,2,1,1,0,3,3,14,19,8,8,4,2,6,0,4,5,11,11,9,10,5,4,8,1,6,6,33,1,1,0,0,1,0,1,2,2,4,2,1,2,0,3,0,0,0,1,3,8,1,2,4,1,3,1,6,8,6,3,2,0,0,1,0,0,0,5,3,4,1,2,1,0,0,0,2,0,7,6,3,1,2,0,1,1,0,6,13,6,4,3,0,0,0,0,1,3,9,40,36,29,9,11,11,4,14,32,93,12,1,7,4,5,3,1,4,8,19
147.75,2,5,1,1,0,1,0,7,5,7,0,0,0,0,0,0,0,0,1,0,2,0,1,1,1,3,1,2,1,7,1,0,0,1,0,1,1,0,0,1,14,3,7,5,2,3,0,3,9,33,72,44,32,14,13,22,1,10,40,74,1,1,4,0,4,0,1,1,1,2,1,0,1,0,0,0,0,0,1,3,10,7,1,3,2,3,0,6,3,12,36,32,27,12,7,6,1,8,26,37,1,0,0,0,1,0,0,0,0,2,0,0,0,0,1,0,0,2,3,4,0,0,0,0,0,0,0,0,0,0,2,4,1,1,0,1,0,3,5,6,0,0,1,0,0,0,0,0,0,0,0,0,2,1,1,0,0,0,3,2,16,15,6,4,2,3,3,7,12,34,3,1,2,3,1,2,1,4,1,9,1,0,0,1,0,0,0,1,2,6,4,1,3,0,0,0,0,3,0,3,11,1,2,0,1,0,0,2,3,10,11,9,9,5,5,5,0,5,12,24,10,10,9,2,3,3,1,4,12,42,3,2,3,2,0,2,0,0,3,4,1,0,0,0,2,2,0,0,1,0,1,6,2,2,0,3,2,3,2,3,2,2,2,0,1,0,0,0,1,2,2,2,0,0,3,0,0,0,3,4,3,2,2,0,0,2,0,2,3,10,4,6,1,0,0,0,0,3,8,11,35,20,25,10,16,14,4,21,26,86,10,6,4,2,2,4,0,3,5,19
148.25,6,5,5,1,2,1,0,6,11,9,0,1,0,0,0,0,0,0,0,0,3,1,2,0,1,0,0,3,1,4,0,0,2,0,0,1,0,0,0,0,6,9,7,5,4,2,2,9,12,37,80,50,46,19,9,11,4,10,46,71,2,1,1,1,0,0,0,0,0,6,1,0,0,1,0,2,0,1,0,0,5,6,0,1,0,0,1,5,8,16,41,20,18,16,10,7,0,7,29,49,1,0,0,0,1,1,0,1,0,2,0,0,1,0,0,1,0,0,0,5,0,0,0,0,0,0,0,0,0,0,8,4,3,0,0,0,0,2,5,8,0,0,0,0,0,0,0,0,0,1,1,0,0,0,0,0,0,1,0,2,15,11,7,7,5,7,1,5,15,28,3,0,1,2,2,1,0,2,4,13,3,0,2,0,1,0,0,1,2,4,2,0,1,1,0,0,0,0,0,2,6,5,1,3,1,3,0,1,4,8,16,5,10,9,5,0,0,7,11,27,12,7,6,8,4,4,1,8,6,39,2,1,1,0,3,0,0,0,0,5,3,0,1,0,2,1,0,1,1,1,7,7,1,3,1,2,0,1,5,13,1,2,4,0,2,0,0,1,1,3,5,1,2,0,0,2,0,1,0,2,6,1,1,3,2,0,1,2,2,23,3,1,3,2,1,1,0,0,5,6,38,23,21,15,9,4,3,17,37,96,7,5,3,3,4,2,0,2,8,14
148.75,2,4,2,1,0,2,0,3,0,15,0,0,0,0,1,0,0,0,0,1,2,0,1,0,1,0,0,0,2,3,1,0,0,1,0,0,0,0,0,2,14,8,4,3,2,4,0,8,9,30,70,42,41,20,17,13,4,19,54,72,1,0,1,0,0,1,0,0,2,2,4,1,0,0,0,0,1,1,1,0,2,4,3,3,1,0,2,3,6,16,42,28,15,9,4,6,1,10,31,45,1,1,1,0,1,0,0,0,0,1,0,0,0,0,0,0,0,1,0,2,0,0,0,0,0,0,0,0,0,0,5,4,2,0,1,1,0,0,1,4,0,0,0,2,0,0,0,1,0,0,2,1,2,0,1,1,0,1,0,3,17,7,4,2,1,2,1,4,15,31,3,2,2,1,2,0,1,2,0,12,3,1,2,1,0,0,0,0,0,2,0,0,0,2,1,0,0,1,2,1,6,5,3,1,0,3,0,1,4,11,15,7,9,2,4,5,0,2,10,18,15,7,6,4,1,0,2,2,9,36,2,1,0,0,1,2,0,0,2,4,1,2,0,1,1,1,1,0,4,3,8,7,4,2,1,2,0,3,5,6,3,2,2,0,0,2,0,0,1,3,4,0,4,3,0,0,0,1,1,4,3,3,2,1,0,1,0,1,3,10,3,5,0,1,4,1,0,1,2,6,42,29,18,11,10,18,3,13,24,82,8,5,4,4,1,3,0,4,7,23
149.25,8,5,4,4,1,1,0,1,4,9,0,0,0,0,0,0,0,0,2,0,1,2,3,0,3,0,0,1,1,0,1,1,0,0,0,0,0,0,1,3,17,11,8,4,3,4,2,6,9,33,78,36,37,22,14,18,1,14,58,71,1,1,0,1,0,0,0,2,1,6,0,2,0,0,0,0,0,0,0,0,5,5,3,0,0,2,1,3,4,25,29,25,20,16,8,13,0,9,26,39,1,0,1,1,0,0,0,0,1,1,0,1,1,0,0,3,0,2,1,1,0,0,0,0,0,0,0,0,0,0,4,4,0,1,3,0,0,1,2,5,0,0,0,0,0,0,0,1,0,1,1,2,0,1,1,1,1,1,1,2,11,8,9,3,2,8,1,10,15,23,4,0,2,3,0,1,0,2,2,8,0,2,0,0,1,0,0,1,2,1,2,0,0,0,0,0,0,0,0,1,2,3,6,4,2,0,0,1,3,11,17,10,6,6,0,3,0,5,10,16,13,6,8,3,5,8,1,7,10,28,2,3,1,1,0,2,0,0,1,4,3,5,0,0,1,1,0,0,0,1,12,3,3,3,4,1,0,2,4,4,1,2,1,1,1,1,0,3,0,2,0,2,2,0,0,1,0,0,3,5,4,3,1,2,0,0,0,3,3,5,6,2,1,0,0,2,0,1,6,7,28,23,12,13,11,12,3,21,21,77,13,6,7,2,1,3,0,3,4,15
149.75,5,3,4,0,1,2,1,1,5,10,1,0,1,0,2,0,0,0,0,1,3,1,2,1,1,3,0,1,1,5,0,1,0,0,0,0,0,0,2,2,7,9,5,2,1,5,2,3,12,25,74,50,30,21,20,15,4,8,45,56,5,2,1,0,0,0,0,1,3,3,1,1,1,0,0,0,0,0,0,3,7,3,0,0,1,1,0,1,2,23,31,16,12,9,7,11,2,7,22,48,0,0,0,0,0,1,0,0,1,0,0,0,0,0,0,0,0,1,0,4,0,0,0,0,0,0,0,0,0,0,4,5,1,2,0,0,0,0,3,4,0,0,0,0,0,0,0,0,0,0,2,2,1,1,0,0,0,0,1,2,14,9,4,2,2,4,0,4,19,24,2,4,1,2,0,1,3,0,5,11,4,0,0,0,1,1,0,2,0,1,3,1,2,0,0,0,0,1,0,3,10,5,2,3,3,0,0,1,8,6,8,13,7,6,3,3,1,5,8,20,10,11,7,4,2,2,3,5,11,24,0,2,1,3,0,0,1,1,0,4,0,4,0,0,0,2,0,0,2,3,4,3,5,2,2,3,0,1,3,10,3,1,0,1,2,1,0,0,6,5,1,1,5,0,1,1,1,1,2,5,4,2,0,2,1,0,1,0,4,8,2,1,4,1,0,2,1,0,3,3,25,27,23,15,9,22,1,27,29,71,6,6,7,0,1,4,1,0,3,14
150.25,2,2,5,3,1,2,0,1,4,11,0,2,0,0,0,1,0,0,1,0,1,1,1,1,1,0,0,1,0,4,2,1,1,0,0,0,0,1,1,0,12,9,13,8,2,0,1,7,11,20,61,40,33,20,16,21,1,11,60,64,1,0,1,0,0,1,0,0,1,0,0,0,0,1,0,0,0,0,0,1,4,6,6,1,0,1,1,3,3,13,29,18,18,12,11,10,1,9,23,40,0,0,0,0,0,0,0,0,0,3,1,0,0,0,0,0,0,0,1,3,0,0,0,0,0,0,0,0,0,0,6,4,0,0,0,0,0,2,3,5,0,0,0,0,0,0,0,0,0,1,0,1,0,0,0,0,0,1,2,3,8,4,6,4,5,2,0,5,10,25,0,3,2,0,0,0,1,2,3,4,0,1,1,2,1,0,0,0,0,2,0,0,0,2,0,0,0,0,0,1,1,0,3,1,1,1,0,3,4,8,15,3,6,6,3,7,2,6,7,16,17,7,9,5,5,2,0,2,13,27,1,1,0,0,1,0,0,2,2,5,2,1,1,1,1,0,0,0,3,1,5,1,2,0,0,3,0,0,3,10,3,0,1,1,1,0,0,1,2,1,2,1,1,3,4,0,0,1,1,8,3,4,3,1,2,1,0,0,2,6,7,1,3,2,2,0,0,1,2,6,43,20,18,12,11,5,7,24,26,86,11,3,5,4,3,5,2,2,6,22
150.75,2,1,2,6,2,0,0,2,4,12,0,0,0,0,0,0,0,0,1,1,3,0,1,2,0,2,0,1,3,6,2,0,1,1,0,1,0,0,1,0,8,2,4,1,2,1,0,6,6,28,81,59,50,26,14,18,2,15,44,78,1,1,1,0,0,3,0,2,1,4,1,0,0,0,1,0,0,0,1,1,4,4,3,0,3,0,1,2,6,18,37,18,19,15,5,5,2,8,19,38,1,0,1,0,0,0,0,0,1,1,1,0,1,0,0,0,0,0,1,1,0,0,0,0,0,0,0,0,0,0,4,2,3,0,0,0,0,1,7,2,1,0,0,0,0,0,0,0,0,0,0,2,0,0,0,0,0,0,0,1,14,10,1,4,4,5,1,5,11,18,5,6,1,2,0,0,0,0,1,8,0,1,0,0,0,1,0,0,0,0,0,0,0,1,1,0,0,1,1,3,10,4,2,3,2,0,0,2,6,6,14,7,9,5,2,4,0,4,11,11,13,7,7,3,3,3,1,4,14,25,1,1,0,1,0,1,0,0,2,6,0,3,0,1,0,1,0,0,1,5,4,0,3,2,1,1,1,2,5,7,4,0,0,0,0,0,1,0,3,2,6,1,2,0,0,1,0,1,1,8,4,1,2,2,0,3,0,3,0,7,1,4,2,0,0,1,0,0,2,7,31,19,21,9,8,8,1,17,22,83,10,8,5,1,3,0,1,1,6,19
151.25,4,3,4,2,1,2,1,2,2,11,0,0,0,0,0,0,0,0,0,0,0,0,2,0,1,1,0,1,0,3,0,0,4,0,0,0,0,0,1,2,9,3,5,5,6,1,2,10,7,40,71,37,27,22,21,13,3,17,55,86,4,0,0,2,0,0,0,1,2,5,1,0,0,0,0,1,0,1,0,2,4,7,2,0,2,3,1,6,5,13,33,26,14,6,7,5,5,9,19,38,0,0,0,1,0,0,0,1,0,0,2,0,1,0,0,0,1,1,0,2,0,0,0,0,0,0,0,0,0,0,1,2,2,0,0,0,0,0,4,2,0,0,0,0,0,0,0,0,0,2,0,0,0,0,0,0,0,2,0,5,10,8,4,2,1,8,2,5,8,32,3,0,2,0,0,1,2,1,1,13,1,2,2,0,1,0,0,0,3,0,0,1,1,2,0,1,0,0,1,3,5,5,4,3,1,0,0,2,1,10,14,7,5,4,2,5,0,3,8,17,10,5,9,2,3,1,1,4,7,27,0,1,0,0,0,2,0,2,5,1,3,0,0,1,0,1,0,0,0,1,4,5,2,2,2,1,0,1,4,6,2,4,2,0,0,0,0,0,1,3,2,3,2,2,0,1,0,1,1,2,2,3,0,0,0,1,1,2,2,8,4,1,1,0,0,1,0,5,2,2,28,19,17,7,10,12,2,23,23,84,8,4,5,4,1,3,0,1,6,10
151.75,2,2,0,3,1,2,0,5,4,7,1,0,0,0,0,0,0,0,1,0,1,2,1,0,0,0,0,2,0,1,0,1,0,1,0,0,0,0,1,5,9,6,3,2,4,1,1,6,2,32,68,41,51,17,17,11,5,8,50,85,3,1,0,3,1,0,0,0,1,3,1,0,0,0,0,0,1,0,0,1,7,5,1,2,1,2,0,2,5,9,34,20,26,3,6,8,0,14,27,50,1,2,0,0,0,2,0,1,1,1,1,1,2,1,0,0,0,0,0,4,0,0,0,0,0,0,0,0,0,0,5,1,0,2,0,1,0,0,4,7,0,0,0,0,0,0,0,0,0,0,3,1,1,1,0,0,0,0,5,2,11,9,12,2,2,2,1,6,8,21,4,3,1,2,0,1,0,2,7,6,2,1,0,0,0,0,0,0,0,5,2,0,0,0,0,0,0,0,0,2,1,3,5,0,0,1,0,4,4,5,6,4,9,7,1,2,0,4,5,21,7,8,3,8,4,4,1,7,5,31,2,1,0,0,0,2,0,2,1,2,0,1,0,1,1,1,0,0,1,4,7,1,5,3,1,0,0,0,3,6,5,1,1,0,1,0,1,0,1,1,3,3,4,1,1,0,0,0,5,5,4,1,1,1,1,0,1,2,5,7,0,0,1,0,1,1,0,2,0,6,44,21,13,19,12,7,0,18,25,77,9,5,5,4,4,4,1,6,2,10
152.25,4,3,3,0,1,1,1,1,3,9,0,0,0,0,0,0,0,0,1,0,1,4,0,2,1,1,0,1,2,5,2,1,0,2,0,0,0,1,0,4,9,2,4,4,5,2,1,6,6,26,69,51,35,32,9,12,5,15,48,54,1,4,1,1,1,0,0,2,0,0,1,1,0,0,0,0,0,0,0,2,3,3,4,1,3,0,0,0,6,13,36,18,19,18,10,14,1,14,15,41,2,0,0,0,0,0,0,1,1,0,2,0,1,1,0,0,0,1,0,1,0,0,0,0,0,0,0,0,0,0,10,1,3,1,2,0,0,1,3,7,0,0,0,0,0,0,0,0,0,0,0,1,1,0,1,0,0,0,0,3,13,4,7,4,5,1,3,1,14,34,1,1,4,0,0,0,1,1,2,6,3,1,0,1,1,1,0,1,0,3,0,3,0,1,1,0,1,0,1,1,3,2,3,0,2,4,0,0,3,14,11,11,10,2,3,5,1,6,5,23,13,7,4,6,1,6,0,7,6,26,3,3,0,1,0,0,0,1,2,3,1,0,1,1,1,0,0,2,2,1,4,7,1,4,2,1,0,2,6,10,0,0,1,0,2,1,0,0,0,3,1,1,3,1,0,1,0,1,0,2,4,4,2,1,2,0,0,3,1,14,3,1,1,1,2,1,0,0,2,5,37,22,18,16,12,12,2,16,30,68,10,4,4,7,3,0,0,2,10,17
152.75,7,2,1,1,1,2,1,1,1,7,0,1,0,0,0,1,0,0,0,0,1,0,1,0,0,0,0,1,3,3,1,1,0,0,0,0,0,0,0,2,8,9,7,2,2,2,2,5,9,26,77,56,39,16,22,23,4,12,43,73,3,0,1,1,0,0,0,0,2,6,1,0,2,0,0,0,0,0,0,1,2,4,2,2,0,6,0,4,3,20,42,24,22,11,5,7,1,7,20,39,0,0,0,0,0,0,0,0,0,0,0,1,1,0,1,1,0,0,0,3,0,0,0,0,0,0,0,0,0,0,4,2,4,0,2,3,0,0,2,1,0,0,0,0,0,0,0,1,0,0,3,2,2,2,0,0,0,1,0,4,13,13,8,2,0,2,2,2,8,27,0,2,0,1,0,0,0,4,2,7,2,0,0,1,0,0,0,0,1,0,0,0,0,0,0,1,0,0,1,2,9,2,4,2,3,1,0,2,4,12,13,4,7,4,6,0,0,3,14,11,11,14,4,7,4,3,3,5,14,26,2,1,0,0,0,1,0,0,2,4,1,2,0,0,0,0,0,0,3,2,4,4,4,0,0,2,0,2,4,8,7,2,1,2,1,2,0,0,1,1,3,1,1,4,1,0,0,3,3,14,1,2,2,0,1,2,0,0,6,6,3,0,3,1,0,1,1,1,3,4,23,10,17,10,9,11,3,20,28,83,6,6,5,2,3,2,1,2,12,9
153.25,9,2,1,2,0,2,1,2,2,7,0,0,0,0,0,0,0,0,0,0,0,1,1,0,0,0,0,2,0,5,0,3,0,0,0,0,0,1,0,0,7,5,4,6,1,5,1,7,10,27,67,31,39,21,21,16,2,9,47,65,3,2,0,0,0,1,0,1,1,3,3,0,1,0,0,0,0,0,1,2,2,5,3,1,1,2,1,1,1,15,34,18,12,9,11,7,1,5,18,46,0,1,1,0,0,0,0,0,1,1,0,1,1,0,0,2,0,1,0,1,0,0,0,0,0,0,0,0,0,0,3,0,0,3,1,2,0,1,2,1,0,0,0,0,0,0,0,0,0,1,1,3,1,0,1,0,1,1,1,8,11,4,2,3,4,2,0,8,8,25,5,2,4,0,2,0,0,2,2,5,4,0,0,0,0,0,1,2,1,5,0,1,0,0,1,0,0,0,0,3,8,3,1,0,2,3,0,1,1,6,17,10,9,2,2,3,2,5,5,13,8,10,7,7,1,2,0,3,9,22,1,0,0,0,0,1,0,1,1,2,2,1,2,0,0,0,0,2,3,3,2,1,1,0,0,2,1,2,5,8,2,2,0,0,0,0,0,4,1,3,2,4,2,4,0,0,0,0,0,3,4,4,1,3,0,2,0,1,5,7,6,1,0,1,1,1,0,0,1,2,34,13,15,7,10,12,2,21,32,75,12,5,3,3,0,4,0,2,2,16
153.75,5,1,1,2,1,0,0,1,4,10,0,0,0,0,0,0,0,0,0,0,2,0,0,0,0,0,0,0,2,5,0,1,0,0,0,0,0,0,1,1,8,2,6,4,2,6,1,4,7,19,67,41,28,22,12,14,0,13,42,61,0,1,1,0,1,0,0,1,4,5,0,0,0,0,0,0,0,0,1,0,4,6,0,0,1,1,0,2,3,7,19,18,21,10,4,11,3,12,23,41,0,1,0,0,0,0,0,0,0,0,2,1,0,1,2,0,0,0,0,2,0,0,0,0,0,0,0,0,0,0,4,3,3,1,0,2,0,0,2,7,0,0,0,0,0,0,0,0,0,0,2,0,2,1,0,1,0,0,0,3,9,8,2,8,1,3,2,9,10,20,3,1,0,1,1,1,1,5,0,10,1,1,2,0,0,1,0,2,1,2,1,1,0,1,0,0,0,0,2,1,2,2,5,2,2,4,1,4,3,10,10,2,4,3,3,2,1,3,12,15,12,9,8,2,6,2,1,7,15,22,0,0,0,1,0,0,0,0,0,4,2,1,1,0,0,0,0,0,3,3,3,5,2,3,3,0,0,3,5,6,6,1,1,0,0,2,0,1,1,0,1,2,0,0,1,1,0,4,0,5,2,2,2,1,0,0,1,0,5,5,1,4,3,1,2,0,0,0,2,6,27,18,13,9,7,8,2,11,33,70,3,7,4,0,3,1,0,3,5,10
154.25,2,2,2,1,2,0,0,1,1,8,0,0,0,0,0,0,0,0,0,0,4,1,2,2,1,0,0,1,2,4,1,1,0,0,1,0,0,0,2,0,9,5,4,1,1,0,1,6,3,27,71,48,29,23,17,16,2,14,45,72,4,1,2,1,1,1,0,2,0,1,0,0,0,0,0,0,0,0,1,1,3,4,1,1,4,2,0,1,6,9,34,19,14,15,8,11,0,7,20,37,0,0,1,0,0,0,0,0,0,1,1,0,0,0,1,0,0,0,2,0,0,0,0,0,0,0,0,0,0,0,2,4,2,1,1,3,0,0,4,5,0,0,0,0,0,0,0,0,0,0,0,0,2,2,0,0,0,0,1,4,8,7,5,7,5,2,0,6,11,17,3,1,1,2,1,1,1,1,2,5,1,0,1,0,0,0,0,1,2,0,2,1,0,0,0,0,0,1,1,2,4,1,1,2,2,2,0,2,4,8,14,9,1,6,1,1,0,1,9,14,8,9,3,3,4,3,2,9,8,26,0,0,2,0,0,0,0,1,0,8,2,0,0,1,0,1,1,2,2,2,4,2,0,4,1,3,0,2,1,13,1,4,1,0,0,1,0,0,0,2,3,1,0,1,1,0,1,0,5,7,2,1,3,2,0,0,0,1,3,6,1,2,1,1,0,0,1,0,2,4,23,16,18,16,8,14,2,11,18,58,9,4,5,4,0,2,1,7,5,7
154.75,4,2,2,3,2,0,0,2,3,6,0,0,0,0,0,0,0,0,0,1,4,0,0,3,0,1,0,0,0,1,1,0,0,0,0,0,0,0,1,0,4,11,8,1,3,4,0,6,4,26,61,44,38,21,11,23,4,10,44,69,4,2,1,1,0,2,0,0,1,2,0,1,0,0,0,0,0,0,1,1,8,2,0,1,0,3,1,5,6,16,34,19,10,11,9,8,1,6,23,37,0,0,0,1,0,0,0,0,1,1,0,0,1,0,2,0,0,1,0,2,1,0,0,0,0,0,0,0,0,0,1,4,3,2,1,2,0,1,4,7,0,0,0,0,0,0,0,0,0,1,1,0,0,1,2,0,0,0,3,4,6,5,6,5,3,2,0,5,4,22,5,5,1,1,0,0,0,1,2,11,0,2,0,0,0,1,0,1,0,3,1,1,0,0,0,2,0,0,2,1,7,7,9,1,0,1,0,0,1,13,13,4,10,5,5,10,0,1,7,13,8,10,2,2,1,2,1,6,10,22,0,2,1,0,0,0,0,1,0,4,1,1,1,0,0,0,1,2,1,4,7,1,0,0,0,0,0,3,3,7,1,1,2,1,0,2,0,0,1,3,6,4,1,1,0,3,0,0,1,2,4,1,1,0,1,0,0,2,1,7,1,2,0,1,0,0,0,1,2,6,29,15,15,15,7,8,4,13,18,74,3,3,4,5,2,2,2,1,2,11
155.25,5,1,1,1,0,1,1,0,4,8,0,0,0,0,0,0,0,0,0,0,1,0,1,2,0,0,0,0,3,3,0,0,0,1,0,0,0,0,2,1,13,3,11,4,4,1,0,6,7,26,54,38,40,22,20,17,2,15,45,97,0,2,2,1,1,0,0,0,3,3,1,0,0,1,0,0,0,0,0,0,3,2,1,2,1,0,0,3,3,7,20,22,14,4,8,6,1,14,21,34,1,0,0,0,0,0,0,1,0,2,1,0,0,1,0,1,0,0,0,2,0,0,1,0,0,0,0,0,0,0,0,3,1,0,2,0,0,2,3,4,0,0,0,0,0,0,0,0,0,0,0,1,2,0,0,0,0,1,2,7,5,5,8,1,5,2,0,6,3,35,4,1,0,2,0,1,0,2,3,5,3,1,0,0,0,0,0,0,1,2,2,1,0,0,1,0,0,0,0,2,7,2,3,2,2,1,0,1,4,8,6,9,7,3,2,3,0,6,8,17,2,5,7,8,3,2,0,2,12,24,2,0,0,0,0,0,1,1,2,5,2,0,1,0,0,1,0,3,0,3,1,3,7,2,1,1,0,2,2,7,2,3,2,0,1,0,0,0,0,2,5,1,0,0,2,0,0,1,1,6,2,3,2,1,0,0,1,1,2,7,1,6,1,0,0,0,0,0,1,5,24,21,14,10,10,10,4,16,17,68,10,4,3,2,1,0,0,2,6,15
155.75,1,4,0,1,1,3,0,1,0,10,0,1,0,0,0,0,0,0,0,0,0,2,1,1,1,0,0,1,0,4,3,1,2,0,0,0,0,0,0,0,4,0,2,4,3,4,1,6,7,24,54,32,33,21,17,9,1,27,33,70,1,2,1,0,0,0,0,1,2,4,0,0,0,0,0,0,0,0,0,3,4,1,2,0,0,2,2,1,3,8,21,24,15,7,7,5,3,16,17,45,0,0,1,0,0,0,0,0,0,0,0,0,0,0,1,0,0,0,1,1,0,0,0,0,0,0,0,0,0,0,8,2,2,1,1,0,1,1,3,6,0,0,0,0,0,0,0,0,0,0,1,0,0,0,0,1,0,1,0,3,4,9,6,2,2,2,0,6,7,21,5,4,0,0,0,0,0,1,0,9,0,1,1,0,0,1,0,0,1,2,2,0,0,0,0,1,0,1,1,0,4,4,2,4,1,3,0,1,4,8,12,11,3,1,4,3,0,1,4,11,10,6,0,4,1,6,0,6,5,29,1,0,0,0,0,1,0,2,1,4,1,1,2,0,0,2,0,0,2,4,3,4,3,4,3,0,0,2,2,8,0,4,0,0,0,2,1,0,5,2,1,3,1,1,0,0,0,0,1,2,3,1,2,0,1,1,0,0,2,3,3,1,0,0,1,2,0,1,3,4,26,19,17,6,3,13,2,16,22,60,9,2,1,5,1,1,0,2,7,11
156.25,3,0,2,3,2,2,0,2,2,9,0,0,0,0,0,0,0,0,2,0,1,1,2,0,0,0,1,0,2,2,2,1,0,1,2,0,0,0,1,1,3,6,4,3,2,6,1,3,7,18,67,38,29,19,15,19,1,17,42,76,0,1,0,1,0,2,0,0,2,4,2,0,0,1,0,0,0,0,1,1,5,4,2,2,1,0,1,3,4,11,35,10,16,9,6,11,1,4,29,36,1,0,0,1,0,0,0,0,0,0,2,0,1,0,0,1,0,0,0,3,0,0,0,0,0,0,0,0,0,0,4,2,0,1,0,0,0,0,4,7,0,0,0,0,0,0,0,0,0,0,2,0,0,1,1,0,1,0,0,0,12,2,3,3,0,3,1,5,9,18,5,0,3,0,1,1,0,0,0,6,2,0,1,0,1,0,1,1,0,3,1,2,0,0,0,0,0,1,1,1,4,0,1,4,2,0,0,1,3,6,9,6,5,4,1,4,0,5,8,18,8,5,4,1,0,4,0,5,5,29,0,0,0,0,0,0,0,1,0,2,0,0,0,0,0,0,0,1,0,3,1,2,5,1,0,0,0,1,3,6,5,2,1,0,0,2,0,2,4,0,2,3,1,0,0,1,0,0,2,3,4,4,0,3,1,1,0,1,2,7,3,1,0,1,1,0,0,1,0,1,31,16,14,13,9,3,2,15,26,64,11,3,4,2,1,3,0,5,11,19
156.75,5,4,0,0,2,0,0,0,2,8,0,0,0,0,0,1,0,0,0,0,1,1,0,2,0,2,0,0,1,7,3,4,0,0,1,1,0,0,1,0,9,2,1,3,2,2,0,10,7,24,63,34,31,26,19,13,5,7,54,61,1,0,0,0,1,1,0,0,1,2,0,1,0,1,0,0,0,0,1,2,2,3,2,1,2,1,0,3,2,12,26,11,17,5,4,9,3,6,14,37,1,2,1,0,0,0,0,0,0,0,0,1,0,1,0,0,0,0,0,3,0,0,0,0,0,0,0,0,0,0,4,3,1,1,0,0,1,1,4,5,0,0,0,0,0,0,0,0,0,0,0,1,0,1,0,1,0,0,0,1,8,3,9,5,5,2,0,3,5,18,3,5,3,2,1,2,0,1,0,6,0,3,0,0,0,0,0,0,0,2,1,1,3,0,0,0,0,1,0,2,4,3,2,3,1,1,0,2,3,8,13,8,7,4,2,0,0,5,8,16,8,7,7,5,4,1,1,10,11,23,0,2,1,0,0,0,0,1,5,2,1,0,1,0,0,0,0,0,0,1,5,3,2,5,2,2,0,4,1,13,2,1,1,1,1,0,0,1,1,3,2,2,0,0,2,1,0,1,2,2,3,1,1,1,0,0,1,3,0,7,3,5,0,0,0,1,0,1,7,4,24,19,15,6,6,9,3,18,17,56,3,5,5,2,1,3,0,3,5,15
157.25,3,4,2,1,1,1,0,0,3,9,0,0,0,0,0,0,0,2,0,0,1,0,1,3,1,0,0,1,0,3,2,0,0,0,0,0,0,0,0,0,8,7,1,4,3,1,1,5,3,14,66,25,36,21,16,16,1,16,44,71,0,1,2,0,0,0,0,1,1,0,0,2,0,0,0,0,1,0,0,4,9,2,2,2,0,2,0,3,2,11,27,11,8,12,8,6,2,8,21,39,1,1,1,0,0,0,0,0,1,1,1,0,1,0,0,1,0,0,2,4,0,0,0,0,0,0,0,0,0,0,2,1,3,2,0,2,0,0,2,7,0,0,0,0,0,0,0,0,0,0,3,0,0,0,0,0,0,0,1,2,11,9,4,2,1,5,0,5,7,19,1,2,1,1,0,0,0,0,1,8,0,2,0,0,0,0,0,1,1,1,1,0,0,0,0,0,0,0,0,2,2,1,1,5,0,0,1,2,4,8,13,6,6,5,5,5,0,5,6,15,6,4,6,2,1,6,0,5,6,20,2,1,0,0,0,0,1,1,1,5,2,0,0,2,0,0,0,0,0,4,8,2,1,2,2,2,1,1,1,6,1,1,0,0,0,0,0,2,3,3,1,2,1,0,0,1,0,0,0,3,3,0,0,1,0,0,0,0,2,4,3,2,3,0,0,1,0,3,5,3,22,14,5,9,8,5,2,12,20,64,6,3,3,2,2,0,1,3,2,4
157.75,3,2,5,1,0,1,0,4,2,9,0,0,0,0,0,0,0,0,0,1,0,0,1,1,0,0,1,2,0,4,1,1,0,0,0,2,0,0,1,0,6,3,3,1,2,2,1,5,7,15,63,46,32,13,18,17,2,19,47,64,2,1,0,0,0,0,0,0,3,3,1,0,0,0,0,0,0,1,0,0,7,2,4,1,0,1,1,5,4,11,30,15,17,10,9,8,2,6,17,40,3,0,0,2,0,0,0,0,0,1,0,0,0,0,0,0,0,1,0,0,1,0,0,0,1,0,0,0,0,0,2,4,0,2,0,0,0,0,1,6,0,0,0,0,0,0,0,0,0,0,0,0,0,2,1,0,0,1,0,4,9,6,5,10,4,3,0,5,6,20,1,1,3,0,1,0,0,1,2,6,1,0,0,0,0,0,0,0,2,4,0,1,0,0,1,0,0,0,0,2,4,1,2,2,1,0,0,1,2,9,14,9,4,2,7,3,0,6,7,12,6,3,6,6,4,0,2,3,4,22,0,0,1,0,0,0,0,0,0,3,2,3,2,1,0,1,0,0,2,3,4,0,2,5,2,2,0,1,2,2,0,1,3,1,0,0,0,2,1,2,3,2,0,0,0,0,0,1,6,3,5,1,2,0,1,0,0,0,0,4,0,0,0,1,0,0,0,0,2,6,23,18,11,7,10,5,4,2,22,60,3,7,1,0,2,1,0,0,3,14
158.25,1,2,2,1,0,0,0,0,3,11,0,0,0,0,0,0,0,0,0,1,0,2,2,0,0,0,0,0,1,1,0,0,1,0,0,0,0,1,1,3,7,6,4,4,1,1,0,9,3,22,58,37,27,20,14,13,1,10,30,63,1,0,1,3,1,0,0,2,1,4,0,1,0,0,0,0,0,0,0,0,4,2,4,0,0,0,1,0,2,11,26,10,14,10,4,2,0,9,22,36,1,0,0,0,0,0,1,1,0,2,2,0,0,0,1,0,0,0,0,5,0,0,0,0,0,0,0,0,0,0,2,1,1,0,0,0,1,0,2,5,0,0,0,0,0,0,0,0,0,0,0,1,0,0,0,0,0,0,0,4,12,4,6,5,3,4,0,9,3,18,4,0,1,1,0,1,0,0,2,6,2,1,1,0,0,0,0,1,1,0,1,0,0,0,0,0,0,0,2,1,2,1,1,2,0,2,0,3,2,6,11,4,9,2,0,2,0,2,9,18,5,6,6,1,1,1,0,1,4,22,1,1,0,1,0,0,0,0,0,0,1,0,1,2,1,0,0,0,0,5,1,5,4,0,2,3,1,0,2,9,1,0,1,2,0,0,1,1,1,1,3,1,2,0,0,0,1,1,3,6,3,3,2,0,0,0,1,2,4,4,1,3,1,1,2,1,0,1,2,4,18,15,14,10,4,7,3,9,11,55,7,2,3,2,2,0,0,3,5,6
158.75,2,2,2,2,1,4,0,1,0,5,0,0,0,0,0,0,0,0,0,1,2,0,1,1,0,0,0,1,1,0,0,1,1,0,1,1,0,0,1,4,5,5,4,0,4,1,0,1,7,19,46,25,39,20,9,15,2,12,36,73,0,1,2,0,1,0,0,1,1,2,0,0,2,1,0,0,0,0,0,0,9,2,2,2,1,2,0,1,4,7,19,23,20,9,9,6,1,4,14,50,0,1,0,1,0,0,0,0,0,2,2,0,0,1,1,1,0,1,0,0,0,0,0,0,0,0,0,0,0,0,2,5,2,3,0,0,0,1,2,2,0,0,0,0,0,0,0,0,0,0,0,2,1,1,0,0,0,2,2,2,12,3,8,0,1,9,0,5,8,29,4,1,2,1,4,0,0,1,1,8,1,3,1,1,0,0,0,0,0,1,1,0,0,1,0,0,0,0,0,1,4,3,2,0,1,1,0,1,1,14,8,3,5,4,6,3,1,1,7,18,6,4,3,4,2,2,0,6,4,21,0,1,1,0,0,0,0,0,1,1,2,0,0,0,0,0,0,0,0,2,2,1,1,0,0,4,1,1,2,4,3,2,1,1,0,0,1,0,4,2,3,1,2,0,0,1,1,0,4,3,3,2,2,2,0,1,0,0,1,7,2,2,2,1,0,0,0,0,0,7,23,11,12,7,2,6,1,14,15,54,7,3,1,1,1,4,0,1,3,13
159.25,0,1,1,0,1,0,0,3,2,9,0,0,0,0,0,0,0,0,0,0,1,0,0,0,1,1,0,0,2,2,0,2,2,0,0,0,0,0,1,2,7,4,7,4,2,6,0,6,7,16,50,41,28,20,21,19,1,10,38,66,1,1,0,1,1,1,0,1,2,3,2,0,1,0,1,0,0,0,3,1,4,1,2,1,1,1,0,2,2,9,26,12,16,8,12,5,0,4,15,43,1,0,2,0,0,0,0,0,0,0,1,0,0,1,1,2,0,0,0,0,0,0,0,0,0,0,0,0,0,0,5,1,0,2,0,0,0,1,2,2,0,0,0,0,0,0,0,0,0,0,0,0,1,0,0,0,0,0,1,2,6,4,7,2,1,0,0,3,7,18,5,2,2,2,1,0,0,5,5,6,0,0,2,0,1,0,0,0,1,1,0,0,2,1,0,0,0,0,0,2,1,2,3,0,1,0,0,1,3,8,9,5,6,2,4,9,1,4,6,15,12,6,6,2,1,6,0,4,5,21,1,0,0,0,0,0,0,1,1,4,0,3,0,1,1,0,0,0,0,5,6,3,0,0,1,1,1,1,3,5,2,2,0,0,1,0,0,0,2,2,1,2,0,0,1,1,1,0,1,2,6,0,1,0,0,0,0,2,3,3,6,2,0,2,0,1,0,0,2,3,19,22,17,6,8,8,4,15,12,67,3,4,5,0,5,2,0,3,4,12
159.75,2,2,1,1,1,1,1,1,1,12,0,0,0,0,0,0,0,0,0,1,1,4,0,0,0,0,0,0,1,3,3,0,0,1,0,0,0,1,0,3,5,4,3,2,1,3,1,4,5,23,61,26,27,25,15,16,5,13,45,59,1,0,1,1,0,0,0,1,0,4,2,0,0,1,1,0,0,0,2,0,5,5,5,2,1,2,0,3,3,10,34,13,9,7,4,4,1,9,16,36,2,1,0,2,0,0,0,0,1,0,0,0,0,0,0,0,0,0,0,2,0,0,0,0,0,1,0,0,0,0,4,4,1,2,2,0,0,1,2,1,0,0,0,0,0,0,0,0,0,0,0,0,0,0,1,0,0,0,1,3,6,3,3,2,0,1,0,3,3,17,4,1,1,2,0,2,0,1,2,9,1,0,0,1,0,0,0,0,2,2,0,1,2,0,0,0,0,0,1,2,4,1,0,0,1,0,0,0,3,4,9,10,3,2,7,3,1,2,5,17,6,7,4,0,1,1,1,4,7,25,0,1,0,0,0,0,0,1,1,3,2,1,1,0,0,0,0,1,1,1,5,8,1,1,1,1,0,5,2,9,3,4,1,0,0,0,0,1,1,4,2,1,0,1,1,0,0,0,1,3,4,1,2,2,0,0,0,0,0,3,1,3,1,2,2,0,0,0,3,4,30,12,15,7,4,9,2,12,20,56,4,1,3,3,2,2,0,4,7,8
160.25,4,2,2,1,0,0,0,3,3,9,0,0,0,0,0,0,0,1,0,1,2,2,0,1,0,0,0,1,0,3,0,0,0,0,0,0,0,0,2,0,7,4,1,5,2,9,0,6,4,21,63,30,28,17,10,22,1,14,38,81,0,1,1,0,0,0,0,4,1,4,1,0,0,0,2,0,0,1,0,1,8,2,2,1,2,0,0,0,2,7,25,21,12,9,7,9,0,8,19,34,2,0,1,0,0,0,0,0,1,2,0,0,0,0,0,1,0,0,0,1,0,0,0,0,0,0,0,0,0,0,4,1,4,1,0,0,0,0,2,5,0,0,0,0,0,0,0,0,0,0,0,1,0,0,0,2,0,0,1,2,10,8,4,6,1,1,1,2,9,15,3,1,2,0,1,1,0,1,4,1,1,1,1,1,1,1,0,0,2,1,0,0,1,0,0,0,0,0,0,3,2,2,3,1,0,3,1,2,4,6,11,7,10,5,1,5,0,6,2,17,6,3,1,4,2,1,2,3,11,15,0,0,1,2,0,0,0,0,0,2,1,0,1,0,0,0,0,0,1,3,3,1,4,2,1,1,0,5,0,6,2,0,1,1,0,0,0,0,4,1,3,0,4,1,2,1,0,1,0,6,1,2,0,0,1,0,0,3,3,3,2,2,1,2,0,0,0,1,1,6,27,12,8,7,10,1,3,13,26,52,3,3,2,2,2,4,0,6,2,13
160.75,1,0,3,1,3,0,0,2,1,8,0,0,0,0,0,0,0,0,0,1,2,0,1,0,0,0,0,2,1,7,0,0,0,1,0,0,0,0,1,1,4,3,3,2,0,1,1,2,4,16,59,25,24,26,20,17,1,14,38,64,0,0,0,0,0,2,0,0,0,1,0,1,1,1,0,0,0,0,0,0,5,6,1,3,1,1,0,1,8,7,25,15,12,8,5,7,0,7,19,46,0,0,0,1,0,0,0,1,1,1,0,2,0,0,0,0,0,0,0,2,0,0,1,0,0,0,0,0,0,0,5,1,2,1,0,0,0,0,4,3,0,0,0,0,0,0,0,0,0,0,2,0,0,0,0,0,1,0,1,2,10,1,2,6,1,0,1,8,3,22,2,1,0,0,0,1,0,2,0,7,2,2,2,0,0,1,0,0,1,2,0,0,0,1,1,0,0,0,0,4,2,2,1,2,0,0,0,2,4,7,12,3,7,3,1,5,0,2,7,14,10,2,0,5,0,0,0,4,5,22,1,0,0,0,0,0,0,0,0,1,0,0,0,0,1,1,0,1,0,1,2,1,1,1,0,0,0,0,3,7,3,0,1,1,1,0,0,0,4,5,3,3,0,0,0,1,0,2,1,5,5,0,4,1,0,2,0,2,2,5,3,1,1,0,1,0,0,1,0,3,21,7,12,11,5,7,2,10,19,58,4,6,0,1,3,2,0,2,6,11
161.25,4,1,3,1,0,0,0,2,4,9,0,0,0,0,0,0,0,0,0,0,1,1,1,0,1,0,0,2,4,2,1,0,0,0,0,0,0,0,0,2,5,2,3,2,2,1,0,4,6,19,58,32,19,13,14,11,2,8,33,70,1,0,1,0,1,0,0,2,2,4,0,0,0,0,0,3,0,0,1,1,5,4,2,1,2,2,2,2,3,6,37,14,13,7,5,9,2,5,15,26,1,0,1,1,0,0,0,0,0,2,0,2,1,0,0,0,0,0,1,3,1,0,0,0,0,0,0,0,0,0,2,1,1,1,2,0,1,1,3,10,0,0,0,0,0,0,0,0,0,0,0,0,2,0,0,0,0,1,3,1,7,3,4,2,3,1,0,4,2,18,3,0,0,0,0,1,0,1,0,3,2,0,0,2,0,0,0,1,1,2,2,0,0,0,0,0,0,0,0,0,6,0,3,2,1,1,0,2,1,6,4,6,9,8,2,2,1,5,10,19,9,2,4,4,2,0,1,4,4,13,1,1,0,0,1,0,0,0,2,2,3,2,0,0,0,0,0,0,2,4,3,5,1,3,2,0,0,3,4,4,3,0,1,2,0,1,0,0,0,1,1,3,1,1,1,1,0,0,2,5,1,4,2,1,0,0,0,1,4,6,2,2,1,0,0,0,0,0,2,10,20,16,19,7,4,7,1,11,18,64,3,3,1,1,1,1,0,2,2,18
161.75,4,2,0,1,1,2,0,1,2,8,0,0,0,0,0,0,1,0,0,0,5,1,0,1,0,0,1,0,0,4,1,0,0,0,0,0,0,0,1,1,9,5,3,2,1,2,0,5,4,19,38,39,32,16,8,21,2,15,33,76,2,0,1,2,2,0,0,0,0,4,0,0,0,0,0,0,0,0,0,1,7,3,3,0,0,1,0,2,7,8,29,11,8,9,11,8,2,12,14,37,1,1,0,1,0,0,0,0,0,1,1,0,1,0,1,0,1,1,0,5,0,0,0,0,0,0,0,0,0,0,2,2,1,1,0,1,0,2,1,3,0,0,0,0,0,0,0,0,0,0,3,0,0,0,0,0,0,0,0,0,4,4,3,3,4,1,3,5,9,11,1,7,0,1,0,0,1,0,2,4,0,1,0,0,0,0,0,1,0,1,3,0,0,0,0,0,0,0,1,1,2,4,5,2,1,1,0,2,0,8,12,8,3,2,3,3,0,5,4,18,9,6,2,4,4,4,2,2,9,11,0,1,1,0,0,0,0,0,1,2,1,3,1,1,0,0,0,0,2,1,5,0,0,0,0,1,1,0,2,3,3,1,0,1,1,0,0,1,2,2,1,0,0,0,1,1,1,1,1,5,6,1,0,1,1,0,0,0,2,8,3,2,1,1,1,1,0,0,1,10,25,14,14,11,11,4,2,12,12,40,1,3,5,1,1,4,0,3,4,8
162.25,3,3,3,2,0,0,0,0,4,4,0,0,0,0,0,0,0,0,0,0,1,1,1,1,0,2,0,1,2,2,0,0,0,0,0,0,0,0,2,1,5,1,3,2,3,2,0,3,4,16,57,37,23,16,11,11,2,17,31,66,0,0,0,0,0,2,0,0,0,3,2,0,0,0,0,0,0,0,0,2,7,2,2,1,1,0,0,0,2,9,32,14,21,11,6,5,1,4,18,34,1,0,0,0,0,0,0,0,1,0,0,0,0,1,0,0,0,1,2,2,1,0,0,0,0,0,0,0,0,0,4,2,1,0,0,0,0,0,3,0,0,0,0,0,0,0,0,0,0,0,1,1,0,0,1,0,0,2,1,2,6,3,5,1,2,2,1,7,5,14,2,1,2,2,0,0,0,1,2,5,2,1,0,0,1,0,0,3,1,4,2,0,1,0,0,1,0,0,0,3,4,2,1,0,2,3,0,4,0,7,8,5,9,5,3,4,1,5,6,13,6,2,4,0,1,1,0,3,4,15,0,0,0,0,1,0,0,0,0,3,2,0,2,0,0,0,0,0,1,3,5,1,0,0,3,0,0,2,4,4,2,2,0,2,0,0,1,0,1,2,1,0,1,1,0,1,0,1,2,4,3,2,1,0,0,1,0,1,4,8,1,0,2,2,0,2,0,0,3,5,22,10,7,7,3,8,3,11,21,53,6,2,3,3,1,1,1,2,5,5
162.75,5,2,1,1,1,0,0,0,2,9,0,0,0,0,0,0,0,0,0,1,1,1,0,0,0,0,0,1,1,3,0,0,1,2,0,0,0,0,0,2,8,7,3,4,2,1,2,3,3,24,52,34,30,19,16,13,5,15,38,65,2,0,1,0,0,0,0,0,0,1,1,1,0,1,0,0,0,0,1,1,4,5,5,0,1,1,0,0,2,13,27,19,11,7,6,7,0,3,20,29,0,0,0,0,0,0,0,0,0,1,0,0,0,0,0,0,0,1,1,3,0,0,0,0,0,0,0,0,0,0,7,1,1,2,1,1,0,0,1,5,0,0,0,0,0,0,0,0,0,0,0,0,0,0,0,0,0,1,0,2,9,5,2,2,1,1,0,7,9,22,2,3,1,0,0,0,0,1,2,3,1,1,0,1,0,0,0,1,1,3,0,0,0,0,0,0,0,0,0,2,2,6,1,0,2,0,2,1,3,8,14,5,3,0,3,3,0,5,7,18,6,6,8,1,1,4,1,4,8,19,3,0,0,1,0,2,0,1,1,1,1,0,1,1,0,1,0,1,1,2,3,1,1,0,1,2,0,2,1,7,3,2,0,0,0,1,0,0,0,3,0,2,3,0,0,0,0,1,4,5,2,0,3,1,0,0,0,0,1,7,6,1,0,1,1,0,0,1,4,6,13,18,10,13,4,7,2,14,16,50,4,2,4,1,2,0,0,2,4,9
163.25,1,3,1,0,1,1,0,0,7,3,0,0,0,0,0,0,0,0,0,0,3,1,0,0,0,0,0,0,2,6,0,0,0,0,0,1,0,0,0,0,8,5,3,3,0,0,1,3,6,15,49,27,26,12,11,17,3,18,40,56,1,0,0,0,0,0,0,0,0,0,0,2,0,0,0,0,0,0,0,0,5,1,2,0,2,0,1,3,5,9,21,12,13,8,5,5,1,8,10,41,0,2,0,0,0,0,0,0,2,1,0,1,0,0,0,3,0,0,0,0,0,0,1,0,0,0,0,0,0,0,1,3,2,0,2,1,0,1,2,4,0,0,0,0,0,0,0,0,0,0,0,0,0,1,0,0,0,1,0,2,4,7,2,2,2,4,0,1,6,14,1,0,3,1,0,1,1,1,2,6,0,2,0,0,1,0,0,0,0,1,0,2,0,0,0,2,0,1,0,0,7,4,0,1,3,1,0,0,0,5,11,4,3,6,5,1,1,1,6,16,4,4,2,2,3,1,0,2,2,24,1,0,0,1,0,0,0,0,1,4,1,2,1,0,0,0,0,0,1,1,4,1,1,0,2,1,0,1,2,10,0,2,2,2,0,0,0,0,4,3,2,0,1,1,0,1,0,1,0,2,1,1,4,0,0,0,1,1,0,3,2,0,2,0,1,0,0,2,3,5,20,13,11,7,4,5,3,15,16,48,2,5,3,4,0,3,0,1,2,10
163.75,2,1,2,0,1,0,1,2,1,11,0,0,0,0,0,0,1,0,0,0,2,1,0,0,0,2,0,1,1,3,1,0,1,0,0,0,0,0,1,0,3,6,2,2,1,2,2,6,3,7,53,34,23,17,15,14,3,10,28,54,2,1,1,0,0,1,0,1,0,4,0,0,0,0,0,0,0,1,0,1,2,3,2,3,0,2,0,3,3,8,34,21,15,3,8,6,1,7,14,33,0,1,0,0,0,0,0,0,0,2,1,0,0,0,0,0,1,0,0,0,0,0,0,0,2,0,0,0,0,0,5,2,1,1,1,1,0,1,0,3,0,0,0,0,0,0,0,0,0,0,0,0,0,0,0,2,0,0,0,4,11,5,4,4,0,0,0,5,2,18,1,2,2,0,0,0,0,1,3,4,1,0,0,0,0,0,0,2,3,2,2,0,0,0,0,0,0,0,2,1,1,3,1,1,1,1,0,0,1,6,8,5,6,2,2,1,1,2,7,12,6,2,2,2,2,2,1,3,7,22,1,0,0,1,0,0,1,2,0,3,2,0,0,1,0,0,0,0,1,4,2,3,0,0,0,3,0,1,8,5,0,1,1,2,0,0,0,0,1,5,3,3,1,2,1,0,0,0,0,2,4,1,3,1,2,0,0,1,1,4,2,1,0,0,0,0,0,2,3,4,22,14,10,7,5,7,1,4,12,45,3,3,0,0,2,1,0,2,5,9
164.25,0,0,1,0,1,0,0,1,2,5,0,0,0,0,0,0,0,0,0,0,0,0,1,1,1,0,0,2,0,6,1,0,0,0,0,0,0,0,0,1,4,5,7,0,1,3,0,4,3,17,44,36,32,11,5,17,2,13,36,56,2,0,2,0,2,1,0,0,0,1,0,1,0,0,0,0,0,1,0,2,4,3,0,1,2,2,0,0,4,7,35,20,9,11,2,12,1,7,17,28,1,1,0,0,0,0,0,1,1,2,0,2,0,0,0,0,0,0,0,1,0,0,0,0,0,0,0,0,0,0,3,1,0,0,1,0,0,0,2,4,0,0,0,0,0,0,0,0,0,0,0,0,0,0,0,0,0,0,0,2,4,2,4,0,1,1,0,6,3,15,1,1,2,0,1,0,1,1,1,5,0,1,0,0,0,1,0,0,0,3,2,1,0,0,0,0,0,0,0,1,6,1,0,2,1,2,0,1,9,5,9,8,5,4,4,5,1,7,12,16,7,3,3,0,0,0,0,3,4,15,2,1,0,0,0,0,0,1,0,2,0,1,1,0,0,0,0,0,2,3,2,1,0,0,1,1,0,2,1,3,1,1,1,0,0,0,0,0,2,5,0,0,1,1,0,0,0,0,3,6,5,2,1,1,2,0,0,0,0,5,3,0,5,0,0,1,0,0,0,3,24,14,15,10,5,7,1,13,10,32,10,0,1,0,4,1,0,3,1,5
164.75,0,4,0,1,0,2,0,2,1,2,0,0,0,0,0,0,0,0,0,0,3,0,0,0,0,0,0,0,0,2,0,2,0,1,0,0,0,1,0,0,6,3,1,2,3,2,1,3,6,12,56,24,27,20,11,12,3,5,21,54,1,1,1,0,2,1,0,1,0,0,0,1,0,0,0,0,0,0,1,0,6,2,0,1,1,3,0,1,1,2,26,16,11,10,5,6,4,11,17,38,0,0,1,0,0,0,0,0,2,0,2,1,0,0,0,0,0,1,0,0,0,0,0,0,0,0,0,0,0,0,1,2,1,0,1,0,0,0,3,6,0,0,0,0,0,0,0,0,0,0,1,1,0,0,0,0,0,0,0,1,9,5,2,0,0,0,0,1,4,16,5,0,1,1,0,0,0,1,2,2,2,0,1,0,0,0,1,0,0,0,3,1,2,0,1,0,0,0,1,1,5,1,1,1,0,0,0,2,4,8,9,6,3,4,0,2,1,2,3,18,7,6,4,4,3,1,2,4,2,17,1,2,0,0,0,0,0,0,1,3,1,1,0,1,1,0,0,2,1,1,3,2,3,0,0,2,0,1,4,5,1,0,1,1,1,0,0,0,2,4,2,1,2,2,1,0,0,0,1,0,3,5,0,2,0,3,0,0,1,4,5,1,1,2,2,0,0,0,1,1,25,19,8,4,2,11,1,12,12,37,3,3,3,1,2,1,0,4,2,8
165.25,3,1,2,2,1,1,0,0,1,3,0,0,0,0,0,0,0,0,0,0,1,1,1,0,0,1,0,1,0,2,1,0,0,0,0,0,0,0,1,1,6,5,2,2,0,2,0,1,2,16,59,22,16,16,8,8,5,20,37,65,1,0,1,1,0,0,0,0,1,2,1,0,0,0,0,0,0,0,0,2,0,5,4,2,1,0,1,0,5,9,25,15,15,6,1,7,4,4,15,36,0,0,0,0,0,0,0,0,0,1,0,0,1,0,0,0,0,1,0,2,0,0,1,0,0,0,0,0,0,0,5,2,0,0,0,3,0,2,4,2,0,0,0,0,0,0,0,0,0,0,1,0,0,1,0,1,0,0,0,1,5,7,3,1,6,3,0,0,3,14,3,2,2,3,1,0,0,1,1,4,0,1,1,0,1,0,0,0,0,0,1,0,0,1,3,0,0,1,2,1,3,4,0,1,0,0,0,3,1,3,5,5,3,1,1,2,3,5,4,9,7,4,2,2,1,3,0,2,6,14,1,0,0,0,0,0,0,0,0,3,1,0,1,0,0,0,0,0,0,3,1,7,5,0,0,0,1,1,0,9,1,0,0,1,0,0,0,0,0,4,0,1,1,1,1,1,2,1,2,3,5,1,3,2,1,0,0,0,0,4,3,1,1,2,0,0,0,1,2,6,14,9,14,7,10,7,0,15,18,39,7,4,3,1,0,2,0,2,2,9
165.75,2,1,2,0,3,1,1,1,1,6,0,0,0,0,0,0,0,0,0,0,2,0,2,0,0,0,1,1,0,2,2,1,1,0,0,0,0,1,1,2,5,2,1,2,0,2,0,7,7,23,45,30,20,12,19,12,4,16,41,54,0,2,1,0,0,0,0,0,0,3,1,0,0,0,0,0,0,0,2,0,3,3,2,0,1,0,0,3,1,8,24,21,13,7,6,8,1,3,18,27,1,0,1,0,0,0,0,0,0,1,1,0,0,0,0,0,0,1,1,0,0,0,0,0,0,0,0,0,0,0,6,1,2,0,0,2,0,1,1,5,0,0,0,0,0,0,0,0,0,0,1,1,0,0,0,0,0,0,0,1,7,6,5,1,2,3,0,3,4,20,3,2,1,1,1,0,0,0,2,9,0,1,0,1,0,1,0,0,0,2,1,0,1,0,0,2,0,1,1,1,1,3,1,2,0,1,0,2,5,4,8,6,11,3,5,3,0,3,4,12,7,3,1,1,4,2,1,4,0,16,0,0,0,0,0,0,0,0,0,1,1,0,0,0,0,0,0,0,0,0,9,1,0,0,3,1,0,1,1,4,1,1,2,1,0,0,0,0,0,1,2,0,0,0,1,1,0,2,1,2,5,2,3,0,0,0,0,2,3,7,2,2,2,1,0,1,0,2,0,8,18,15,12,10,1,6,2,12,9,38,2,6,2,0,2,2,0,2,2,8
166.25,0,0,1,0,1,0,0,2,4,4,0,0,0,0,0,0,0,0,0,0,0,1,1,1,0,0,1,0,0,3,0,0,0,1,0,0,0,0,0,1,7,4,1,1,2,1,1,4,1,11,57,31,27,16,11,16,2,14,32,60,0,1,1,0,0,0,1,0,0,0,0,0,1,0,0,0,0,0,0,1,8,3,2,1,1,0,0,1,3,4,40,20,14,9,4,4,0,10,18,25,1,0,1,0,1,0,0,0,0,1,1,0,0,0,0,0,0,0,1,1,2,0,0,0,0,0,0,1,0,0,0,3,3,1,0,0,1,1,5,6,0,0,0,0,0,0,0,0,0,0,2,1,0,0,0,0,0,0,1,2,8,7,4,2,2,2,1,3,2,9,4,2,0,3,1,0,0,0,0,1,1,1,0,1,0,0,0,0,1,1,1,0,0,0,0,0,0,0,1,1,1,1,0,0,1,0,0,0,1,1,12,4,4,4,4,3,0,6,4,11,12,4,5,0,0,3,0,4,4,12,0,1,0,0,0,0,0,0,1,1,1,0,1,0,0,1,0,0,0,1,6,1,1,1,2,1,0,2,2,6,4,0,4,0,0,0,0,0,1,3,0,1,0,0,0,2,0,1,2,4,8,3,4,2,1,0,0,1,1,4,0,0,2,0,1,0,0,0,4,3,20,15,12,4,5,7,2,13,17,40,3,4,0,1,0,1,0,2,3,9
166.75,3,0,3,0,0,0,0,0,0,7,0,0,0,0,0,0,0,0,0,0,0,0,1,0,1,0,1,1,1,3,2,1,0,0,0,0,0,0,0,1,7,0,2,5,2,1,1,5,4,11,59,28,30,14,12,16,3,13,29,68,2,0,0,0,0,1,0,0,4,2,1,1,0,0,0,0,0,0,0,1,7,2,2,0,0,0,0,2,7,7,31,19,10,2,5,4,1,9,14,44,2,0,0,0,0,0,0,0,0,0,0,0,1,0,0,0,0,0,1,1,0,0,0,0,0,0,0,0,0,0,5,4,2,2,0,0,0,1,1,2,0,0,0,0,0,0,0,0,0,0,3,0,0,0,0,0,0,0,0,1,7,7,1,6,1,2,0,1,5,9,4,0,2,1,0,2,0,0,4,2,1,1,0,1,0,1,0,0,2,2,0,1,0,0,0,0,0,0,0,2,2,0,4,0,1,0,0,0,1,1,9,7,3,1,2,5,0,1,4,14,9,2,2,2,3,2,0,1,6,17,1,2,0,0,0,0,0,0,0,3,2,0,0,0,1,1,0,2,1,2,2,2,3,0,0,2,0,2,4,8,4,2,1,0,0,1,0,0,0,3,3,0,1,0,0,0,1,1,2,1,2,2,0,3,0,1,0,0,0,7,3,2,0,1,0,0,0,1,1,3,16,7,12,4,7,4,0,17,20,31,7,3,2,1,0,2,0,3,6,7
167.25,1,0,1,2,0,1,1,2,1,5,0,0,0,0,0,0,0,0,0,2,2,1,1,1,1,1,0,0,1,3,1,0,1,0,0,0,0,0,0,2,3,4,3,1,1,2,0,3,9,4,46,31,22,20,17,8,2,11,27,59,4,2,0,0,0,0,0,0,0,2,2,0,0,0,0,0,0,0,1,1,5,5,3,0,1,0,0,2,2,6,27,18,13,7,4,3,0,8,21,44,1,2,1,0,0,0,0,0,0,0,1,0,0,1,0,0,0,1,0,0,0,1,0,0,0,1,0,0,0,0,1,3,1,4,1,2,0,0,0,3,0,0,0,0,0,0,0,0,0,1,0,2,0,0,0,0,0,0,0,5,5,4,4,1,2,2,0,6,5,10,3,2,2,0,0,0,0,0,0,9,0,0,0,0,0,1,0,0,0,0,1,1,0,0,0,0,0,1,1,0,2,0,1,1,0,1,0,0,1,2,7,3,4,9,2,4,0,4,5,7,2,1,5,4,0,2,1,3,3,19,2,0,0,0,0,0,0,0,1,2,1,1,2,0,0,0,0,0,1,2,5,2,4,1,0,1,0,1,5,8,1,2,0,0,0,0,0,0,1,1,0,2,0,0,0,1,0,1,4,4,2,0,2,0,2,0,0,1,3,5,4,2,4,0,1,2,0,1,0,6,18,6,5,4,5,7,1,8,18,39,2,2,4,2,2,1,0,2,4,11
167.75,4,1,0,1,2,0,0,0,2,8,0,0,0,0,0,0,0,0,0,0,1,0,0,0,2,0,0,0,2,1,1,1,1,0,0,0,0,0,1,4,6,0,3,1,2,0,1,5,4,11,45,26,21,21,11,17,1,13,36,58,0,1,0,1,0,1,0,1,0,5,0,2,0,0,1,0,0,0,1,0,6,4,4,2,1,4,0,0,8,6,40,16,9,4,7,4,1,4,18,26,1,0,0,0,0,1,0,1,1,0,0,1,0,0,1,0,0,0,0,1,0,0,0,0,0,1,0,0,0,0,3,0,2,0,0,0,0,1,3,6,0,0,0,0,0,0,0,0,0,0,2,0,0,0,0,0,0,0,1,1,8,5,1,2,2,1,0,1,8,21,2,1,1,2,1,1,0,0,0,7,5,0,0,0,0,0,0,0,1,1,1,1,4,0,0,0,0,0,0,0,3,4,1,0,1,0,0,2,1,7,11,1,1,4,3,2,0,2,5,7,7,3,5,0,3,2,1,4,2,18,0,0,0,0,0,0,0,1,1,1,0,1,0,0,1,0,0,0,2,3,4,4,1,2,0,0,2,2,6,5,1,1,1,1,0,0,2,0,2,1,1,0,1,3,1,1,0,1,1,5,3,4,0,0,0,2,0,2,2,3,2,1,2,2,0,0,1,2,0,4,30,12,10,7,2,3,0,15,5,46,6,0,1,2,1,3,0,2,2,13
168.25,3,1,1,0,0,1,1,1,1,5,0,0,0,0,0,0,0,0,0,0,1,3,1,0,1,0,0,0,0,2,2,0,0,0,0,0,1,0,1,1,5,6,2,1,0,1,1,3,3,13,49,31,16,10,15,13,2,19,37,57,2,0,2,1,1,0,0,1,1,2,1,0,0,0,0,0,0,1,0,0,7,1,3,4,1,0,0,2,1,3,52,13,9,11,6,5,0,7,15,28,0,0,0,0,1,0,0,0,1,0,3,2,0,0,0,2,0,0,0,0,0,0,0,0,1,0,0,0,0,0,6,1,1,0,0,0,0,1,1,5,0,0,0,0,0,0,0,0,0,1,1,2,1,0,0,0,0,0,3,0,3,5,1,2,1,1,0,1,6,9,1,4,0,0,0,0,0,0,0,2,3,1,0,0,0,0,0,1,1,4,0,0,0,1,0,1,0,1,1,2,2,3,1,0,3,2,0,3,2,2,8,4,7,4,1,2,2,4,7,15,5,6,5,2,0,3,0,4,4,9,2,0,0,0,0,0,0,1,0,1,0,1,0,0,0,2,0,0,0,3,3,0,2,1,0,1,0,2,1,9,2,0,0,3,0,0,1,1,1,2,2,1,0,0,0,0,0,0,0,4,7,2,1,1,2,0,0,1,1,2,0,1,2,0,1,0,1,2,2,4,16,8,13,10,5,5,1,11,11,40,5,3,2,0,0,0,0,2,2,7
168.75,0,0,0,0,0,0,0,3,0,7,0,0,0,0,0,0,0,0,0,0,3,0,1,1,0,2,0,1,1,1,0,0,0,0,1,0,0,0,0,2,2,1,3,0,2,0,2,1,2,9,58,28,22,15,5,10,1,7,24,63,0,0,0,0,0,0,0,1,0,4,1,0,0,0,0,0,0,0,1,1,5,2,0,1,2,3,0,1,3,8,27,19,10,7,5,9,2,2,7,23,1,0,0,0,0,0,0,0,0,0,1,0,0,0,0,0,0,1,1,1,0,0,0,0,0,0,0,0,0,0,7,4,3,4,1,0,0,0,3,7,0,0,0,0,0,0,0,0,0,0,0,0,0,0,0,0,0,0,2,4,7,4,2,1,2,3,1,5,7,11,0,6,2,0,2,0,0,1,3,3,0,1,0,0,0,0,0,1,2,2,0,1,0,0,0,0,0,1,1,1,3,2,0,2,0,0,0,1,1,9,10,1,3,0,1,2,2,2,4,18,4,1,2,1,2,1,1,5,3,10,1,1,0,0,0,0,0,0,0,6,2,0,0,0,0,0,0,0,1,3,3,2,2,2,0,0,0,2,4,6,0,3,2,1,1,1,0,0,1,2,0,0,0,0,0,0,0,1,1,2,2,2,4,1,0,1,0,0,1,5,5,1,1,2,0,1,0,0,0,5,28,16,11,10,6,1,0,4,20,43,4,3,0,4,0,2,1,2,8,6
169.25,1,0,1,1,1,1,0,1,0,5,0,0,0,0,0,0,0,0,0,1,0,1,0,1,0,1,0,1,0,3,1,1,1,0,0,0,0,0,0,0,9,1,1,0,0,2,0,3,2,13,47,38,27,8,5,10,1,9,29,50,1,0,0,0,0,1,0,0,0,3,0,0,1,0,0,0,0,0,0,0,5,1,1,1,1,0,0,1,1,2,27,23,19,3,6,5,3,7,19,33,1,1,1,0,0,0,0,0,0,3,0,0,1,0,0,0,0,0,0,1,0,0,0,0,0,0,0,0,0,0,2,1,2,2,0,0,0,1,1,2,0,0,0,0,0,0,0,0,0,0,0,2,0,0,0,0,0,0,1,0,6,2,5,1,2,5,0,3,7,13,4,0,0,1,0,1,0,2,3,5,1,0,0,0,0,0,0,0,0,3,1,0,1,0,0,0,0,0,1,2,2,2,2,1,1,1,1,3,5,5,7,4,6,0,0,3,1,2,6,10,7,6,3,0,2,3,1,4,2,20,0,0,0,0,0,0,0,1,3,1,2,0,2,0,1,0,0,0,1,2,3,1,1,0,1,0,0,2,1,6,4,0,2,0,0,0,0,1,1,2,2,0,0,1,1,0,2,0,1,5,3,0,1,2,0,1,0,1,2,1,2,4,1,0,1,0,0,1,4,0,20,9,10,6,5,5,4,6,10,31,2,0,4,0,0,1,2,6,4,8
169.75,3,6,1,1,0,0,0,0,3,2,0,0,0,0,0,0,0,0,0,0,0,2,2,0,0,0,1,0,1,1,1,0,0,0,0,1,0,0,1,1,4,3,1,4,1,2,0,0,2,11,44,37,20,13,10,10,4,12,36,49,3,2,0,1,0,0,0,0,1,3,0,1,0,0,0,0,0,0,0,0,0,4,4,0,1,1,0,1,0,6,42,22,15,9,5,5,0,3,17,34,2,0,0,1,0,0,0,0,0,0,0,0,0,0,0,0,0,0,1,2,0,0,0,0,0,0,0,0,0,0,3,1,1,3,0,0,0,1,2,5,0,0,0,0,0,0,0,0,0,0,1,0,0,0,0,0,0,3,0,4,6,4,1,2,0,1,0,3,1,13,1,0,4,0,0,0,0,2,3,5,2,1,1,0,0,0,0,0,1,0,0,0,0,1,1,0,0,0,0,0,2,4,0,0,1,2,0,1,4,7,7,3,5,1,2,2,0,4,2,16,6,3,4,1,1,0,0,3,4,24,0,1,1,0,0,0,0,2,0,2,0,0,1,0,0,0,0,1,0,2,4,3,0,1,1,0,0,1,1,8,3,0,0,0,0,0,0,1,2,4,3,1,1,0,0,1,0,0,2,4,4,1,0,0,0,0,0,1,3,9,4,0,3,2,0,0,0,1,2,2,18,7,8,6,4,5,1,8,16,48,2,2,2,1,1,1,1,7,1,12
170.25,6,3,2,0,2,1,0,0,1,8,0,0,0,0,0,0,0,0,0,0,1,1,0,0,1,0,0,0,1,3,2,0,0,0,0,0,0,0,0,2,4,2,1,0,1,4,1,0,4,11,53,32,27,22,7,3,2,16,32,57,0,0,0,0,0,0,0,1,2,0,0,0,0,0,0,0,0,0,1,1,5,3,1,1,2,2,0,2,0,4,40,16,5,5,8,5,0,6,20,26,0,1,1,1,1,0,0,0,2,2,0,0,0,0,0,0,0,0,1,2,1,0,0,0,0,0,0,0,0,0,1,2,0,1,1,1,1,0,2,0,0,0,0,0,0,0,0,0,0,0,1,3,1,0,0,0,0,0,0,1,4,2,2,1,3,1,0,2,2,16,4,1,2,0,0,1,0,0,0,8,1,2,0,0,0,0,0,0,1,2,0,0,0,2,0,0,0,0,1,2,0,1,1,1,0,0,0,2,3,4,14,3,2,4,4,1,2,4,6,19,7,2,5,1,4,0,2,4,2,14,0,1,1,0,0,0,0,0,0,1,2,0,0,0,0,0,0,0,0,2,2,3,1,3,1,0,0,2,2,3,3,3,1,0,1,0,0,0,1,0,2,1,1,1,0,0,0,1,1,2,2,3,1,0,1,1,0,0,1,2,3,0,0,1,0,1,0,0,0,3,18,12,4,6,7,3,2,9,12,42,2,2,1,1,1,1,0,3,1,7
170.75,1,2,0,0,0,0,0,1,3,2,0,0,0,0,0,0,0,0,0,0,4,0,0,1,0,0,0,1,0,1,0,1,0,0,0,0,0,0,2,0,2,3,0,0,0,0,1,2,0,16,32,28,14,16,9,16,4,14,27,47,1,0,0,0,0,0,0,1,0,2,1,0,0,0,0,0,0,0,0,0,7,1,3,3,0,1,1,0,6,6,34,19,19,6,3,3,0,7,13,27,0,0,0,1,0,1,0,0,0,0,0,2,0,0,0,0,0,0,0,0,0,0,1,0,0,0,0,0,0,0,3,2,3,0,0,1,0,0,0,1,0,0,0,0,0,0,0,0,0,0,2,2,0,0,0,0,0,0,0,1,7,4,3,1,1,1,0,2,4,13,1,2,1,3,1,2,0,0,2,5,0,2,1,0,0,0,0,1,2,3,0,0,0,0,0,0,0,0,0,3,1,4,1,0,0,1,0,0,5,5,14,7,3,2,1,1,0,1,5,11,7,2,4,3,1,2,0,2,6,7,1,1,0,0,0,0,0,0,2,2,1,2,2,1,0,0,0,0,0,4,8,2,1,2,0,1,0,1,1,3,2,1,0,0,0,0,0,0,2,1,2,0,1,0,0,0,2,1,0,3,5,2,5,2,1,0,0,0,1,5,5,0,1,1,1,0,0,2,1,4,10,13,5,7,1,6,0,11,6,34,5,2,1,3,2,1,0,2,1,6
171.25,0,1,1,0,0,2,0,2,3,3,0,0,0,0,0,0,0,0,0,0,0,1,1,2,0,0,0,0,0,3,1,0,1,2,0,0,0,0,1,0,6,3,2,1,0,0,1,1,4,8,43,30,24,15,7,9,2,19,44,72,0,0,0,0,0,0,0,0,3,2,2,0,0,0,0,0,0,0,1,1,6,4,2,3,1,1,0,0,3,5,29,28,9,9,6,8,2,7,18,37,0,0,0,0,0,0,0,0,0,1,0,0,0,0,0,0,0,0,0,1,0,0,1,0,0,0,0,0,0,0,5,3,2,0,0,1,0,3,1,3,0,0,0,0,0,0,0,0,0,0,0,0,0,0,0,0,0,0,1,2,4,6,2,0,2,1,2,3,4,9,5,2,1,0,0,0,1,1,1,4,1,0,0,0,0,0,0,0,1,1,0,0,0,0,0,0,0,0,0,2,5,2,3,1,1,0,0,0,0,6,13,7,5,6,1,0,2,5,5,11,7,2,4,2,1,0,1,2,4,14,1,2,1,0,0,0,0,1,0,2,1,0,1,2,1,0,0,0,0,1,3,1,2,1,1,2,0,0,2,2,3,1,0,0,0,1,0,1,1,3,0,0,1,1,0,0,0,1,0,7,2,0,0,3,1,0,1,1,3,7,1,2,2,1,1,1,0,1,0,3,17,18,7,6,2,8,1,11,10,33,8,2,2,0,1,1,1,1,3,5
171.75,0,0,0,1,0,1,0,1,1,0,0,0,0,0,0,0,0,0,0,0,0,0,1,0,2,0,0,0,0,5,0,0,1,0,1,0,0,0,0,0,5,5,6,1,0,0,0,2,4,12,46,26,24,8,7,13,3,16,33,59,1,0,2,0,0,1,0,0,1,3,1,1,0,0,0,0,0,0,0,2,6,1,3,3,1,0,0,0,1,10,33,18,8,11,7,11,1,4,21,24,1,1,1,0,0,0,0,0,1,2,0,0,0,0,0,0,0,1,1,1,0,0,0,0,0,0,0,1,0,0,5,6,0,1,0,0,0,0,2,1,0,0,0,0,0,0,0,0,0,0,0,1,0,0,0,0,0,1,1,1,5,5,2,3,0,5,1,0,7,12,3,2,2,1,1,1,0,4,1,3,2,0,0,0,0,0,0,0,1,1,0,1,0,0,1,0,0,0,0,2,4,0,0,2,0,1,0,0,1,4,12,7,5,6,3,2,1,1,6,9,7,6,4,5,1,3,0,1,1,10,1,1,1,0,0,0,0,0,2,1,3,0,0,0,0,2,0,0,0,2,4,1,1,0,1,2,0,1,3,5,2,2,0,0,0,0,0,0,1,6,1,1,2,0,0,0,0,0,1,3,1,4,3,2,2,0,0,0,2,5,4,3,0,0,0,0,0,0,0,1,18,10,7,2,4,3,2,2,14,38,2,4,2,1,2,1,0,1,2,8
172.25,1,2,0,0,1,2,0,3,0,3,0,0,0,0,0,0,0,0,0,0,1,0,3,0,0,2,0,0,1,1,2,1,0,0,0,0,0,0,0,1,7,3,2,2,1,0,1,2,3,12,49,37,18,6,5,14,0,10,35,48,0,0,1,2,1,0,0,0,0,1,1,0,0,0,0,3,0,0,0,1,5,3,3,1,0,1,0,1,4,11,24,17,11,6,5,3,0,12,19,22,1,0,0,0,0,0,0,0,0,0,0,0,2,0,0,0,0,0,0,0,0,0,0,0,0,0,0,0,0,0,3,1,2,0,2,0,0,1,4,8,0,1,0,0,0,0,0,0,0,0,1,0,0,0,0,1,0,0,2,1,5,3,3,2,1,1,0,2,2,10,5,2,1,0,1,1,0,1,1,3,1,0,0,2,1,0,1,1,3,2,1,0,0,0,0,1,0,0,1,1,4,1,0,2,0,3,0,0,0,5,10,6,3,1,4,2,0,1,1,7,8,3,2,5,4,1,1,5,4,9,2,0,1,0,2,0,0,0,0,1,2,0,2,0,1,0,0,0,0,1,0,1,2,1,2,0,0,3,3,3,3,1,6,0,0,0,0,0,1,0,3,1,0,0,0,0,0,1,0,1,2,1,1,0,0,0,0,1,4,5,3,2,1,1,0,4,0,0,1,2,12,5,7,3,4,2,5,8,7,28,0,3,2,0,0,1,0,0,0,6
172.75,2,0,1,1,0,3,1,0,2,5,0,0,0,0,0,0,0,0,0,0,0,0,0,0,0,0,0,1,0,0,0,0,0,0,1,1,0,0,0,0,4,4,4,2,3,1,0,2,4,3,47,30,21,14,8,5,1,13,28,57,1,1,0,0,0,0,0,0,0,2,2,0,2,2,0,0,0,0,0,0,5,2,2,1,1,1,1,1,3,6,29,12,14,8,2,6,2,7,18,28,1,1,2,0,0,0,0,0,0,1,0,0,0,0,0,0,0,1,0,0,0,0,0,0,0,0,0,0,0,0,4,0,2,0,1,1,0,1,2,3,0,0,0,0,0,0,0,0,0,0,0,0,0,0,0,0,0,1,0,1,4,3,5,2,0,0,0,3,11,9,4,1,1,1,0,1,0,0,3,1,0,0,1,0,0,0,0,0,0,2,0,0,1,0,0,0,0,1,0,0,0,0,1,1,1,0,1,0,1,9,13,6,4,1,2,1,0,3,5,9,7,3,3,5,2,3,0,0,2,11,1,0,0,1,0,0,0,0,1,2,1,2,1,0,1,0,0,0,1,2,1,1,2,0,0,0,0,0,3,5,5,0,2,1,1,0,0,0,2,3,2,2,0,0,0,0,0,1,0,5,2,2,1,1,1,2,0,0,1,3,3,0,1,0,0,1,0,0,0,2,8,10,8,5,5,6,5,4,13,33,5,0,3,2,0,0,0,1,2,4
173.25,4,0,1,0,0,1,0,1,0,3,0,0,0,0,0,0,0,0,0,0,2,1,1,0,0,1,0,1,1,5,0,1,0,0,0,0,0,0,2,1,2,4,4,0,1,1,1,1,3,11,40,31,22,15,8,10,2,4,24,41,2,0,1,0,0,1,0,1,0,1,1,1,0,0,0,0,0,0,1,1,1,4,3,1,1,1,0,1,3,7,33,19,17,9,9,5,1,5,26,22,2,0,0,2,0,0,0,0,0,2,0,0,0,0,0,0,0,0,0,0,0,0,0,0,0,0,0,0,0,0,5,2,1,1,0,1,0,0,1,4,0,0,0,0,0,0,0,0,0,0,0,0,0,0,0,0,0,1,0,1,5,5,4,3,2,0,1,4,7,10,2,1,0,0,1,0,0,2,3,3,0,0,1,0,0,0,0,0,0,1,1,2,0,1,1,0,0,0,1,1,4,1,0,0,1,1,0,2,4,5,10,3,4,3,3,1,0,1,8,9,10,4,2,0,2,2,0,7,5,16,1,0,1,0,0,1,0,0,0,2,2,0,0,1,1,0,0,0,0,0,1,3,1,0,1,0,0,0,0,5,2,1,2,1,1,0,0,0,1,0,1,1,1,1,0,0,0,1,0,2,4,3,3,0,0,1,0,0,3,1,1,1,1,2,1,0,0,0,2,3,16,7,13,9,3,9,0,6,15,37,6,6,1,0,0,0,1,2,1,8
173.75,1,1,1,2,0,0,0,3,1,6,0,0,0,0,0,0,0,1,0,0,2,0,0,0,0,0,0,1,2,3,0,2,1,0,0,0,0,0,0,3,4,0,2,1,2,0,0,1,6,12,41,27,17,20,8,8,3,7,26,65,1,0,1,0,1,0,0,1,0,3,1,0,0,0,0,0,0,0,0,0,3,1,2,1,0,2,0,1,2,5,30,23,21,8,6,4,3,6,19,29,0,0,1,0,0,0,0,0,0,0,1,0,0,0,0,0,0,0,0,0,0,0,0,0,0,0,0,0,0,0,1,4,2,0,2,0,0,0,1,3,0,0,0,0,0,0,0,0,1,0,0,0,0,0,0,0,0,0,1,0,6,1,2,3,1,2,0,1,4,12,2,2,2,1,3,1,0,0,3,2,1,1,0,0,0,0,0,0,1,0,0,0,1,0,0,1,0,0,0,1,2,0,0,2,0,2,1,1,4,4,11,8,2,6,3,3,0,2,6,14,6,6,2,3,2,3,1,2,4,6,0,1,0,0,0,2,0,0,0,1,2,0,1,0,1,0,0,0,1,1,2,4,3,1,2,1,0,1,2,3,1,2,1,1,0,1,0,0,0,2,2,1,1,0,0,0,0,1,0,3,4,0,0,1,1,0,0,0,0,5,2,0,1,1,3,0,0,1,2,5,20,18,9,7,6,4,2,4,9,28,7,1,1,3,2,0,0,0,4,8
174.25,0,2,1,0,0,1,0,0,2,5,0,0,0,0,0,0,0,0,0,0,0,0,0,0,1,0,0,2,1,3,1,0,2,0,0,0,0,0,1,1,6,6,1,4,1,0,1,0,2,12,40,23,24,8,16,7,0,6,36,54,2,0,0,1,1,0,1,1,0,1,1,1,0,0,0,0,0,0,0,3,1,5,3,0,0,2,0,0,2,5,33,17,9,10,6,3,0,4,23,28,0,0,1,0,1,0,0,0,1,2,0,2,0,0,0,0,0,0,0,0,1,0,0,1,0,0,0,0,0,0,1,2,1,1,1,0,0,0,5,5,0,0,0,0,0,0,0,0,0,0,0,0,0,1,0,0,0,0,0,0,6,5,0,3,1,2,0,2,9,10,1,0,2,0,1,0,0,0,2,8,0,0,0,0,0,2,0,0,0,3,0,0,0,0,1,1,0,1,0,2,0,2,2,0,0,0,0,2,0,4,7,6,4,0,0,5,0,1,5,8,6,5,2,1,1,4,1,1,10,13,1,1,2,0,0,0,0,0,0,0,0,0,0,2,0,3,0,2,1,0,2,2,0,0,0,1,0,1,3,6,3,0,0,1,1,0,0,0,1,0,0,1,1,3,0,0,0,0,0,4,5,1,3,3,1,0,0,0,2,4,1,2,1,0,1,0,0,0,4,1,20,4,12,3,3,3,1,8,16,28,5,3,1,2,1,1,1,1,2,7
174.75,3,0,2,0,0,0,0,0,0,1,0,0,0,0,0,0,0,0,0,0,3,0,2,0,0,0,0,1,4,2,0,0,0,1,0,0,0,1,0,0,5,1,0,4,3,2,0,0,4,2,39,21,22,9,4,4,1,13,35,55,0,1,1,0,1,2,0,1,0,0,0,2,1,0,0,0,0,1,1,0,7,2,1,4,2,0,0,2,2,3,29,18,9,6,7,3,1,6,26,26,0,0,0,0,0,0,0,0,0,0,0,0,0,0,0,0,0,0,1,1,1,0,0,0,0,0,0,0,0,0,2,3,2,1,2,0,0,2,2,4,0,0,0,0,0,0,0,0,0,0,0,2,0,0,0,0,0,0,1,1,10,4,3,4,1,0,0,7,1,13,5,1,1,2,1,0,0,1,0,9,2,0,0,0,0,0,0,0,0,0,1,0,0,0,0,0,0,0,0,0,0,0,1,0,0,0,0,0,2,3,10,10,4,5,0,1,0,5,6,6,8,4,1,2,1,1,1,1,3,6,2,0,0,1,1,0,0,0,0,1,0,1,1,0,1,0,0,1,0,1,1,0,1,0,1,0,0,0,4,2,0,0,0,1,1,0,0,0,1,1,1,0,0,0,1,0,0,0,3,2,5,2,1,0,2,1,0,0,3,4,6,0,2,0,0,1,0,1,0,3,23,13,6,4,4,2,2,7,13,31,5,4,0,1,1,2,0,0,4,6
175.25,2,1,0,2,0,0,0,2,1,4,0,0,0,0,0,0,0,0,0,0,0,0,3,2,0,1,0,0,0,2,1,0,1,0,0,0,0,0,0,3,2,2,3,0,1,3,0,2,3,11,38,18,23,20,17,11,3,9,30,69,0,0,0,0,0,1,0,0,1,1,2,1,0,0,0,0,0,0,0,1,5,1,1,1,1,0,0,0,3,2,28,17,15,5,6,5,0,5,12,34,0,0,0,0,1,0,0,0,0,1,0,0,0,1,1,0,0,0,0,0,0,0,0,0,0,0,0,0,0,0,2,1,1,0,0,0,0,0,2,2,0,0,0,0,0,0,0,0,0,0,0,1,0,0,0,0,0,2,0,0,5,6,1,0,1,2,1,1,6,11,5,4,0,0,0,0,0,1,0,3,1,0,2,0,0,0,0,0,0,3,0,0,1,0,0,0,0,0,0,0,2,4,1,0,0,0,0,0,5,2,10,10,8,2,2,3,1,1,6,10,3,5,1,1,1,1,1,2,5,9,1,1,0,1,1,0,0,1,0,0,2,1,0,2,0,1,0,0,0,2,1,0,0,1,2,0,0,0,2,4,3,1,1,1,1,0,0,0,0,2,1,1,0,1,1,0,0,1,0,1,0,5,1,2,0,2,1,0,2,5,2,3,4,1,0,0,1,1,2,1,21,11,10,11,4,4,0,8,8,35,4,3,3,1,1,1,0,1,5,7
175.75,4,2,2,0,2,0,0,1,1,3,0,0,0,0,0,0,0,0,0,0,0,1,0,1,0,1,0,1,0,1,0,0,0,0,0,0,0,0,1,2,3,3,2,1,1,2,0,1,2,14,45,30,17,12,6,8,0,9,18,59,3,2,0,1,0,0,0,0,0,2,2,0,0,1,0,0,0,0,0,0,3,5,0,0,2,1,0,0,4,5,25,16,8,13,7,8,1,8,21,30,0,2,1,0,0,0,0,1,1,1,0,0,0,0,0,0,0,1,0,1,0,2,0,0,0,0,0,0,0,0,3,0,1,2,1,0,0,0,2,3,0,0,0,0,0,0,0,0,0,0,0,0,1,0,0,0,0,0,0,2,4,2,2,0,2,1,0,1,3,6,2,2,0,2,0,5,0,1,1,1,0,0,1,0,0,0,0,0,1,2,0,1,0,0,0,0,0,0,0,0,1,1,1,0,0,0,0,1,3,2,13,5,7,0,0,1,1,3,8,10,6,3,5,1,2,0,1,3,7,8,0,0,0,1,0,0,0,0,0,0,0,1,0,0,0,1,0,0,2,2,3,3,2,1,2,2,0,1,1,7,3,1,0,1,2,0,0,0,2,2,2,1,0,0,2,0,0,1,0,2,1,3,1,0,2,1,0,0,5,1,2,2,0,1,1,0,0,1,3,3,18,12,14,5,4,4,1,5,7,36,2,2,2,0,0,0,0,1,2,6
176.25,3,1,0,0,0,0,0,0,0,1,0,0,0,0,0,0,0,0,0,0,1,2,0,0,0,0,0,0,1,2,0,1,0,1,0,0,0,0,0,2,3,2,2,1,0,1,0,0,3,6,43,27,17,17,11,4,0,11,23,58,1,1,1,0,0,0,0,1,0,3,1,0,0,0,0,0,0,0,1,3,2,1,1,0,2,2,0,1,8,7,22,32,9,5,4,7,1,4,14,33,2,0,0,0,1,0,0,0,0,0,1,0,0,0,0,0,0,0,1,1,0,0,0,0,0,0,0,0,0,0,1,1,1,0,0,2,0,0,1,5,0,0,0,0,0,0,0,0,0,0,2,0,0,0,0,0,0,0,2,3,4,2,5,3,0,1,0,2,3,12,1,0,0,1,0,0,0,0,2,9,1,3,0,0,0,0,0,0,2,2,1,0,0,0,0,1,0,0,0,0,2,0,4,1,1,1,0,0,3,3,11,9,5,3,1,1,0,1,7,8,3,7,3,1,4,0,0,2,3,8,2,0,1,0,2,0,0,1,1,0,0,1,0,1,0,0,0,0,0,0,2,0,0,0,0,0,1,1,1,1,0,2,1,1,1,3,0,1,0,4,1,1,0,0,0,1,0,1,0,2,1,3,4,4,0,2,2,2,1,1,3,3,3,1,0,0,0,0,0,4,9,12,6,5,5,1,0,4,12,19,4,3,0,1,1,1,2,2,7,6
176.75,2,1,0,0,1,0,0,0,1,2,0,0,0,0,0,0,0,0,0,0,1,0,0,0,1,0,1,0,0,1,1,0,0,0,0,0,0,0,0,1,4,1,1,3,0,0,0,0,7,5,42,22,27,16,4,10,4,7,32,46,0,0,1,0,0,0,0,1,0,0,1,2,0,0,0,0,0,1,1,0,3,2,3,2,0,0,0,2,2,5,26,26,12,6,2,4,1,8,22,25,0,1,0,0,0,0,1,0,0,1,0,0,0,0,0,0,0,0,0,1,0,0,0,0,0,0,0,0,0,1,4,0,1,0,0,0,0,2,2,2,0,0,0,0,0,0,0,0,0,1,1,0,0,0,0,0,0,0,0,0,4,4,3,1,0,2,1,2,4,13,1,3,1,0,0,0,0,2,4,0,1,0,1,0,0,0,0,0,2,0,0,0,0,0,0,0,0,1,1,2,1,3,2,1,1,0,0,1,1,6,8,9,3,0,2,1,1,1,3,18,8,1,1,2,1,3,1,1,4,9,0,0,1,0,0,1,0,0,0,0,0,1,0,1,0,0,0,0,1,1,2,1,1,2,1,1,0,0,1,3,1,1,2,0,0,1,0,0,1,3,0,1,0,0,0,1,0,0,2,2,1,1,1,1,0,1,0,1,0,5,1,1,0,1,2,1,0,1,2,3,14,6,9,4,3,3,2,5,4,26,5,4,2,1,0,1,0,1,4,5
177.25,1,1,2,1,1,0,0,0,1,5,0,0,0,0,0,0,0,0,0,0,2,0,0,0,1,0,0,0,0,1,0,0,0,0,0,0,0,0,0,0,4,5,1,0,0,1,0,0,0,16,50,19,22,12,7,8,0,9,30,58,0,0,0,0,0,0,0,2,0,2,0,0,2,1,0,0,0,0,2,0,3,3,0,2,2,2,0,0,0,1,29,22,13,7,6,4,2,8,25,32,1,0,0,0,0,1,0,0,0,3,0,0,0,0,0,0,0,0,0,1,1,0,0,0,0,0,0,0,0,0,3,4,0,0,0,0,0,0,6,3,0,0,0,0,0,0,0,0,0,0,0,0,0,0,0,0,0,0,0,0,4,1,3,0,1,0,0,1,2,8,2,0,3,0,0,2,0,1,3,3,0,1,0,1,0,0,0,1,0,3,1,1,1,0,0,0,0,0,0,0,2,0,1,1,2,0,0,0,2,3,10,2,5,4,3,2,0,1,11,13,7,2,1,1,1,3,0,2,0,16,1,2,0,1,0,2,0,0,0,0,0,0,2,0,0,0,2,0,1,3,0,0,2,0,0,0,0,0,1,3,1,2,0,1,0,0,0,0,0,2,0,2,0,0,0,1,0,1,1,1,2,0,1,1,0,2,0,0,1,6,0,1,1,2,0,2,1,1,3,1,17,11,3,7,3,1,0,5,10,28,2,1,1,0,0,1,0,0,1,10
177.75,0,0,0,0,0,2,0,2,1,4,0,0,0,0,0,0,0,0,0,0,1,1,0,0,2,0,0,0,0,6,0,0,0,1,0,0,0,0,1,0,2,2,0,3,2,1,1,3,2,6,29,23,24,15,6,5,3,9,28,46,1,0,1,0,0,0,0,0,0,0,2,0,1,0,0,0,0,0,1,0,1,5,1,0,1,0,0,1,0,3,24,14,8,10,7,10,2,2,23,28,0,0,0,0,0,3,0,0,0,0,0,0,0,0,0,0,0,0,1,0,0,0,1,0,0,0,0,0,0,0,4,1,0,1,1,0,0,0,2,5,0,0,0,0,0,0,0,0,0,1,1,4,0,0,0,0,0,0,1,1,2,3,6,3,0,2,0,1,6,11,2,2,2,2,0,0,1,2,3,3,2,0,0,1,1,0,0,0,0,2,1,0,0,0,0,0,0,0,0,2,1,3,0,0,1,2,0,1,1,2,9,5,3,5,2,3,1,3,8,6,6,3,3,1,1,0,1,1,3,5,2,1,1,0,0,0,0,0,1,1,0,0,0,0,0,0,0,0,1,1,1,2,2,1,0,2,0,2,3,2,2,3,4,0,0,2,0,0,1,2,0,0,2,0,0,0,0,0,3,1,1,2,1,2,1,0,0,0,8,2,3,0,0,0,1,1,0,0,1,0,15,7,9,1,2,2,0,7,15,32,1,2,2,1,1,2,1,0,2,1
178.25,2,3,0,1,0,0,0,1,1,4,0,0,0,0,0,0,0,0,0,0,2,1,1,0,2,0,0,0,0,3,2,0,0,0,0,0,0,0,0,0,1,4,2,1,1,2,0,2,2,6,41,25,16,18,18,10,2,8,23,62,0,0,0,1,0,0,0,0,0,1,1,0,0,0,1,0,0,0,1,0,7,0,1,1,0,1,0,0,3,6,20,19,16,3,5,1,2,2,22,29,0,0,0,0,1,0,1,0,0,0,1,0,0,0,0,0,0,0,0,0,0,0,0,0,0,1,0,0,0,0,2,0,3,0,0,1,1,1,3,6,0,0,0,0,0,0,0,0,0,0,0,1,0,0,0,0,0,0,2,1,3,2,3,2,1,0,0,5,2,9,1,1,2,1,0,0,0,0,1,9,2,0,0,0,0,0,0,0,0,4,0,2,0,0,0,0,0,0,0,3,1,1,0,0,0,1,1,0,0,7,10,5,5,1,1,3,1,2,9,9,5,4,5,1,2,2,0,2,3,9,1,0,0,0,0,0,0,0,1,1,1,0,0,0,1,0,0,0,0,0,1,2,4,1,1,2,0,0,2,3,3,1,0,1,0,0,0,0,1,3,0,0,1,0,0,0,0,0,1,2,2,1,1,0,0,0,0,3,1,4,4,1,0,0,1,1,0,2,2,5,11,10,7,7,3,3,2,5,8,26,1,2,0,0,3,1,0,2,5,7
178.75,1,2,0,0,0,1,0,0,0,6,0,0,0,0,0,0,0,0,0,0,0,0,1,1,0,2,0,0,1,1,0,0,0,0,0,0,0,0,0,0,4,1,0,2,0,0,0,2,4,10,27,18,21,7,9,14,3,12,24,52,0,1,0,0,0,1,1,1,2,3,0,1,0,0,0,0,0,1,0,0,2,1,2,1,1,0,0,0,4,6,27,20,13,4,0,12,0,2,22,32,0,0,0,0,0,0,0,1,0,2,0,0,0,0,0,0,0,1,0,2,0,0,0,0,1,0,0,0,1,0,7,1,1,0,1,2,0,0,1,3,0,0,0,0,0,0,0,0,0,0,0,0,0,0,1,0,0,0,3,3,6,0,3,1,1,1,0,2,4,7,1,0,1,0,1,0,0,1,1,6,0,1,0,0,1,0,0,0,0,1,1,0,0,0,0,0,0,0,1,1,0,0,0,0,0,0,0,0,2,3,7,7,6,1,3,0,0,2,6,6,8,2,1,2,3,1,0,1,6,3,1,1,0,0,0,0,0,0,1,1,1,1,0,0,1,0,0,0,1,3,4,2,0,2,0,0,1,1,0,4,7,3,0,0,0,0,0,1,1,3,1,0,0,0,0,1,0,1,0,0,4,0,1,0,1,1,0,0,0,3,3,0,0,1,0,2,0,0,1,3,10,9,6,4,1,3,3,3,5,15,2,1,1,1,0,0,1,0,2,4
179.25,1,0,0,0,1,0,0,0,1,2,0,0,0,0,0,0,0,0,0,0,0,0,1,1,0,0,0,0,0,5,1,0,0,0,0,0,0,0,0,0,1,5,1,0,1,0,1,1,4,8,32,20,11,6,8,12,3,12,20,47,1,0,0,0,0,0,0,0,1,2,0,0,0,0,0,0,0,0,1,0,2,1,2,1,1,1,1,2,3,3,30,15,13,6,4,2,3,6,18,35,0,1,0,0,0,0,0,1,0,0,0,0,0,0,1,0,0,1,0,1,0,0,0,0,0,1,0,0,1,0,4,4,3,1,1,0,0,0,0,5,0,0,0,0,0,0,0,0,0,0,0,0,0,0,0,0,0,0,0,2,5,1,0,3,1,0,0,0,1,11,5,0,0,0,2,0,0,0,1,4,0,1,1,0,0,0,0,0,1,0,0,0,0,0,0,0,0,1,0,1,0,1,1,0,1,0,0,1,0,1,8,0,5,1,1,0,1,1,8,11,4,2,3,1,1,2,0,6,2,5,1,0,0,0,0,0,0,1,1,2,1,0,0,0,1,0,0,0,1,2,1,0,0,1,1,0,0,1,0,5,2,1,1,1,1,0,0,0,1,2,2,0,0,0,1,1,0,0,0,4,1,2,3,0,0,1,0,0,0,8,0,0,1,0,0,0,0,0,0,3,7,3,11,9,5,1,0,6,6,23,3,1,3,1,2,2,1,1,1,4
179.75,2,5,0,1,0,1,0,0,0,4,0,0,0,0,0,0,0,0,0,0,0,0,0,0,0,2,0,1,0,2,1,0,0,0,0,0,0,0,1,1,2,4,0,0,0,0,0,3,3,10,27,21,19,6,4,8,3,8,26,44,0,1,1,0,0,0,0,0,0,2,1,3,0,0,0,0,0,0,0,1,2,2,5,1,0,3,0,0,0,7,28,15,13,5,6,5,0,1,14,36,0,0,0,0,1,0,0,0,0,0,0,0,1,0,0,0,0,0,1,0,0,0,0,0,0,0,0,0,0,1,2,2,2,2,0,0,0,0,1,3,0,0,0,0,0,0,0,0,0,0,0,0,0,0,0,1,0,0,0,3,5,3,2,1,3,0,0,2,6,10,3,3,2,0,1,0,0,0,1,4,0,0,0,0,0,0,0,2,1,2,0,1,0,0,0,0,0,0,0,0,1,0,0,0,0,1,1,1,1,6,7,4,2,2,2,3,0,2,5,9,4,8,3,2,1,1,1,1,4,14,1,0,0,0,0,0,0,0,2,1,1,1,0,0,0,0,0,0,0,2,1,0,1,0,0,3,0,1,0,5,4,0,0,1,0,3,0,0,0,2,1,0,0,0,0,0,0,0,1,4,4,2,1,0,0,0,0,1,1,5,0,1,1,0,0,0,0,1,1,0,19,11,8,2,3,2,1,7,3,22,2,1,1,0,0,6,0,2,1,5
180.25,1,3,0,0,0,0,0,0,4,6,0,0,0,0,0,0,0,0,0,0,2,0,0,0,0,0,0,0,1,1,0,0,0,0,0,0,0,1,0,1,3,3,0,2,1,1,0,2,5,5,40,21,14,12,5,8,0,10,23,46,1,0,0,0,0,0,0,0,1,0,0,0,0,2,0,0,0,0,0,1,2,0,0,2,1,0,0,0,1,6,24,8,9,12,4,3,0,6,17,28,1,0,0,0,0,0,0,0,1,0,1,0,0,0,0,0,0,0,0,1,1,0,0,0,0,0,0,0,1,0,2,1,1,0,0,2,0,0,3,1,0,0,0,0,0,0,0,0,0,0,0,0,0,0,0,0,1,0,0,1,2,2,3,1,1,0,0,1,0,14,4,1,0,1,1,2,0,0,3,1,1,0,0,0,0,0,0,0,0,2,0,0,1,0,0,0,0,2,0,0,0,0,0,1,0,1,1,1,1,6,15,6,5,2,8,5,0,2,5,15,2,10,2,0,0,4,0,3,4,7,0,1,0,0,0,0,0,0,1,4,0,0,0,0,0,1,0,0,0,1,0,1,0,0,0,0,0,0,0,1,3,1,1,1,0,0,0,1,3,1,2,2,2,0,0,0,0,0,1,2,0,1,1,0,0,1,0,1,1,8,3,0,0,0,1,2,0,0,3,0,12,6,1,5,2,10,0,2,10,24,5,2,0,1,1,0,1,3,0,7
180.75,3,0,0,0,0,0,0,1,2,3,0,0,0,0,0,0,0,0,0,0,0,0,0,0,0,0,0,0,0,2,0,1,1,0,0,0,0,0,0,1,2,1,1,0,0,0,0,1,1,3,31,26,15,11,8,8,0,14,23,50,0,0,0,1,0,0,0,0,0,1,0,1,0,0,0,0,0,0,1,2,3,2,0,0,1,2,0,2,0,3,26,14,20,8,7,6,0,6,23,33,0,1,0,0,0,0,0,0,2,0,0,0,0,0,0,0,0,0,0,1,0,0,0,0,0,0,0,0,0,0,2,1,3,1,0,0,0,0,1,6,0,0,0,0,0,0,0,0,0,0,1,0,0,0,0,0,0,0,0,1,4,2,2,2,2,1,1,4,0,5,2,3,1,0,1,0,0,0,1,4,0,0,0,0,1,0,0,0,0,1,0,0,0,0,0,0,0,0,1,0,3,0,0,0,1,1,0,2,1,3,11,2,4,4,3,4,0,2,2,9,9,3,2,4,0,4,1,4,8,6,2,0,1,1,0,0,0,0,0,2,0,0,2,0,0,0,0,0,0,2,4,1,0,0,0,0,0,0,1,6,0,4,3,2,1,0,0,2,2,2,0,0,0,0,0,1,0,2,0,1,2,2,0,0,0,0,0,1,1,5,0,2,1,0,0,0,0,0,0,1,11,10,7,2,8,0,3,5,10,17,1,2,2,0,0,1,0,4,2,2
181.25,0,1,2,0,0,0,0,0,4,5,0,0,0,0,0,0,0,0,0,0,0,1,0,0,0,0,0,0,0,3,0,1,2,0,0,0,1,0,0,1,2,1,1,0,0,1,0,3,3,9,37,15,13,11,5,7,3,13,19,43,0,1,0,0,0,0,0,0,0,1,0,1,1,0,0,0,0,0,1,2,1,1,1,2,0,0,0,1,4,10,23,9,9,2,8,8,4,7,17,25,0,0,1,0,0,0,0,0,1,0,2,0,0,0,0,0,0,0,0,0,0,0,0,0,0,0,0,0,0,0,2,0,1,4,1,0,0,0,2,5,0,0,0,0,0,0,0,0,0,0,0,0,1,0,0,0,0,0,0,3,5,4,3,3,0,2,1,2,1,9,2,2,0,2,2,1,1,0,1,4,0,4,0,0,0,0,0,1,0,1,2,0,0,0,0,0,0,0,0,1,1,1,1,0,0,0,0,0,0,7,10,5,3,1,5,1,2,1,6,18,10,1,3,2,0,0,0,1,8,7,0,0,3,0,0,0,0,1,0,2,1,0,1,0,0,0,1,0,0,2,2,2,0,0,0,0,0,0,0,2,3,2,0,0,0,0,0,0,1,0,2,2,0,0,0,0,0,1,1,2,4,1,0,2,0,0,0,0,2,4,1,1,1,0,1,0,0,0,0,2,6,9,7,6,3,5,2,9,6,20,3,5,2,3,0,0,0,0,1,5
181.75,0,0,0,1,0,1,0,0,1,1,0,0,0,0,0,0,0,0,0,0,1,0,0,0,0,1,0,1,1,2,0,0,0,1,0,0,0,0,1,2,5,2,1,0,0,0,0,2,1,11,34,19,18,17,17,8,0,5,20,56,0,3,0,0,0,0,0,1,0,0,1,1,0,1,0,0,0,0,1,2,2,0,2,1,2,1,0,2,2,4,15,14,15,13,12,5,2,3,12,28,1,0,0,1,0,1,0,0,1,0,0,0,0,0,1,0,0,1,2,1,0,0,0,0,0,0,0,0,0,1,3,2,1,0,0,1,0,0,1,3,0,0,0,0,0,0,0,0,0,0,0,0,0,0,0,0,0,0,1,1,7,0,1,0,0,1,1,3,2,5,1,2,1,0,0,0,0,0,2,3,1,1,0,0,0,0,0,0,0,0,2,0,0,0,0,0,0,1,1,1,1,0,1,0,1,0,0,1,2,6,7,4,6,1,2,1,0,1,3,11,5,2,2,2,1,1,1,3,1,9,0,0,0,2,0,0,0,0,2,2,2,0,0,0,1,1,0,0,0,0,3,0,1,0,0,1,0,0,1,2,5,0,1,0,1,0,0,2,3,2,0,0,0,0,0,0,0,1,3,3,2,2,1,1,0,0,0,1,2,3,0,1,1,1,0,0,0,2,0,3,12,6,5,7,5,5,3,6,6,10,4,2,2,1,1,0,1,0,4,7
182.25,0,2,0,0,0,0,0,4,1,2,0,0,0,0,0,0,0,0,0,0,1,2,0,0,0,1,0,0,0,0,0,0,0,2,0,0,0,0,0,0,3,0,2,1,0,0,0,1,3,7,26,23,8,9,7,8,3,11,25,46,2,0,0,0,0,0,0,0,1,2,0,0,0,0,0,0,0,0,0,0,1,1,1,0,0,2,0,2,1,7,22,15,12,3,3,10,2,10,15,33,1,0,0,0,0,0,0,0,0,0,0,0,0,0,0,0,0,0,0,2,0,0,0,0,0,0,0,0,0,0,3,0,2,1,2,1,0,1,2,5,0,0,0,0,0,0,0,0,0,0,0,1,0,0,0,0,0,0,0,0,5,3,5,2,0,0,1,0,4,5,2,0,1,0,0,0,0,0,2,1,2,0,0,0,0,0,0,0,0,1,1,0,0,1,1,0,0,0,0,0,2,0,1,0,0,0,1,2,0,2,12,5,4,1,0,5,0,1,6,5,4,4,3,0,2,0,1,2,1,12,1,2,1,1,0,0,0,0,0,0,2,0,1,0,0,0,0,0,1,0,1,2,1,0,0,1,0,0,1,1,1,2,1,0,1,0,0,0,1,1,1,0,0,0,0,0,0,1,0,0,0,0,0,1,1,0,0,1,0,1,1,1,0,0,0,2,0,0,0,0,9,10,10,4,3,5,2,6,7,22,1,2,3,0,1,1,0,1,0,2
182.75,1,0,1,0,0,1,0,0,1,2,0,0,0,0,0,0,0,0,0,0,1,0,0,0,0,0,0,1,1,0,0,0,0,0,0,0,0,0,0,2,1,2,1,2,1,1,1,2,1,7,31,23,20,11,4,13,4,6,17,44,0,0,1,0,0,0,0,2,0,0,1,0,0,0,0,0,0,0,2,0,5,4,2,1,0,0,0,2,3,5,29,15,9,11,7,5,0,2,12,17,0,0,0,0,0,0,0,0,0,1,0,0,0,0,0,0,0,0,0,0,0,0,0,0,0,0,0,0,0,0,3,2,2,2,0,0,0,0,1,3,0,0,0,0,0,0,0,0,0,0,1,0,0,0,0,0,0,0,0,3,6,4,1,2,1,1,0,0,0,12,3,3,1,0,0,1,0,0,0,3,0,0,0,0,0,1,0,0,0,2,1,2,0,0,0,1,0,0,0,0,2,1,0,2,0,3,0,1,0,3,12,4,3,2,0,1,0,1,4,8,7,3,0,2,1,0,0,2,3,9,0,0,0,0,0,0,0,0,0,0,0,0,0,0,0,2,1,2,0,3,6,3,2,0,1,0,0,1,3,3,3,0,0,2,0,0,0,0,0,1,1,2,0,0,0,0,0,1,0,0,0,0,1,0,0,0,0,0,4,2,6,1,0,0,0,0,1,0,0,2,7,6,7,4,6,4,0,4,11,26,7,1,0,2,0,0,1,1,3,5
183.25,1,2,2,0,0,0,0,0,1,4,0,0,0,0,0,0,0,0,0,0,2,0,1,1,0,0,0,0,0,2,0,0,0,0,0,0,0,0,0,0,3,1,0,0,1,1,0,3,3,4,30,21,17,14,10,3,1,7,25,55,0,0,0,0,0,0,0,0,0,3,0,0,0,0,0,0,0,0,0,0,3,0,4,0,1,0,0,1,3,4,24,13,13,10,8,9,0,2,11,26,1,0,0,0,0,0,0,0,0,1,1,2,1,0,0,0,0,0,0,0,1,0,0,0,0,0,0,0,0,0,2,4,0,0,1,1,0,1,2,8,0,0,0,0,0,0,0,0,0,0,0,0,0,0,0,0,0,0,0,0,2,3,1,3,0,3,0,1,4,9,2,0,1,0,0,0,0,0,1,1,1,1,0,0,0,0,0,0,2,0,0,0,0,0,0,0,0,0,0,0,1,1,0,0,1,0,0,0,0,1,15,8,4,2,5,2,0,4,3,7,6,4,3,2,1,1,1,4,3,1,0,0,0,0,0,0,0,0,0,0,0,0,0,0,0,0,0,0,1,0,1,1,0,3,0,0,0,0,2,2,1,0,0,0,0,1,0,0,1,2,1,0,0,0,1,0,1,0,1,4,7,0,0,1,1,0,0,2,1,3,0,2,2,2,1,0,1,1,3,0,12,8,3,5,2,6,0,4,15,17,5,4,3,0,1,0,0,2,4,4
183.75,4,0,0,1,0,0,0,0,0,2,0,0,0,0,0,0,0,0,0,0,1,1,2,1,0,0,1,0,1,1,0,0,1,0,0,0,0,0,0,0,3,3,1,0,0,0,0,1,4,1,30,22,17,16,8,9,0,10,26,45,0,0,0,0,0,0,0,0,0,0,2,0,0,0,0,0,0,0,1,0,6,1,3,0,1,1,0,3,2,9,21,13,9,7,2,4,0,5,19,33,0,1,0,0,0,0,0,0,1,0,1,0,0,0,0,0,0,0,0,0,0,2,0,0,0,0,0,0,0,0,3,2,0,2,1,0,0,0,0,5,0,0,0,0,0,0,0,0,0,0,0,0,0,0,0,0,0,0,0,2,2,4,2,0,1,1,0,2,2,6,4,0,2,2,0,1,0,0,0,2,0,0,0,0,0,0,0,0,1,2,0,0,0,0,0,0,0,0,2,1,1,1,0,0,1,0,1,0,1,4,9,7,3,5,2,4,0,4,7,7,6,3,3,1,0,1,0,5,2,12,0,0,0,0,0,0,0,0,0,0,0,0,0,1,0,0,0,0,0,2,2,1,1,0,2,3,1,1,2,1,2,1,1,0,0,0,0,2,1,1,0,2,0,1,1,0,0,0,2,2,3,1,2,0,1,0,0,1,0,6,3,2,1,1,0,0,0,0,1,6,12,5,3,4,1,5,1,6,14,10,1,1,1,1,0,1,0,1,1,5
184.25,1,0,0,0,0,0,0,1,1,5,0,0,0,0,0,0,0,1,0,0,0,0,1,0,0,0,0,1,1,1,0,0,0,0,0,0,0,0,0,0,1,3,5,1,0,0,1,2,2,8,26,18,11,10,1,5,1,10,27,41,0,0,1,0,0,0,0,0,2,0,1,0,1,0,0,0,0,0,0,2,5,1,2,2,1,1,0,2,0,5,27,16,8,7,4,6,0,8,6,24,0,0,0,0,0,0,0,0,0,0,0,0,0,0,0,1,0,0,0,1,1,0,0,0,0,0,0,0,0,0,1,3,1,1,0,1,0,0,4,0,0,0,0,0,0,0,0,0,0,0,0,0,0,0,0,0,0,1,0,0,4,2,0,0,0,0,0,3,3,4,2,1,1,0,0,0,0,2,1,2,1,0,0,0,0,0,0,0,2,0,0,0,1,0,0,0,0,0,1,1,1,0,0,0,0,1,0,2,0,2,2,6,3,5,0,1,0,2,4,9,5,1,1,1,1,2,0,2,7,8,0,0,0,0,1,0,0,1,0,2,0,0,1,0,0,0,0,0,0,0,2,1,1,0,0,0,1,0,3,6,2,0,1,2,0,0,0,0,3,1,1,1,0,0,0,0,0,2,0,1,2,2,1,0,1,1,0,1,3,2,3,3,1,1,0,0,0,0,2,4,14,5,5,0,4,6,1,6,6,31,4,3,1,0,1,2,0,1,6,5
184.75,0,1,1,0,0,0,0,0,3,5,0,0,0,0,0,0,0,0,0,0,1,0,0,0,0,0,0,0,0,4,0,0,0,1,0,0,0,0,0,1,0,0,0,0,0,2,0,1,2,8,35,20,7,8,7,6,2,1,20,48,1,0,0,1,0,0,0,0,0,0,1,1,1,1,0,0,0,0,0,3,5,1,0,0,2,0,0,1,1,4,32,7,10,10,9,8,3,4,19,28,0,0,0,0,0,0,0,0,0,0,0,1,0,1,0,0,0,0,0,0,1,0,0,0,0,0,0,0,0,0,3,3,0,0,2,1,0,0,2,2,0,0,0,0,0,0,0,0,0,0,0,0,0,0,0,0,0,0,0,0,6,5,2,2,0,1,0,4,3,9,2,0,1,2,0,0,0,0,2,5,0,1,1,0,1,0,0,0,0,1,1,1,0,0,0,0,0,0,0,2,1,0,0,1,0,0,0,0,1,2,5,10,2,3,2,0,0,2,10,11,2,4,5,1,0,1,0,1,2,10,0,0,0,1,0,2,0,0,1,2,2,0,0,0,0,0,0,0,0,1,2,2,1,0,0,1,0,0,2,8,0,1,0,1,0,0,0,0,1,3,0,0,0,0,0,1,0,1,3,2,2,0,0,0,1,0,0,0,1,2,2,1,3,0,0,1,0,0,0,2,10,9,10,4,3,5,1,3,3,19,3,2,0,1,2,0,0,0,5,1
185.25,2,0,1,0,0,0,1,0,0,2,0,0,0,0,0,0,0,0,0,0,0,0,0,1,0,0,0,0,1,0,3,0,0,0,0,0,0,0,0,0,2,0,1,1,0,1,0,2,1,12,32,12,14,9,3,10,4,7,16,43,1,0,0,1,0,0,0,0,0,2,0,0,1,0,0,0,0,0,0,1,5,4,6,0,0,0,0,0,1,5,24,19,10,3,5,6,1,6,13,25,2,0,0,0,0,0,0,0,0,1,2,0,1,0,0,0,0,0,0,3,2,0,0,0,0,0,0,1,2,1,3,1,0,0,1,1,0,0,1,3,0,0,0,0,0,0,0,0,0,0,0,0,0,0,1,0,0,0,0,0,2,5,4,0,0,0,0,0,9,7,1,2,0,0,0,1,0,0,2,3,4,1,0,0,0,0,0,0,0,1,1,1,0,0,0,0,1,0,2,0,0,2,0,0,1,1,0,0,1,5,3,7,7,1,0,3,0,1,6,6,6,5,2,2,0,0,0,2,3,10,1,0,0,0,0,0,0,2,0,0,1,2,0,0,0,0,0,0,0,0,2,0,1,0,0,0,0,1,1,2,2,6,0,0,0,1,0,0,2,2,1,0,0,0,0,0,0,0,1,0,1,3,0,1,0,0,0,0,0,4,1,2,0,0,0,0,0,1,2,4,15,7,3,4,1,1,1,6,6,21,2,2,0,0,1,1,1,2,0,11
185.75,0,1,1,0,1,0,1,1,1,1,0,0,0,0,0,0,0,0,0,0,0,2,1,0,0,1,0,0,0,3,0,1,0,1,0,0,0,0,0,0,3,1,2,0,2,0,0,3,1,10,34,29,14,6,5,8,1,9,20,43,0,0,0,0,0,0,0,0,0,1,2,1,0,0,0,0,0,0,1,1,3,2,1,0,1,0,1,0,3,7,35,15,11,6,3,8,1,3,26,19,1,0,0,0,0,0,0,0,1,1,0,0,0,0,0,0,0,0,1,0,1,1,0,0,0,0,0,1,0,0,3,2,0,0,0,1,0,2,4,4,0,0,0,0,0,0,0,0,0,0,0,1,0,0,0,0,0,0,0,1,3,1,0,0,1,0,1,0,2,3,0,2,2,0,0,2,1,0,1,3,2,2,0,0,0,0,0,0,1,0,0,0,0,0,0,0,0,0,0,1,0,1,0,0,0,1,1,3,4,1,9,3,0,1,3,2,2,3,6,9,6,6,1,0,2,0,0,1,2,8,1,0,0,1,0,0,0,0,0,1,1,0,0,1,1,0,0,1,0,1,2,6,0,0,1,0,0,1,0,1,0,3,1,1,0,0,1,0,1,2,1,0,1,0,0,0,0,0,1,0,3,2,0,2,0,4,0,0,3,1,0,0,2,0,0,1,0,1,1,1,12,10,4,3,4,1,1,4,5,17,0,2,1,0,1,2,1,3,4,4
186.25,2,0,1,0,0,1,1,0,0,2,0,0,0,0,0,0,0,0,0,0,0,0,0,1,0,0,0,0,0,1,1,0,0,0,0,1,0,0,0,0,4,2,0,2,1,0,0,0,3,8,37,12,18,14,8,11,2,11,32,43,0,1,0,0,0,0,0,0,1,0,1,1,0,0,0,0,0,1,1,0,3,2,2,0,3,2,0,1,0,2,24,19,12,4,2,7,1,8,12,26,0,0,0,0,0,0,0,0,0,0,0,0,0,0,0,0,0,0,0,1,0,0,0,0,0,0,0,0,0,0,0,2,1,2,0,0,0,0,1,4,0,0,0,0,0,0,0,0,0,0,0,0,0,0,1,0,0,0,1,1,7,1,0,2,0,2,0,0,3,5,1,0,4,2,0,0,0,1,2,1,0,0,2,0,0,0,0,0,0,2,0,0,0,0,0,0,0,0,0,3,0,0,0,0,0,0,2,0,0,1,4,4,3,2,1,1,2,3,8,10,7,2,3,0,0,1,0,2,5,10,1,0,0,0,0,0,0,0,0,0,0,0,0,0,0,0,0,0,0,1,4,0,0,0,0,0,0,0,1,2,3,1,1,1,1,0,0,0,2,1,0,0,0,0,0,0,0,0,0,2,0,1,4,0,0,0,0,2,2,3,3,1,0,0,0,0,0,0,1,2,5,5,3,4,4,4,0,5,15,15,0,1,1,1,0,0,0,5,2,9
186.75,3,0,1,0,0,0,0,2,2,4,0,0,0,0,0,0,0,0,0,0,0,0,0,0,0,0,0,0,2,2,0,0,0,0,0,0,0,0,0,1,3,1,1,0,1,0,2,0,1,8,26,21,23,7,7,7,1,10,19,52,1,0,0,0,0,0,0,0,0,1,1,1,0,0,0,0,0,0,0,1,5,1,0,2,1,4,0,2,2,5,21,8,10,8,3,2,0,9,11,27,0,0,1,0,0,0,0,0,0,0,0,0,0,1,0,1,0,0,2,0,1,0,1,0,0,0,0,0,0,0,2,1,2,0,0,0,0,0,3,1,0,0,0,0,0,0,0,0,0,0,0,0,0,0,0,0,0,0,0,0,3,1,1,3,0,1,0,2,3,8,3,0,1,0,0,0,0,2,3,3,1,1,0,0,0,0,0,1,1,0,1,0,0,0,0,0,0,0,0,0,0,1,0,0,0,0,0,1,0,6,9,10,5,2,3,2,0,0,2,15,3,1,2,2,0,4,0,0,2,8,0,0,0,0,0,0,0,0,0,1,0,0,0,0,0,1,0,0,1,2,1,0,0,0,0,1,0,1,4,2,2,3,0,1,0,0,0,2,0,2,0,0,2,0,0,0,0,0,0,1,1,1,0,0,0,2,0,0,0,3,2,1,2,1,0,0,0,1,0,0,10,6,8,3,5,1,1,4,8,27,4,3,1,0,0,0,1,1,1,6
187.25,3,1,1,0,0,0,0,1,0,1,0,0,0,0,0,0,0,0,0,0,0,1,0,1,0,0,0,0,0,1,0,1,0,0,1,0,0,0,2,1,3,1,1,0,1,1,1,2,2,4,22,11,14,14,8,4,1,7,19,43,2,0,0,0,0,0,0,0,2,1,1,1,0,0,0,0,0,0,2,2,5,1,2,1,2,1,0,0,4,1,34,8,10,7,5,4,2,8,16,19,1,0,0,0,0,0,0,0,0,0,0,0,0,0,0,0,0,0,0,0,0,0,1,0,0,0,0,0,0,0,0,0,1,0,0,0,0,1,0,3,0,0,0,0,0,0,0,0,0,0,1,0,0,0,0,0,0,0,0,1,2,3,2,0,0,1,1,2,1,10,6,2,0,0,0,0,0,1,2,1,0,0,0,0,0,1,0,0,2,0,0,0,1,0,0,0,0,0,0,0,0,0,0,0,0,0,1,0,1,1,9,5,5,4,1,2,1,1,3,5,4,1,1,5,1,0,0,0,2,6,0,1,0,0,0,0,0,0,1,4,1,0,0,0,0,0,0,0,0,0,3,1,0,0,1,0,0,0,0,2,1,2,0,0,0,0,0,0,1,3,0,0,0,0,0,0,0,0,0,2,1,0,1,4,0,0,0,0,0,4,3,1,1,1,1,0,0,0,0,0,10,6,1,4,3,3,0,7,6,13,5,1,1,1,1,0,0,1,2,6
187.75,3,2,0,0,1,0,0,0,0,4,0,0,0,0,0,0,0,0,0,0,0,0,0,0,0,0,0,0,0,1,0,0,0,0,0,0,0,1,0,0,2,2,1,1,0,0,0,1,0,2,30,18,19,10,13,8,3,9,25,33,1,1,0,0,0,0,0,0,0,0,0,1,0,1,0,0,0,0,0,0,4,2,0,0,0,2,0,5,0,3,25,21,18,7,5,3,0,5,20,34,0,0,0,0,0,1,0,0,0,0,0,1,0,0,0,0,0,0,0,0,1,0,0,0,0,0,0,0,1,0,1,1,0,0,0,0,0,1,2,2,0,0,0,0,0,0,0,0,0,0,0,1,0,0,0,0,0,0,0,1,6,1,5,0,0,1,0,1,0,3,0,0,3,1,0,0,0,0,1,6,0,0,0,0,0,0,1,0,0,0,0,0,1,0,0,0,0,0,0,0,0,1,1,0,0,0,0,1,0,3,1,5,5,1,2,2,0,1,6,7,6,5,5,1,0,0,0,0,5,3,0,1,1,0,0,0,0,0,0,1,0,0,0,0,0,0,0,0,0,0,5,2,0,0,0,0,1,1,0,1,1,1,0,0,0,0,0,0,2,1,1,0,2,0,0,0,0,1,0,1,0,1,1,0,0,0,0,0,1,3,6,1,0,0,0,0,0,0,0,2,8,3,3,1,2,5,0,5,10,24,2,2,1,0,0,0,0,0,1,3
188.25,0,1,1,0,1,0,0,0,0,1,0,0,0,0,0,0,0,0,0,0,1,1,0,0,1,0,0,1,0,1,0,1,0,0,0,0,0,0,0,0,4,3,0,0,1,1,0,0,2,7,29,17,8,7,8,5,0,12,15,39,0,1,0,1,1,0,0,0,0,0,0,0,0,1,0,0,0,0,0,1,5,1,5,3,0,0,0,5,2,5,22,19,7,6,6,3,0,6,12,37,0,2,0,0,0,0,0,0,0,1,0,0,0,0,0,0,0,0,0,0,0,0,0,0,0,0,0,0,0,0,2,1,0,0,0,0,0,0,2,3,0,0,0,0,0,0,0,0,0,0,0,0,0,0,0,1,0,0,1,0,4,1,1,2,1,0,1,1,1,8,5,1,2,0,0,0,0,0,3,3,1,1,0,0,0,1,0,0,0,1,1,0,0,0,1,0,0,1,1,1,0,0,1,0,0,0,0,0,0,3,8,5,4,3,0,5,0,1,5,11,5,2,4,1,0,0,0,4,4,10,0,0,1,0,0,0,0,0,1,2,0,0,1,0,0,0,1,1,0,0,1,2,1,0,1,0,0,0,0,3,1,1,0,1,0,0,0,0,0,1,1,1,1,2,0,0,0,1,0,1,1,2,1,1,0,0,0,1,3,1,0,0,0,0,0,0,0,0,0,1,14,6,5,0,1,6,1,3,3,18,2,2,3,0,0,1,0,1,3,6
188.75,1,0,1,0,3,0,0,2,1,1,1,0,0,0,0,0,0,0,0,0,0,0,1,0,0,0,0,0,2,2,2,0,0,0,0,1,0,0,1,0,7,3,1,1,0,1,0,0,0,3,26,16,15,7,4,8,2,12,22,39,0,1,0,0,0,0,0,0,1,1,0,0,0,0,0,0,0,0,0,3,3,1,1,1,1,0,0,3,1,4,33,12,16,3,5,6,0,4,17,27,0,0,1,1,0,0,0,0,0,0,0,0,0,0,0,0,0,1,0,0,0,0,0,1,1,0,0,0,0,1,2,1,2,0,0,0,0,0,0,10,0,0,0,0,0,0,0,0,0,0,0,0,0,0,0,0,0,0,2,0,5,2,1,1,2,0,1,0,0,5,2,2,2,0,2,0,0,0,0,3,1,0,0,0,1,0,0,0,0,2,0,0,0,1,1,1,0,0,0,1,1,0,0,0,0,0,0,1,0,2,6,4,5,2,1,3,0,0,6,9,11,3,6,2,0,0,0,0,2,8,1,0,0,0,0,0,0,0,0,2,3,0,0,1,0,0,0,1,0,0,0,1,0,2,0,0,0,2,2,3,0,1,0,1,0,0,0,0,1,2,0,0,1,1,0,0,0,0,0,1,2,0,2,0,1,0,0,0,1,4,4,2,0,1,0,0,0,0,3,0,12,8,4,2,3,3,1,5,7,20,1,0,0,1,2,0,0,0,1,6
189.25,2,0,0,1,0,2,0,0,0,0,0,0,0,0,0,0,0,0,0,0,1,1,0,0,0,1,0,0,0,0,0,1,1,0,0,0,0,0,0,1,2,1,1,0,1,1,0,3,1,5,26,16,16,10,6,13,1,8,18,35,1,0,0,0,0,0,0,0,1,0,0,0,0,0,0,0,0,0,0,0,4,1,4,1,1,1,0,0,0,3,31,11,12,11,6,7,0,5,16,27,0,0,0,0,0,0,0,0,0,1,0,0,1,0,0,0,0,0,0,0,0,0,0,0,0,0,0,0,0,0,1,1,2,2,0,0,0,0,2,3,0,0,0,0,0,0,0,0,0,0,0,0,0,0,0,0,0,0,0,2,4,5,1,2,1,0,0,1,3,7,2,2,3,2,0,0,0,4,0,4,1,0,0,0,0,0,0,0,0,1,0,0,1,0,0,1,0,0,0,1,2,0,0,1,1,0,0,0,0,6,5,1,2,2,3,0,1,3,6,11,4,4,3,2,3,0,1,2,3,12,2,0,0,0,0,0,0,0,0,1,1,2,2,0,0,0,0,0,0,2,2,2,1,0,0,1,1,0,3,2,2,1,2,1,0,1,0,0,0,1,0,0,1,1,0,0,0,0,0,1,1,1,0,0,0,0,1,0,1,3,0,1,1,1,0,0,0,0,2,1,12,4,3,1,1,2,0,8,7,19,2,1,0,4,0,0,0,0,2,2
189.75,4,0,0,1,0,0,0,1,2,2,0,0,0,0,0,0,0,0,0,0,0,0,0,0,0,0,0,1,0,2,1,0,0,0,0,0,0,1,0,0,1,3,0,0,0,0,1,0,1,2,29,18,12,11,6,10,4,5,17,48,0,1,2,0,0,0,0,0,1,4,1,1,0,0,1,0,0,0,0,0,2,2,2,0,0,0,0,2,1,3,30,16,4,10,5,2,0,4,12,23,1,0,0,0,0,0,0,0,0,0,0,0,0,0,0,0,0,0,0,2,1,0,0,0,0,0,0,0,0,0,4,1,0,0,0,0,0,2,1,2,0,0,0,0,0,0,0,0,0,0,0,0,0,0,0,0,0,0,0,1,5,5,4,1,0,3,1,2,1,5,5,0,0,3,1,0,0,1,0,2,1,0,1,1,0,0,0,0,2,2,0,0,0,0,1,0,0,0,0,0,0,1,2,0,0,0,0,0,0,2,9,2,2,2,1,2,0,2,5,15,9,4,1,3,0,1,1,0,5,10,1,2,0,1,1,0,0,0,0,1,4,0,1,1,0,0,0,0,0,0,1,4,0,0,0,0,0,0,0,3,4,0,1,1,0,0,0,0,3,5,0,0,0,0,1,0,0,0,0,0,3,0,1,0,0,0,0,2,1,4,1,1,1,0,0,0,0,0,2,2,11,5,3,4,1,1,0,5,9,18,1,1,4,0,0,0,0,1,1,3
190.25,0,3,0,0,0,1,0,1,0,6,0,0,0,0,0,0,0,0,0,0,1,0,0,0,0,0,0,0,0,1,0,0,0,0,1,0,0,1,1,0,3,1,3,0,0,0,0,0,2,9,36,10,12,10,5,9,1,9,14,23,2,0,0,0,0,0,0,1,0,0,0,0,0,0,0,0,0,0,1,0,1,0,0,1,3,1,1,0,4,1,23,18,15,5,7,4,0,3,9,22,0,1,1,0,0,0,0,1,0,0,1,0,0,0,0,0,0,0,0,0,0,0,0,0,0,0,0,0,0,0,1,1,0,1,0,1,0,1,1,6,0,0,0,0,0,0,0,0,0,0,0,0,0,0,0,0,0,1,0,0,3,2,0,0,0,0,0,0,2,7,2,2,0,1,0,0,0,1,2,3,0,0,0,0,0,1,0,0,0,0,0,0,0,0,1,0,0,0,0,0,1,1,0,1,1,0,0,1,0,1,6,6,1,4,0,1,0,1,5,10,7,2,4,1,0,1,0,0,5,6,0,1,0,0,0,0,0,0,1,1,2,0,0,1,0,0,0,0,1,0,3,3,1,0,0,0,0,0,2,5,0,0,0,0,0,0,0,0,0,1,0,0,0,0,0,0,0,0,0,2,2,3,0,0,1,0,0,1,1,3,2,0,3,2,2,0,0,0,2,0,11,10,4,1,2,5,1,4,6,18,3,1,2,0,0,0,0,1,1,3
190.75,0,2,3,2,0,2,0,2,0,1,0,0,0,0,0,0,0,0,0,0,1,0,0,1,0,0,0,2,1,0,2,0,0,0,0,0,0,0,0,0,3,0,2,0,0,1,0,3,2,2,28,21,16,16,4,5,0,13,23,41,0,0,0,1,0,0,0,0,0,0,0,1,1,0,0,0,0,0,0,1,7,0,2,2,0,2,0,2,1,2,26,24,4,6,5,11,0,7,18,20,0,0,0,1,0,0,0,0,2,0,0,0,0,0,0,0,0,0,0,1,0,0,0,1,0,0,0,0,0,0,4,1,1,0,0,0,0,1,4,5,0,0,0,0,0,0,0,0,0,0,0,0,0,0,0,0,0,0,0,2,3,3,1,1,0,0,0,2,1,5,6,1,1,1,1,0,0,0,2,2,0,0,2,0,1,0,0,0,0,1,0,0,0,0,0,1,0,0,0,1,2,0,0,0,0,1,0,0,0,4,8,3,4,0,0,2,0,3,4,7,8,1,2,4,5,0,0,1,2,3,0,0,1,0,0,0,0,0,0,0,0,1,1,0,0,0,0,0,0,1,4,2,1,0,0,0,0,0,5,2,2,1,0,1,0,0,0,0,0,4,1,0,1,0,0,0,0,0,1,0,4,1,0,1,0,0,0,0,2,1,2,1,2,1,1,0,0,1,1,0,10,5,4,3,2,3,0,4,6,20,3,1,0,2,2,0,0,0,1,4
191.25,0,0,1,0,0,0,0,1,2,1,0,0,0,0,0,0,0,0,0,0,1,0,0,0,1,0,0,0,0,0,0,0,0,0,0,0,0,0,0,2,5,2,0,1,1,0,0,0,2,6,26,8,11,3,3,2,0,8,20,45,1,1,0,1,0,0,0,0,1,1,0,0,0,0,0,0,0,0,0,0,5,2,2,1,2,0,0,1,1,0,25,16,12,3,6,6,0,2,11,22,0,0,0,0,0,0,0,0,0,2,0,0,1,0,0,0,0,0,0,0,0,1,0,0,0,0,0,0,0,0,0,2,1,1,0,0,0,1,1,2,0,0,0,0,0,0,0,0,0,0,0,0,0,0,0,1,0,0,2,0,5,2,1,4,0,0,1,2,1,6,2,1,0,0,2,1,0,0,3,1,0,0,0,1,0,0,0,0,0,1,1,0,1,0,0,0,1,0,0,1,0,0,0,0,0,0,0,2,0,2,9,3,1,2,2,1,0,4,8,8,5,5,1,1,1,2,0,0,4,6,2,0,0,0,0,0,0,0,0,2,3,1,1,1,1,0,0,1,2,0,0,0,2,1,0,0,1,0,2,5,1,1,0,0,0,1,0,0,2,1,0,0,1,1,0,0,0,0,0,0,2,0,1,1,1,0,0,1,0,3,3,1,0,1,1,1,0,0,1,1,11,9,4,5,3,3,0,4,10,21,1,2,1,0,1,1,1,0,0,4
191.75,1,0,0,0,1,0,0,0,3,3,0,0,0,0,0,0,0,0,0,0,0,0,1,0,0,0,0,1,1,0,3,1,2,0,0,0,0,0,0,0,2,4,1,0,1,0,0,2,1,5,27,19,11,7,4,6,1,15,12,34,0,0,0,0,1,0,0,0,0,0,0,0,0,0,1,0,0,0,0,1,5,3,4,2,1,2,0,0,2,3,30,15,15,2,5,3,2,9,14,26,0,0,0,0,0,0,0,0,0,0,0,0,0,0,0,0,0,0,0,2,0,0,0,0,0,0,0,0,0,0,1,3,2,1,1,1,0,0,3,3,0,0,0,0,0,0,0,0,0,0,0,0,0,0,0,0,0,0,0,0,3,5,2,0,0,1,0,0,5,6,5,1,0,0,0,0,1,0,2,4,0,0,0,0,0,0,1,0,2,0,0,0,0,0,0,0,0,0,1,0,0,0,0,0,0,0,0,0,0,0,6,7,3,2,2,1,0,2,9,6,3,3,5,2,3,0,0,2,3,7,1,0,0,0,0,0,0,0,2,1,0,0,0,0,0,0,0,1,1,0,6,0,1,1,1,0,0,0,1,0,1,1,1,0,0,0,0,0,0,3,1,0,0,0,0,1,0,0,0,1,4,0,1,0,0,1,0,1,0,3,1,2,0,0,0,0,0,1,1,3,10,8,5,2,1,3,3,2,5,17,3,3,2,0,3,1,0,0,3,2
192.25,1,0,1,0,0,0,0,0,0,1,0,1,0,0,0,0,0,0,0,0,0,0,0,0,1,0,0,0,0,1,0,0,0,0,0,1,0,0,0,0,3,1,1,1,0,0,1,1,1,5,29,21,18,6,8,6,2,6,20,37,0,1,0,0,0,0,0,0,0,1,0,0,0,0,0,0,0,0,0,1,2,2,1,0,1,1,0,1,0,4,36,13,12,7,4,1,1,7,19,29,0,0,0,1,0,0,0,0,0,0,2,0,0,1,1,0,0,0,0,0,0,0,0,0,0,0,0,0,0,0,1,0,1,0,1,0,0,0,1,3,0,0,0,0,0,0,0,0,0,0,0,0,0,0,0,0,0,0,0,1,4,2,1,2,0,0,0,0,2,2,0,1,3,1,0,0,0,0,1,1,0,1,0,0,0,0,0,0,0,0,0,0,1,0,0,0,0,0,0,2,1,0,0,0,0,0,0,0,0,3,4,3,1,0,2,1,0,2,2,10,4,4,1,4,4,1,0,0,2,6,0,0,0,0,0,0,0,0,0,1,0,0,1,0,0,0,0,0,0,1,4,1,3,2,0,0,0,0,1,3,2,1,0,0,0,0,0,0,1,4,0,0,0,0,1,0,0,0,0,2,1,0,0,0,1,1,0,0,0,3,3,2,2,1,1,0,0,2,1,1,8,7,5,4,3,4,1,5,8,15,1,0,1,0,0,1,0,0,1,6
192.75,1,0,0,1,0,1,0,1,1,1,1,0,0,0,0,0,0,0,0,0,0,0,0,1,0,1,0,2,0,2,2,0,0,0,1,0,0,0,1,0,4,2,0,0,0,2,0,2,0,4,32,15,15,5,9,8,2,8,19,45,1,0,0,0,0,0,0,0,0,1,0,0,0,0,0,1,0,0,0,0,4,3,1,3,1,1,0,0,1,5,39,14,11,6,4,6,0,9,13,16,0,0,0,0,0,0,0,1,0,0,0,0,0,0,0,1,0,0,0,1,0,0,0,0,0,0,0,0,0,0,3,0,0,0,1,0,0,1,0,2,0,0,0,0,0,0,0,0,0,0,0,0,0,0,0,0,0,1,0,0,9,1,2,2,1,0,0,0,4,5,2,1,0,0,0,0,0,0,0,6,1,0,0,0,1,0,0,0,0,0,0,0,0,1,0,1,0,0,0,0,1,0,0,0,0,1,0,0,0,1,4,6,6,2,2,1,1,3,4,8,3,5,2,1,0,1,0,0,2,3,0,0,0,0,0,0,0,0,1,0,0,0,0,0,0,1,0,0,0,2,4,1,3,0,0,0,0,2,0,1,4,0,1,0,0,0,0,1,2,1,0,1,0,1,0,1,0,1,0,2,4,0,4,1,0,1,0,0,0,2,6,2,1,0,2,1,0,0,1,0,14,4,3,1,2,3,0,3,8,16,2,0,1,1,0,4,0,2,0,3
193.25,5,0,1,0,0,0,0,1,0,2,0,0,0,0,0,0,0,0,0,0,0,0,0,0,0,0,0,1,0,1,0,1,0,0,0,0,0,0,0,0,4,3,0,0,0,0,0,1,3,5,20,13,17,10,5,6,1,9,11,32,2,0,0,0,0,0,0,0,0,2,0,0,0,0,0,0,0,0,1,0,2,2,0,0,2,0,0,1,1,5,38,21,8,6,3,5,0,1,17,17,0,0,0,0,0,0,0,0,0,1,0,0,0,0,0,0,0,0,0,1,0,0,0,0,0,0,0,0,0,0,2,0,2,0,0,5,0,0,0,2,0,0,0,0,0,0,0,0,0,0,0,0,0,0,0,0,0,0,0,1,5,3,7,0,0,0,0,0,3,6,6,2,1,0,0,1,0,1,0,1,0,1,1,1,0,2,0,0,0,0,0,0,0,0,0,0,0,1,0,0,1,0,1,0,0,0,0,1,1,0,14,5,3,2,3,1,0,2,4,8,4,2,2,1,0,5,0,1,2,10,0,0,0,0,0,0,0,0,0,0,3,2,0,0,1,0,0,1,0,2,5,0,2,1,0,0,0,1,3,6,1,1,1,0,0,0,0,1,1,3,1,0,0,0,0,0,0,0,0,1,3,2,2,1,0,0,0,0,0,3,2,0,1,0,0,0,0,0,1,1,14,9,5,2,2,2,0,6,3,10,3,0,4,0,0,0,0,0,2,3
193.75,2,0,1,1,0,0,0,1,0,5,0,0,0,0,0,0,0,0,0,0,1,0,1,0,0,0,0,0,0,0,1,2,1,0,0,0,0,1,1,1,2,3,0,0,0,0,0,0,2,5,22,15,5,7,7,5,0,9,22,44,1,1,1,0,0,0,0,0,1,1,1,0,1,0,0,1,0,0,2,1,2,0,0,2,0,0,0,2,2,1,25,18,14,7,3,6,0,5,25,17,0,0,0,0,0,0,0,0,0,1,0,0,0,0,0,0,0,0,0,0,0,0,0,0,0,0,0,0,0,0,2,2,1,2,2,0,0,0,2,1,0,0,0,0,0,0,0,0,0,0,0,0,0,0,0,0,0,0,0,1,4,3,2,0,2,0,0,0,3,5,2,2,0,2,1,0,0,0,1,3,1,1,0,0,0,0,0,0,2,0,0,0,0,0,0,0,0,0,0,1,0,1,2,0,0,0,0,0,0,2,13,2,2,2,0,0,0,1,4,12,3,3,3,0,2,1,1,0,2,4,0,0,0,0,0,0,0,0,0,0,0,2,2,0,0,0,0,0,1,2,7,3,2,2,0,0,0,0,1,1,1,0,2,0,0,0,0,1,1,4,0,0,0,0,0,0,0,0,0,0,4,2,2,4,1,0,0,2,1,3,0,0,0,0,0,1,0,1,0,3,13,7,3,2,1,2,0,8,3,8,2,1,0,0,0,0,0,0,4,7
194.25,4,0,2,1,0,0,0,0,0,2,0,0,0,0,0,0,0,0,0,0,0,0,0,0,0,0,0,1,0,0,3,0,0,0,0,0,0,0,0,1,2,2,1,2,0,0,0,1,1,4,25,17,12,10,5,4,0,9,9,34,0,0,0,0,0,0,0,0,0,1,0,0,0,0,0,0,0,1,0,0,1,7,0,0,1,0,0,1,1,8,33,23,13,4,4,4,2,8,18,23,1,0,0,0,0,0,0,0,0,1,1,0,0,0,0,0,0,0,0,1,0,1,0,0,0,0,0,0,0,0,4,2,1,0,0,0,0,1,1,1,0,0,0,0,0,0,0,0,0,0,0,0,0,0,0,0,0,0,0,0,4,2,1,2,1,2,0,0,4,8,7,3,2,0,1,1,0,0,0,1,1,0,0,0,0,0,0,0,0,1,0,1,0,0,0,0,0,1,0,1,0,0,0,1,0,0,0,1,2,0,9,7,8,1,1,2,0,2,3,9,6,2,3,1,0,3,0,1,4,3,0,0,0,0,0,0,0,0,0,0,0,0,0,0,0,0,0,1,0,1,6,4,2,0,0,0,0,2,1,4,1,1,0,1,0,0,0,0,1,3,1,0,1,0,0,0,0,0,0,0,1,0,1,0,0,0,0,0,3,1,2,1,0,0,0,1,1,1,0,4,7,5,4,2,1,1,0,3,9,13,3,1,1,1,0,0,0,0,1,4
194.75,3,1,1,1,1,0,0,0,1,1,0,0,0,0,0,0,0,0,0,1,1,0,0,0,0,0,0,0,0,0,0,1,1,0,0,0,0,0,1,0,2,2,1,0,2,0,0,1,3,5,28,14,12,6,4,7,2,7,13,36,1,0,0,0,0,0,0,0,2,0,1,0,1,0,0,0,0,0,0,0,2,2,3,0,0,1,0,2,1,3,43,24,9,9,5,3,1,5,21,27,0,1,0,0,0,0,0,1,1,0,0,0,0,0,0,0,0,0,0,0,0,1,0,0,0,0,0,0,0,0,2,2,0,0,0,0,0,3,1,3,0,0,0,0,0,0,0,0,0,0,0,0,0,0,0,0,0,0,0,0,7,2,0,3,0,0,0,1,3,2,2,3,3,0,0,0,0,1,2,1,0,1,0,0,1,0,0,0,0,0,1,0,0,0,0,0,0,0,0,0,0,1,1,0,0,0,0,1,0,1,12,4,1,1,1,1,1,3,6,5,4,2,4,1,0,1,0,0,3,4,1,0,0,0,0,0,0,0,0,1,2,2,0,0,0,0,0,0,1,1,5,2,0,0,0,1,0,1,2,3,1,2,1,0,1,0,0,0,0,2,1,0,0,0,0,0,1,0,0,3,2,3,1,1,1,0,1,0,0,3,7,0,1,0,0,0,0,1,0,1,14,5,5,1,0,3,0,3,7,15,2,2,0,1,2,0,0,0,2,2
195.25,1,1,3,0,0,0,0,1,1,1,0,0,0,0,0,0,0,0,0,0,0,0,0,0,1,0,0,1,0,1,0,0,0,0,1,0,0,0,0,4,2,2,3,1,0,0,0,1,6,1,24,11,10,7,7,5,1,9,16,34,1,0,0,0,1,1,0,1,0,1,3,1,0,0,0,0,0,1,0,0,5,2,4,1,2,1,0,0,2,2,35,15,15,4,1,4,1,4,12,30,0,0,1,0,0,0,0,0,0,2,0,0,1,0,0,0,0,0,0,0,0,0,0,0,0,0,0,0,1,1,5,1,0,0,1,1,0,1,2,3,0,0,0,0,0,0,0,0,0,0,0,0,0,0,0,0,0,0,0,0,3,3,1,2,1,0,0,0,2,1,5,1,0,0,1,1,0,0,0,5,0,0,0,0,0,0,0,0,0,1,0,0,0,0,1,0,0,0,0,0,1,0,0,0,0,0,0,0,0,3,9,7,6,2,2,3,0,1,9,6,10,2,5,3,0,0,0,0,2,8,2,0,0,0,0,0,0,1,0,0,0,1,0,0,0,2,0,1,5,0,3,1,0,2,0,1,0,0,3,4,3,2,2,0,0,0,0,1,0,2,0,0,1,0,1,0,0,1,0,1,2,0,3,0,1,0,0,1,1,0,4,0,2,1,1,1,0,0,1,1,5,11,10,1,2,0,0,1,9,11,1,5,1,2,0,1,0,0,1,3
195.75,3,0,1,1,0,0,0,0,0,1,0,0,0,0,0,0,0,0,0,0,0,0,1,0,0,1,0,0,0,2,0,2,0,0,0,1,0,0,0,0,1,0,1,1,0,0,0,0,0,3,24,10,14,5,3,8,2,10,11,31,0,1,0,0,0,0,0,0,0,1,2,1,0,0,0,0,0,0,0,1,5,0,0,1,1,0,0,0,1,1,32,27,11,3,4,3,0,3,17,21,0,0,0,0,0,0,0,0,1,0,1,1,0,0,0,0,0,0,0,0,0,0,0,0,0,0,1,0,0,1,3,1,0,0,0,0,0,0,2,2,0,0,0,0,0,0,0,0,0,0,2,0,0,0,0,0,0,0,0,1,7,3,1,0,0,1,0,2,3,7,1,3,3,2,0,1,0,0,2,4,1,0,0,0,0,1,0,0,1,1,0,1,0,0,0,0,0,0,0,0,0,0,0,0,0,0,0,1,1,1,14,7,4,2,0,2,0,2,1,8,8,3,1,2,1,1,0,2,2,11,1,0,0,0,0,0,0,1,0,2,0,0,0,0,0,0,0,1,0,3,1,5,1,1,0,0,0,0,0,4,6,1,0,1,0,0,0,0,4,2,0,1,0,0,0,0,0,0,0,0,2,2,2,0,1,2,0,1,2,6,2,4,0,1,0,0,0,0,1,2,11,4,8,4,5,0,1,4,12,16,3,0,1,0,0,1,1,2,2,3
196.25,2,1,1,0,0,2,0,0,0,3,0,0,0,0,0,0,0,0,0,0,0,0,0,0,0,0,0,0,0,0,0,0,0,1,0,0,0,0,0,0,4,2,0,0,0,3,0,2,3,4,23,18,13,13,3,7,0,8,19,30,2,0,0,0,0,0,0,0,0,0,0,1,0,0,1,0,0,0,1,1,2,3,3,2,1,1,0,1,3,3,41,16,16,7,5,3,0,10,14,35,0,0,0,0,0,0,0,1,0,0,0,1,0,1,0,0,0,0,0,0,0,0,0,0,0,2,0,0,0,0,3,2,2,0,0,0,0,0,1,2,0,0,0,0,0,0,0,0,0,0,0,1,1,0,0,0,0,0,0,0,3,1,3,2,2,0,0,1,2,3,6,3,0,2,1,1,0,1,2,3,1,0,0,0,0,0,0,0,0,0,1,0,0,0,0,0,0,0,0,0,1,0,0,0,0,0,0,0,0,2,7,4,3,1,2,1,1,2,5,6,9,1,2,1,0,1,0,0,6,8,0,1,1,0,0,0,0,0,1,1,5,1,1,0,1,0,0,0,0,1,2,1,0,0,0,0,0,1,3,3,6,2,3,0,1,0,0,0,3,0,1,0,1,0,1,0,0,0,0,0,3,0,0,0,1,0,0,1,2,2,3,0,0,0,0,0,0,0,2,2,9,4,5,3,1,3,0,2,9,15,4,0,1,0,1,0,0,0,0,6
196.75,0,4,2,2,0,0,0,1,0,1,0,0,0,0,0,0,0,0,0,0,0,0,0,0,0,0,1,0,0,2,0,0,0,0,0,0,0,0,2,1,3,0,2,1,1,1,0,1,2,4,30,13,13,8,4,3,0,7,14,29,1,1,0,0,0,1,0,1,0,1,0,2,0,0,0,0,0,0,0,1,4,2,2,0,1,1,0,1,2,2,29,22,13,7,6,3,1,2,26,13,0,0,0,0,0,0,0,0,0,0,0,0,0,0,0,0,0,0,1,0,0,0,0,0,0,0,1,0,0,0,3,2,2,0,0,2,0,0,4,4,0,0,0,0,0,0,0,0,0,0,0,0,0,1,0,0,0,0,0,0,3,3,1,2,0,0,0,1,1,3,4,2,1,0,1,1,0,0,3,1,0,0,0,0,0,0,0,0,0,2,2,0,0,0,0,0,0,1,0,3,1,1,0,1,0,0,0,0,0,1,9,8,2,1,0,0,1,1,3,6,4,3,3,1,4,0,0,0,1,8,0,0,0,1,0,0,0,0,0,0,1,0,0,1,0,0,0,0,1,2,3,1,4,1,0,0,0,0,2,3,3,0,0,1,0,0,0,0,3,3,1,0,0,0,0,0,0,0,0,0,2,0,0,0,2,0,0,1,0,3,0,1,2,0,1,0,0,0,3,0,11,5,3,2,3,4,0,2,10,14,0,1,1,1,0,1,0,1,1,2
197.25,2,1,1,0,2,0,0,0,1,1,0,0,0,0,0,0,0,0,0,0,0,0,0,0,0,0,0,0,0,1,1,0,0,0,0,0,0,0,0,0,1,2,2,0,0,0,0,0,3,7,30,18,16,9,7,4,0,9,25,25,3,1,0,0,0,1,0,0,1,3,0,0,0,0,0,0,0,0,2,2,3,3,0,1,2,1,0,0,1,3,38,15,20,6,5,5,1,4,17,28,0,1,0,0,0,0,0,0,0,1,0,0,0,0,0,0,0,0,0,0,0,0,0,0,0,0,0,0,0,0,3,3,4,0,0,0,0,0,0,0,0,0,0,0,0,0,0,0,0,0,1,0,0,0,0,0,0,0,0,1,6,2,1,0,0,0,0,1,5,6,6,1,0,1,1,1,0,2,1,3,2,0,0,0,0,0,0,0,0,1,0,0,1,0,0,0,0,1,1,0,3,0,0,0,0,0,0,0,0,1,6,3,1,0,1,1,0,1,4,10,3,0,0,2,1,0,2,3,1,6,1,0,0,0,0,0,0,0,0,0,1,0,0,0,0,0,0,0,0,0,1,2,1,2,1,0,0,0,1,1,4,2,1,1,0,1,0,0,2,3,0,0,0,0,0,1,0,0,0,0,5,0,1,0,0,1,0,0,1,1,0,2,2,0,1,1,0,1,1,3,9,2,4,6,2,1,0,4,4,16,2,0,0,2,0,1,0,1,0,2
197.75,2,0,0,0,0,0,0,0,2,1,0,0,0,0,0,0,0,0,0,0,0,0,0,0,0,0,0,1,0,0,1,0,1,0,0,1,0,0,0,0,5,0,0,0,0,0,0,1,2,5,19,13,9,12,3,4,2,9,14,38,0,1,0,0,0,0,0,0,0,0,2,1,0,0,0,0,0,0,0,1,3,2,0,1,1,1,0,0,6,4,44,15,11,10,7,4,0,2,22,30,0,0,0,0,0,0,0,0,0,0,0,1,0,0,0,0,0,0,0,2,0,0,0,0,0,0,0,0,0,0,6,2,1,1,0,0,0,0,0,4,0,0,0,0,0,0,0,0,0,0,0,0,0,0,0,0,0,0,0,1,2,3,2,1,3,1,0,0,1,3,1,3,3,0,0,1,0,0,2,1,0,0,1,0,0,0,0,0,0,1,0,0,0,0,0,0,0,0,0,0,2,1,1,0,0,0,1,0,0,3,16,2,3,5,1,1,0,2,4,6,7,1,2,0,0,0,0,0,2,6,0,0,1,0,1,0,0,0,0,1,2,1,1,0,2,0,0,0,0,1,3,1,0,1,1,0,0,0,1,3,1,1,1,0,1,0,0,0,2,2,1,0,0,0,0,0,0,0,0,0,2,1,0,1,1,0,0,1,0,3,5,2,3,0,0,1,1,0,1,3,8,4,5,4,3,1,2,2,6,13,5,2,1,0,1,0,2,1,3,4
198.25,1,1,0,0,1,0,0,0,1,3,0,0,0,0,0,0,0,0,1,0,0,0,0,0,0,0,0,0,0,0,0,1,1,0,0,0,1,0,0,0,0,1,3,0,0,0,0,0,2,4,18,14,14,9,3,2,1,6,15,30,2,0,0,0,0,0,0,1,0,2,1,1,1,0,0,0,0,0,1,1,3,0,0,2,0,1,0,0,3,1,45,21,17,4,3,4,0,4,17,11,0,0,0,0,1,0,0,0,0,3,0,0,1,0,0,0,0,0,1,1,0,1,0,0,0,0,0,0,0,0,3,1,2,2,3,0,0,0,3,3,0,0,0,0,0,0,0,0,0,0,0,0,0,0,0,0,0,0,0,0,7,3,0,0,0,1,0,0,2,5,3,0,2,0,1,1,0,0,4,3,0,1,1,0,0,0,0,0,0,1,0,0,0,0,0,0,0,0,0,0,4,1,0,0,0,0,0,0,0,0,11,4,5,1,1,0,0,1,5,8,3,2,2,1,0,2,0,0,1,9,0,1,0,0,0,1,0,0,0,0,1,1,1,0,0,0,0,0,0,2,7,0,1,0,0,0,0,1,1,5,2,1,1,1,2,2,0,1,3,6,0,2,0,1,0,1,0,0,0,1,5,4,3,1,0,0,0,0,1,0,8,0,1,1,0,2,0,0,1,1,15,6,2,1,1,3,0,5,1,18,2,4,1,2,0,0,0,2,1,2
198.75,4,1,0,2,1,0,0,0,3,0,0,0,0,0,0,0,0,0,0,0,0,0,0,0,0,0,1,0,0,0,2,0,1,0,0,0,0,0,1,0,5,2,0,2,1,0,0,0,2,5,26,17,12,5,2,2,4,5,15,34,0,1,2,0,0,0,0,0,0,0,1,1,0,0,0,0,0,1,0,2,2,1,0,2,1,2,0,1,1,4,41,13,14,11,4,2,0,4,15,18,0,0,0,0,0,0,0,0,0,0,0,0,0,0,0,0,0,0,0,2,0,0,0,0,0,0,0,0,2,0,1,2,0,3,1,0,0,1,1,1,0,0,0,0,0,0,0,0,0,0,0,0,0,0,0,0,0,0,0,0,4,2,4,3,1,0,0,1,4,5,3,2,4,1,3,0,1,1,1,2,0,1,0,0,0,0,0,0,0,2,0,0,0,0,0,0,0,0,0,1,4,0,2,0,0,0,0,0,2,0,18,7,5,3,4,0,0,2,5,3,5,3,5,1,2,1,0,1,2,5,0,0,0,0,1,0,0,0,2,2,1,1,1,0,0,0,2,1,0,0,4,0,3,0,2,0,0,1,2,4,0,1,2,0,0,0,0,1,1,1,0,1,0,0,0,1,0,0,0,1,2,2,1,0,0,1,0,0,2,1,4,1,0,0,1,0,0,0,2,2,21,6,5,2,0,1,0,4,4,13,2,1,1,0,0,0,0,0,1,4
199.25,4,0,1,1,0,0,0,0,1,3,1,0,0,0,0,0,0,0,0,0,0,0,0,0,1,0,0,0,0,0,0,0,0,0,0,0,0,0,0,0,4,2,3,0,1,0,0,1,0,2,34,10,11,7,4,3,2,3,11,33,1,0,1,0,0,0,0,0,1,1,0,0,0,0,0,0,0,0,0,2,3,2,2,0,0,1,0,1,0,1,34,22,13,8,6,4,2,2,13,24,0,0,0,0,0,0,0,0,0,0,0,0,0,1,0,0,0,1,0,0,0,0,0,0,0,0,0,0,0,0,5,0,1,0,0,0,0,0,2,7,0,0,0,0,0,0,0,0,0,0,0,0,0,0,0,0,0,0,0,0,0,3,2,1,1,1,0,2,3,3,2,2,2,0,1,0,1,1,1,2,1,0,0,0,0,0,0,1,2,0,1,1,0,0,0,0,0,0,1,0,1,2,0,1,1,0,0,0,0,2,17,8,5,2,0,3,1,2,5,12,6,3,1,1,0,2,1,1,2,3,1,0,1,0,0,0,0,1,0,1,0,0,2,1,0,0,0,0,0,1,4,2,2,2,2,0,0,0,3,3,4,2,0,2,1,1,0,0,2,2,0,0,0,0,0,0,0,0,0,0,4,0,2,0,0,0,0,0,1,2,1,3,0,4,1,1,0,1,0,5,5,6,2,2,2,4,1,5,9,13,3,0,0,0,0,1,0,0,0,2
199.75,1,0,2,0,0,0,1,0,1,0,0,0,0,0,0,0,0,0,0,0,0,1,0,0,0,0,0,0,0,0,1,0,0,0,1,0,0,0,0,0,3,3,0,1,0,3,0,0,2,5,34,19,17,6,2,2,0,5,16,27,1,0,0,1,0,0,0,0,1,0,4,1,0,0,0,0,0,0,0,0,2,1,2,0,0,0,1,0,2,5,41,14,18,6,1,4,0,5,14,20,0,0,0,0,0,0,0,0,0,0,0,0,0,0,0,0,0,0,0,0,1,0,0,0,0,0,0,0,1,0,2,1,0,2,1,1,0,1,2,2,0,0,0,0,0,0,0,0,0,0,0,0,0,0,0,0,0,0,0,0,6,3,2,1,0,1,0,0,4,5,5,1,5,0,0,1,1,1,2,2,0,1,0,0,0,0,0,0,0,0,0,0,1,0,0,0,0,0,0,0,1,2,0,1,0,0,0,0,1,0,8,4,5,1,0,0,0,0,6,10,8,1,4,3,0,1,1,1,6,1,1,0,1,0,0,0,0,0,0,1,2,1,0,1,0,0,0,0,1,1,3,1,4,1,0,2,0,1,0,2,2,1,0,0,0,0,0,0,1,3,2,0,0,0,0,0,1,0,1,0,2,0,2,0,0,0,0,0,0,2,4,1,0,1,0,0,0,0,1,3,18,6,3,1,0,2,1,1,3,10,0,1,1,0,0,0,1,2,2,3
200.25,7,0,1,1,0,0,0,0,0,2,0,0,0,0,0,0,0,0,0,0,0,0,0,0,0,0,0,0,0,2,0,0,0,0,0,0,0,0,1,1,3,5,2,1,0,1,0,0,1,3,34,8,9,9,6,3,2,2,15,32,4,1,0,0,0,0,0,0,1,2,2,0,1,0,0,0,0,0,1,0,0,4,2,0,0,1,0,0,2,3,35,19,13,12,6,4,3,3,22,22,0,0,0,0,0,0,0,0,0,2,0,0,0,0,0,0,0,0,1,0,0,1,0,0,0,0,0,0,0,0,4,0,1,0,0,2,0,0,1,3,0,0,0,0,0,0,0,0,0,0,0,0,0,0,0,0,0,0,0,0,4,1,3,0,0,0,0,1,3,12,2,1,1,1,0,2,0,1,2,5,0,0,0,0,1,0,0,0,0,0,0,0,0,0,0,0,0,0,0,0,0,2,1,0,0,0,0,0,0,0,20,2,7,1,0,1,0,1,9,10,6,4,7,0,0,1,1,0,2,4,0,1,0,0,0,0,0,0,0,0,0,1,0,0,1,0,0,0,0,1,1,0,0,1,2,0,0,1,1,3,2,2,0,2,1,0,0,0,0,3,0,0,0,0,0,0,0,1,0,0,6,1,2,2,0,2,0,0,3,0,3,3,0,1,0,0,0,0,4,2,12,8,6,2,1,0,0,3,2,14,4,2,1,0,0,0,0,1,0,2
200.75,0,1,3,3,0,2,0,1,2,2,0,1,0,0,0,0,0,0,0,0,0,1,0,0,0,0,0,0,1,0,1,0,0,0,0,0,0,0,0,1,6,1,1,1,1,0,0,0,5,4,28,10,9,13,2,9,3,2,8,24,1,3,2,0,0,0,0,0,1,0,1,0,0,0,0,0,0,0,1,0,5,4,1,1,0,1,0,1,0,2,40,17,16,10,5,8,0,6,16,22,0,0,0,0,0,0,0,0,0,0,0,0,0,0,0,0,0,0,0,0,0,0,0,0,0,0,0,0,0,1,2,3,0,0,0,0,0,0,1,2,0,0,0,0,0,0,0,0,0,0,0,0,0,0,0,0,0,0,0,0,1,3,1,2,2,1,0,1,3,1,5,3,1,0,2,0,0,1,3,2,2,0,0,0,1,0,0,0,2,0,0,3,0,1,0,0,0,0,0,0,0,0,0,0,0,0,0,0,0,2,11,8,13,2,1,0,1,2,3,9,2,2,4,2,0,0,0,0,1,7,0,0,0,0,0,0,0,1,0,1,0,0,0,1,0,0,0,0,0,3,5,0,1,1,1,1,0,1,4,2,3,1,2,0,0,0,0,0,4,2,1,0,0,0,0,0,0,1,0,3,8,2,1,3,0,0,0,0,0,0,3,6,1,1,0,0,0,0,1,2,25,5,5,2,3,1,1,2,7,14,4,1,4,0,0,0,0,0,1,1
201.25,3,1,3,0,0,0,2,0,0,1,0,0,0,0,0,0,0,0,0,0,0,0,0,0,0,0,0,0,0,2,2,1,0,0,0,0,0,0,3,0,6,0,1,3,0,0,0,2,2,1,20,18,9,6,7,2,2,6,12,34,0,0,0,0,0,0,0,0,1,0,0,1,0,0,0,0,0,0,1,1,4,1,2,0,0,1,0,0,1,5,44,14,21,4,8,5,0,4,25,23,0,0,0,0,0,0,0,0,0,0,0,0,0,0,0,0,1,0,0,0,0,1,0,0,0,0,0,0,0,0,3,2,2,0,0,0,0,0,2,1,0,0,0,0,0,0,0,0,0,0,0,0,0,0,0,0,0,0,0,1,1,1,4,2,1,2,0,0,0,5,4,4,1,1,3,1,0,1,3,2,0,0,1,0,0,0,0,0,0,0,0,0,0,0,0,0,0,0,0,1,1,0,1,0,0,0,0,0,0,0,17,4,8,3,1,0,0,1,6,12,6,2,2,2,1,0,0,3,2,5,0,1,0,0,0,0,0,0,1,0,2,1,0,0,0,0,0,0,0,2,1,3,3,1,0,2,1,0,0,2,0,2,0,0,0,1,0,0,0,1,2,1,0,0,0,0,0,1,0,0,1,2,0,1,1,0,0,0,2,1,1,0,2,1,0,2,0,3,0,1,14,7,7,3,1,1,0,3,5,17,4,2,1,1,0,1,0,1,0,3
201.75,2,1,1,4,1,0,0,1,0,5,0,0,0,0,0,0,0,0,0,0,0,0,0,0,0,1,0,0,0,0,3,1,0,2,1,0,0,0,0,0,0,3,0,1,0,0,0,0,0,4,22,25,10,11,3,6,3,5,10,29,1,0,0,0,0,0,0,0,1,1,1,1,0,0,0,0,0,0,0,0,2,0,0,1,0,0,0,2,5,0,39,37,11,14,7,4,0,5,10,21,1,0,0,0,0,0,0,0,0,0,1,0,0,0,0,0,0,0,0,0,0,0,0,0,0,0,0,0,0,1,2,1,3,0,2,0,0,2,2,2,0,0,0,0,0,0,0,1,0,0,0,0,0,0,0,0,0,0,0,0,1,2,0,3,1,2,0,1,3,4,3,3,0,0,1,1,0,0,1,2,0,0,0,0,0,1,0,1,0,1,0,0,0,1,0,0,1,0,0,0,3,0,0,0,1,0,0,0,0,1,8,14,11,2,3,0,0,2,3,6,7,5,3,2,0,2,0,2,7,7,0,0,1,0,0,0,0,0,0,1,2,0,0,0,0,0,0,0,0,0,5,1,1,1,0,1,0,0,3,3,2,2,0,0,1,0,0,1,3,2,2,2,2,0,0,0,0,0,1,0,3,6,2,0,0,1,0,0,1,4,3,1,3,0,0,0,0,1,1,1,15,9,8,4,0,2,0,1,13,11,2,4,3,3,1,0,0,2,1,4
202.25,2,0,1,1,1,1,0,1,0,2,0,1,0,0,0,0,0,0,0,0,0,0,0,0,0,0,0,0,0,1,2,0,0,0,0,0,0,0,0,1,0,3,2,1,1,0,0,0,3,2,27,19,13,6,0,4,0,3,16,26,1,1,0,0,1,0,0,0,0,4,1,0,0,0,0,1,0,0,2,1,3,3,0,4,2,2,0,2,1,1,48,17,13,10,7,3,1,7,19,22,0,0,0,0,0,0,0,0,0,0,0,0,0,0,0,0,0,0,0,0,0,0,0,0,0,0,0,0,1,1,4,1,2,1,0,0,0,1,1,1,0,0,0,0,0,0,0,0,0,0,1,0,0,0,0,0,0,0,0,0,4,1,3,1,0,1,0,0,3,6,3,3,4,1,0,1,0,0,0,1,1,0,0,0,0,0,0,1,0,2,0,0,0,0,0,0,0,0,1,0,1,0,1,0,0,0,0,0,1,0,21,3,4,6,3,5,0,2,9,9,6,4,0,2,1,0,1,0,2,3,0,0,1,1,0,1,0,0,0,2,2,0,0,0,0,1,0,0,1,1,2,2,0,2,0,3,0,1,3,1,3,0,1,0,0,0,0,1,2,2,0,1,0,0,0,0,0,0,1,1,1,2,2,1,0,0,0,1,2,3,5,0,0,3,0,1,0,0,2,3,12,8,5,8,2,1,0,3,6,4,7,1,1,0,0,0,0,0,5,4
202.75,2,1,1,0,1,0,0,0,1,2,0,0,0,0,0,0,0,0,0,0,0,0,0,0,0,0,0,0,0,0,0,0,0,0,0,1,0,0,0,0,3,2,1,0,0,0,0,0,0,0,31,11,9,7,14,4,3,5,17,32,0,0,0,0,0,0,0,0,1,0,0,1,1,0,0,0,0,0,0,0,1,3,0,0,1,0,0,0,5,6,44,28,16,7,6,6,2,5,20,21,0,0,0,0,0,0,0,0,0,0,0,0,0,0,0,0,0,0,0,0,0,0,0,0,0,0,0,0,0,0,6,4,1,0,0,1,0,0,0,1,0,0,0,0,0,0,0,0,0,0,0,0,0,0,0,0,0,0,0,0,4,0,0,0,0,0,0,1,1,2,10,2,1,3,1,1,0,1,3,2,1,1,0,0,0,0,0,0,0,0,1,0,0,0,0,0,0,0,0,0,1,1,0,0,0,0,0,1,0,1,12,5,5,8,5,3,1,1,5,4,11,8,1,2,1,0,0,0,1,7,1,0,0,0,0,0,0,0,0,0,0,0,0,0,0,0,0,0,2,0,3,2,1,0,0,0,0,0,2,1,2,0,0,0,1,0,0,0,0,0,0,0,0,1,0,0,0,0,2,0,4,2,0,1,0,1,0,1,1,2,3,1,2,1,1,0,0,0,2,3,8,9,3,1,1,1,0,3,7,15,5,0,0,0,0,1,2,1,3,6
203.25,1,0,1,0,1,1,1,0,0,1,0,0,0,0,0,0,0,0,0,0,0,0,0,0,0,0,0,1,0,0,1,1,2,0,0,0,0,1,0,0,4,2,3,1,1,0,1,0,2,9,17,12,14,15,9,4,2,5,22,22,2,1,0,1,0,0,0,0,0,0,0,0,0,1,0,0,0,0,1,1,5,1,2,0,0,1,0,0,1,6,47,13,19,5,5,7,1,3,25,26,0,1,0,0,0,0,0,0,1,0,0,0,0,0,0,0,0,0,0,0,0,0,0,0,0,0,0,0,0,1,3,1,2,2,0,1,0,0,2,2,0,0,0,0,0,0,0,0,0,0,1,0,0,0,0,0,0,0,0,2,6,0,1,0,1,0,0,1,2,6,4,1,2,0,0,0,0,0,2,2,1,0,0,0,0,2,0,0,1,0,0,1,0,0,0,0,0,0,0,1,1,2,1,1,0,0,0,0,0,0,12,8,4,4,4,1,1,2,4,9,5,2,3,4,1,0,0,1,4,4,0,0,0,1,0,0,0,0,0,1,2,3,1,1,0,1,0,0,0,0,4,3,2,0,0,0,0,0,1,2,0,1,1,0,0,0,0,0,0,2,0,0,0,0,1,0,0,0,1,2,6,1,1,1,1,0,0,1,0,4,2,3,0,0,0,0,1,1,4,5,14,8,6,5,2,2,0,3,4,16,6,2,1,0,0,1,0,0,3,2
203.75,5,0,0,1,0,0,0,0,1,0,0,0,0,0,0,0,0,0,0,0,0,1,0,0,0,0,0,0,1,0,2,1,1,1,0,0,0,0,2,0,4,2,3,0,1,0,0,0,1,6,25,13,12,2,3,5,1,4,9,26,0,1,1,0,0,0,0,0,0,1,2,0,2,0,1,0,0,0,1,1,3,1,1,0,0,0,0,0,0,2,49,20,19,12,13,6,0,2,24,30,0,0,0,0,0,1,0,0,0,0,0,0,0,0,0,0,0,0,0,0,1,0,0,0,0,0,0,0,0,0,6,3,1,1,0,0,0,2,1,3,0,0,0,0,0,0,0,0,0,0,0,0,0,0,0,0,0,0,0,0,7,1,2,1,2,1,0,0,1,6,5,3,4,0,1,1,0,1,2,1,0,0,0,0,0,0,0,0,0,1,0,0,0,0,0,0,0,0,1,0,1,1,1,1,1,0,0,1,0,1,18,8,3,6,2,1,0,4,10,7,8,5,2,1,3,0,0,0,3,4,1,0,0,0,0,0,0,0,0,0,1,0,2,0,0,1,0,2,2,0,4,4,2,2,3,0,0,0,2,7,2,1,2,1,1,1,0,0,0,0,2,0,0,0,1,0,0,0,1,3,4,4,0,1,1,2,0,0,3,1,3,1,1,0,1,0,0,1,0,3,11,8,4,6,2,1,0,2,6,13,5,1,0,0,2,0,0,0,1,4
204.25,3,0,1,0,0,2,0,0,0,1,0,0,0,0,0,0,0,0,2,0,0,0,0,0,0,1,0,0,0,1,0,4,1,0,0,0,0,0,0,1,4,0,2,0,1,1,0,1,1,3,22,13,9,6,4,7,0,3,13,26,3,2,0,0,0,2,0,0,0,1,0,2,0,0,0,0,0,1,1,0,3,2,2,0,0,3,0,0,0,1,41,29,25,8,8,4,2,3,31,24,0,0,0,0,0,0,0,0,0,1,0,0,0,0,0,0,0,0,0,0,0,0,0,0,0,0,0,0,1,0,4,1,0,1,1,0,0,0,1,0,0,0,0,0,0,0,0,0,0,0,0,1,0,0,0,0,0,0,0,3,4,4,0,1,1,2,0,0,1,3,7,2,1,1,1,1,0,1,3,3,3,1,1,0,0,0,0,0,0,0,0,0,0,0,0,1,0,0,0,0,2,1,2,0,1,0,0,0,1,1,22,5,5,1,1,3,0,3,3,8,4,5,4,0,1,0,2,0,4,4,0,0,0,0,0,0,0,0,0,0,0,1,1,0,1,0,0,0,0,0,1,1,2,0,0,0,0,1,4,2,0,1,1,0,0,0,0,1,0,4,1,0,1,0,0,0,0,1,0,1,3,0,1,3,0,1,0,0,3,0,5,0,1,1,0,0,0,0,2,0,10,6,7,1,4,0,1,1,8,9,1,3,1,1,0,0,0,0,1,5
204.75,4,2,1,1,1,0,0,1,0,3,0,0,0,0,0,0,0,0,0,0,0,0,0,0,0,0,0,0,0,2,1,0,0,0,0,0,0,0,1,0,2,2,0,0,0,2,0,0,1,1,25,16,11,4,5,6,1,3,16,27,0,0,0,1,0,0,0,0,1,0,4,1,0,0,0,0,0,0,1,1,4,0,2,0,1,1,0,1,1,3,46,21,17,14,11,3,0,3,13,33,0,0,0,0,0,0,0,0,0,0,0,1,0,0,0,0,0,0,0,0,0,0,0,0,0,0,0,0,0,0,5,4,0,1,1,0,0,0,5,1,0,0,0,0,0,0,0,0,0,0,1,0,0,0,0,0,0,0,0,0,6,2,0,0,2,1,0,3,1,3,5,2,3,1,1,1,0,0,0,3,1,0,0,1,0,0,0,2,0,0,0,0,0,0,0,0,0,0,0,0,3,0,0,0,0,1,0,0,0,0,12,6,6,2,3,2,1,0,4,11,9,1,2,2,1,1,0,1,2,7,1,0,0,0,1,0,0,0,0,0,1,0,2,0,0,0,0,0,0,0,2,2,1,3,0,1,0,3,2,1,1,0,1,0,0,1,0,0,1,3,1,1,0,2,0,1,0,0,1,0,7,3,2,1,1,0,0,0,1,5,4,1,1,1,0,0,0,1,0,2,12,3,3,9,3,0,1,3,7,15,4,0,0,1,2,0,0,1,4,1
205.25,4,2,4,0,0,0,0,0,1,5,0,0,0,0,0,0,0,0,0,0,0,0,0,0,0,0,0,0,0,0,0,2,0,1,0,0,0,0,0,1,10,3,2,1,0,0,0,0,3,3,24,11,14,5,6,5,0,5,15,27,3,1,0,0,0,0,0,0,0,0,0,1,1,0,0,0,0,0,1,1,4,0,0,1,0,0,0,1,5,4,35,30,19,12,4,9,2,2,14,15,0,0,0,0,0,0,0,0,0,0,1,0,0,0,0,0,0,0,0,0,0,1,0,0,0,0,0,0,0,1,3,0,0,0,0,0,0,1,0,4,0,0,0,0,0,0,0,0,0,0,1,0,0,0,0,0,0,0,0,0,8,1,0,1,0,0,0,3,1,7,2,1,0,2,1,1,0,0,1,2,2,1,1,2,0,0,0,0,0,0,1,0,0,0,0,0,0,0,1,0,1,0,0,2,0,1,0,0,1,0,13,5,10,3,3,1,0,1,4,8,7,3,1,2,0,2,1,0,5,5,0,0,0,0,0,0,0,0,0,0,2,0,0,0,0,0,0,0,0,0,4,2,0,1,0,1,1,1,1,1,1,0,3,0,0,0,0,1,0,1,1,0,0,0,0,0,0,2,1,1,4,3,3,0,0,0,0,0,4,2,0,3,2,0,0,1,0,0,1,3,11,5,6,1,0,2,2,4,5,21,1,2,0,0,0,2,0,0,0,5
205.75,3,1,1,1,3,0,0,0,1,0,0,0,0,0,0,0,0,0,0,0,0,0,0,0,0,0,0,0,0,0,4,0,0,0,0,0,0,1,1,1,8,2,2,0,0,0,0,0,1,5,20,16,15,8,1,4,1,7,18,30,1,0,0,0,0,0,0,0,0,0,1,0,0,2,0,0,0,0,0,1,3,4,0,0,0,0,0,1,2,5,46,26,16,7,9,6,0,2,21,32,1,0,0,0,0,0,0,0,0,0,0,2,0,0,0,0,0,0,0,0,0,0,0,0,0,0,0,0,0,0,2,2,0,2,0,0,0,1,2,2,0,0,0,0,0,0,0,0,0,0,0,0,0,0,0,0,0,0,0,0,2,5,3,0,0,0,0,1,0,5,5,1,4,2,1,2,0,0,3,1,0,2,0,0,0,0,0,0,2,0,0,0,0,0,0,0,0,0,0,0,3,2,1,0,0,0,0,0,5,0,22,4,10,4,0,0,1,0,4,8,7,5,2,1,2,1,0,2,2,5,1,0,0,0,0,0,0,0,0,0,2,0,0,0,0,0,0,0,1,0,4,2,2,0,0,0,0,1,0,1,2,0,2,0,0,0,0,0,0,1,0,1,0,0,1,0,0,0,0,0,6,1,1,0,1,0,0,1,2,5,1,2,2,0,0,0,0,0,1,2,9,7,2,4,4,2,1,1,5,13,3,2,1,1,0,1,0,1,1,2
206.25,1,1,2,0,0,2,0,1,0,2,0,0,0,0,0,0,0,0,0,0,0,0,0,0,0,0,0,0,1,0,1,0,0,0,0,0,0,0,0,0,3,0,0,1,3,0,0,0,4,3,35,12,7,9,5,2,1,4,13,35,1,0,0,0,0,0,0,0,0,0,1,0,0,0,0,0,0,0,0,0,0,2,1,0,0,0,0,0,0,3,46,31,21,14,5,10,0,2,20,35,0,0,0,0,0,0,0,0,0,0,3,0,0,0,0,0,0,0,1,0,0,0,0,0,0,0,0,0,0,0,1,0,0,2,0,1,0,0,0,3,0,0,0,0,0,0,0,0,0,0,1,0,1,0,0,0,0,0,2,0,12,1,3,0,1,0,0,1,4,7,5,3,5,0,1,0,0,3,3,4,2,0,1,0,0,0,0,1,1,0,0,0,0,0,0,0,0,0,1,0,1,1,0,0,0,0,0,0,0,1,17,13,6,4,1,1,0,0,3,6,5,2,3,0,0,3,0,1,4,5,1,0,1,0,0,0,0,0,0,0,2,0,0,1,0,0,0,0,0,3,5,3,0,0,0,0,0,0,0,4,2,0,0,0,2,2,0,0,0,1,2,0,1,0,0,0,0,1,0,1,6,2,1,1,1,0,0,0,2,1,0,2,1,0,1,0,0,0,1,2,9,8,3,2,7,3,0,1,3,10,3,3,2,1,0,0,0,0,0,4
206.75,2,2,2,1,0,1,0,1,1,1,0,0,0,0,0,0,0,0,0,1,0,0,0,0,0,0,0,1,0,0,0,1,0,0,0,0,0,0,0,1,4,2,2,2,2,0,0,0,3,1,22,11,15,8,6,7,2,4,25,24,0,1,0,0,0,0,0,0,0,0,1,2,0,0,0,0,0,0,1,0,4,1,1,0,0,1,0,2,3,2,43,25,16,9,9,9,1,4,19,29,0,0,0,0,0,0,0,0,0,0,1,0,0,0,0,0,0,0,0,0,0,0,0,0,0,0,0,0,0,0,4,4,1,0,0,0,0,0,2,7,0,0,0,0,0,0,0,0,0,0,1,0,0,0,0,0,0,0,0,1,3,2,2,3,0,1,1,1,1,5,4,1,4,4,1,1,0,2,2,1,0,3,0,0,0,0,0,0,0,0,0,0,0,0,0,0,0,0,0,1,2,1,0,0,0,0,0,0,1,1,19,8,6,6,3,2,0,1,2,3,2,3,2,3,2,0,0,1,3,9,0,1,1,0,0,1,0,0,0,1,5,0,2,3,0,0,0,1,0,0,4,0,4,0,1,0,0,1,1,1,0,0,1,0,1,0,0,0,2,3,0,1,0,0,0,1,0,0,1,3,2,4,2,0,0,1,0,0,1,0,6,3,0,1,2,1,0,0,2,2,17,10,6,1,2,2,0,3,7,11,3,4,1,0,1,0,0,0,3,1
207.25,4,1,1,0,1,0,2,0,1,2,0,0,0,0,0,0,0,0,0,1,0,0,0,0,0,0,0,0,0,1,1,1,1,0,0,0,0,0,1,1,4,1,0,0,1,1,0,0,3,4,26,10,15,4,8,6,1,5,16,32,0,2,0,0,0,0,0,0,2,0,0,3,3,0,0,0,0,0,0,0,2,6,2,0,1,0,0,0,3,1,43,26,19,9,7,7,0,9,37,34,0,1,0,0,0,0,0,0,0,0,0,0,0,0,0,0,0,1,0,2,0,0,0,0,0,0,0,0,0,2,5,1,1,0,0,1,0,0,1,3,0,0,0,0,0,0,0,0,0,0,0,1,0,1,0,0,0,0,0,1,6,3,1,0,0,1,0,1,6,4,3,1,2,3,3,1,0,0,2,1,0,1,0,0,0,0,0,0,0,0,0,1,0,0,0,0,0,0,0,0,1,4,3,1,0,1,0,0,0,0,22,14,10,4,0,1,1,2,9,4,8,5,1,1,2,1,0,2,5,3,2,0,0,0,0,0,0,0,0,1,2,3,0,0,0,1,0,0,0,1,2,2,1,0,2,0,0,0,1,3,4,1,1,1,0,0,0,0,2,0,0,0,0,0,0,0,0,0,0,1,5,2,2,0,3,0,0,2,1,2,0,2,2,0,1,0,0,2,2,1,19,8,7,2,3,2,0,2,9,6,1,2,0,0,1,0,0,2,2,4
207.75,2,4,0,0,0,0,1,1,2,4,0,0,0,0,0,0,0,0,0,0,0,0,0,0,0,0,0,0,0,1,2,0,1,0,0,0,0,0,1,0,4,1,1,0,0,3,1,1,1,2,30,15,15,7,6,3,0,8,11,22,1,0,0,0,0,0,0,0,1,1,2,0,0,1,1,1,0,0,1,0,4,2,1,0,0,0,0,0,1,4,43,28,13,7,11,10,1,9,20,28,0,0,0,0,0,0,0,0,0,0,0,0,0,0,0,0,0,0,1,1,0,0,0,0,0,0,0,0,0,1,5,1,3,0,0,0,0,0,3,1,0,0,0,0,0,0,0,0,0,0,0,0,1,0,0,0,0,0,0,0,7,3,1,3,1,1,0,0,1,5,3,2,4,0,2,5,0,0,1,5,0,0,0,0,0,0,0,0,0,0,1,0,0,0,0,0,1,0,0,1,1,1,0,0,1,0,0,0,2,1,22,7,6,7,2,5,1,1,9,10,10,3,0,3,0,2,0,1,4,4,0,0,0,0,0,0,0,0,0,1,3,0,0,0,0,0,0,0,1,0,2,4,0,1,2,0,0,0,3,3,0,1,0,1,0,0,0,0,0,1,2,1,0,0,0,0,0,0,0,1,4,2,0,0,0,3,0,1,1,1,3,1,1,0,1,0,0,0,4,0,16,8,6,1,1,2,0,3,10,13,2,2,5,1,1,0,0,0,0,2
208.25,2,2,1,0,0,2,0,0,1,1,0,0,0,0,0,0,0,0,0,1,0,0,0,0,0,0,0,0,0,0,3,1,1,0,0,0,0,0,0,1,0,4,5,0,2,0,0,2,0,2,19,18,9,8,8,5,0,7,11,27,2,1,1,0,0,0,0,0,1,1,0,0,0,0,0,0,0,0,4,0,5,2,1,0,1,0,1,1,4,2,55,26,15,18,6,4,1,4,21,25,1,0,0,0,0,0,0,0,1,0,0,0,0,0,0,0,0,0,0,0,0,0,0,0,0,0,0,0,0,0,2,4,2,0,0,0,0,0,1,4,0,0,0,0,0,0,0,0,0,0,1,0,0,0,0,0,0,0,0,0,3,6,3,1,2,2,0,0,3,5,1,2,2,2,1,1,0,0,5,1,1,0,0,0,0,0,0,0,1,0,0,0,0,0,0,0,0,0,0,0,1,0,0,0,0,0,0,0,3,0,16,9,5,4,2,1,0,2,8,5,9,4,6,1,1,1,0,0,2,10,0,0,0,0,0,0,0,0,0,1,0,1,1,0,0,0,0,0,0,1,2,4,1,1,1,1,0,2,2,5,0,2,0,0,1,0,0,1,1,1,1,0,0,0,1,0,0,0,1,0,3,2,0,1,1,0,0,0,1,3,2,1,0,1,0,0,0,0,2,2,17,12,7,2,1,2,0,1,3,7,3,1,0,1,2,1,0,0,2,1
208.75,5,2,0,0,0,0,0,0,3,0,0,0,0,0,0,0,0,0,0,0,2,0,0,0,0,0,0,1,0,0,1,1,1,1,1,0,0,0,2,0,5,3,1,0,2,2,0,1,1,3,23,15,8,6,6,12,1,5,19,25,3,1,0,0,1,0,0,0,1,2,1,0,0,0,0,1,0,0,0,0,4,1,1,2,1,0,0,2,2,2,49,26,28,7,7,7,1,8,21,24,1,0,0,0,0,0,0,0,0,0,0,0,0,0,0,0,0,0,0,0,0,0,0,0,0,0,0,0,1,0,3,8,3,2,1,0,0,0,2,0,0,0,0,0,0,0,0,0,0,0,0,0,1,0,0,0,0,0,0,1,5,3,2,1,1,0,0,0,2,1,4,0,2,0,2,0,3,1,0,4,0,0,0,0,0,0,0,0,0,0,0,0,0,0,0,0,0,0,1,1,0,0,0,0,0,1,0,0,2,0,25,13,5,5,6,1,1,0,11,7,5,7,3,2,2,3,0,0,4,4,0,0,0,0,0,0,0,0,0,0,0,2,2,0,0,0,0,0,2,0,6,0,2,0,1,2,0,0,3,6,0,2,0,0,0,1,0,0,1,2,1,2,0,0,0,1,0,0,0,1,4,2,3,1,0,0,0,2,2,3,5,2,1,1,0,0,0,1,1,3,21,4,5,8,4,2,0,1,7,9,5,1,1,1,0,0,0,0,2,2
209.25,3,1,0,1,1,0,0,1,1,4,0,0,0,0,0,0,0,0,0,0,0,0,0,0,0,0,0,0,0,0,2,0,0,0,0,0,0,0,3,1,2,2,3,1,0,0,0,1,1,3,18,14,14,8,6,2,0,7,10,28,3,2,0,0,1,0,0,0,1,1,2,0,0,0,0,0,0,0,0,0,7,5,1,1,1,0,1,0,2,3,52,25,26,8,6,15,0,5,30,24,1,0,0,0,0,0,0,0,1,0,0,0,0,0,0,0,0,0,0,0,0,0,0,0,0,0,0,0,0,0,11,4,1,0,1,0,0,0,3,2,0,0,0,0,0,0,0,0,0,0,1,1,0,0,0,0,0,0,0,0,10,8,1,2,1,2,0,0,4,7,3,2,3,0,2,1,0,0,1,1,1,0,0,0,0,0,0,0,1,0,0,0,0,0,0,0,0,0,1,0,1,0,0,0,0,0,0,0,3,1,19,10,13,1,3,4,0,2,17,8,7,3,2,2,0,2,0,1,7,6,1,0,0,0,0,0,0,0,0,0,6,0,2,1,1,0,0,0,1,1,4,3,1,0,1,0,0,0,3,6,1,0,0,1,0,1,0,0,1,2,0,0,0,0,0,0,0,0,0,1,6,0,1,2,0,1,0,2,3,2,3,3,0,0,0,1,0,0,1,3,13,8,4,0,4,2,0,0,17,12,4,5,2,0,0,1,1,1,3,1
209.75,1,2,1,0,0,1,0,0,2,1,0,0,0,0,0,0,0,0,0,0,0,0,1,0,0,0,0,0,0,0,4,2,1,1,0,0,0,0,0,0,13,3,1,1,0,1,0,1,3,2,18,21,13,5,3,3,2,5,14,17,3,0,2,1,0,0,0,0,0,0,1,1,0,0,0,0,0,1,1,3,6,3,0,0,0,2,0,0,4,1,39,24,16,12,14,11,1,2,36,28,0,0,0,0,0,0,0,0,0,0,0,0,0,0,0,0,0,0,0,0,0,0,0,0,0,0,0,0,0,0,4,2,0,0,2,2,0,2,2,3,0,0,0,0,0,0,0,0,0,0,0,0,0,0,0,0,0,0,0,0,3,2,1,0,0,0,0,0,6,5,4,0,0,4,0,1,0,0,1,2,0,0,0,0,0,0,0,0,0,0,0,0,0,0,0,0,0,0,0,0,2,3,0,1,0,0,0,1,1,2,25,14,12,3,3,4,0,4,12,9,9,4,1,3,2,0,0,3,4,7,4,0,0,1,0,0,0,0,0,0,1,0,1,1,1,0,0,1,2,2,5,2,3,1,0,0,0,2,0,2,1,1,0,0,0,1,0,0,2,0,0,0,0,0,0,0,0,0,0,1,8,2,3,1,1,1,0,0,1,4,2,2,1,0,0,2,0,1,4,4,11,13,12,1,0,4,0,4,5,12,4,2,2,0,1,0,0,1,2,5
210.25,3,1,2,0,1,0,1,0,4,0,0,0,0,0,0,0,0,0,0,0,0,1,0,0,0,0,0,0,0,0,0,1,0,2,0,1,0,0,0,1,5,0,0,1,0,1,0,2,0,4,18,9,4,7,3,6,0,5,14,34,1,1,1,0,0,0,0,0,2,0,1,0,0,0,0,0,0,0,2,1,2,1,1,0,1,1,0,0,1,2,51,27,27,7,4,8,0,6,33,27,0,0,0,0,0,0,0,0,0,1,1,0,0,0,0,0,0,0,0,1,0,0,0,0,0,0,0,0,0,0,5,5,1,2,2,0,0,0,2,2,0,0,0,0,0,0,0,0,0,0,0,0,0,0,0,0,0,1,1,1,4,4,3,0,1,0,1,0,2,0,7,1,2,1,1,1,0,0,1,2,3,0,0,0,0,0,0,0,0,2,1,0,0,0,0,0,0,0,0,1,0,2,1,0,0,0,0,1,0,0,21,15,7,7,1,6,0,0,7,8,5,1,0,2,1,0,1,0,4,9,0,1,0,0,0,0,0,0,0,0,4,0,0,0,0,0,0,0,0,1,5,1,0,0,0,0,0,0,3,3,0,0,0,0,2,0,0,1,0,2,1,1,1,0,0,1,0,0,0,0,5,3,3,0,1,0,0,0,1,4,4,1,1,1,0,0,0,1,1,4,19,9,6,4,3,1,0,4,17,11,2,2,0,3,1,1,0,1,1,1
210.75,2,0,0,0,0,1,0,0,3,2,0,0,0,0,0,0,0,0,0,0,2,0,0,0,0,0,0,0,0,0,1,0,0,0,0,0,0,0,2,1,7,3,4,1,1,0,0,0,4,3,26,14,8,4,3,3,1,7,17,21,1,0,1,1,0,0,0,0,0,2,0,0,0,0,0,0,0,0,0,0,1,0,0,2,0,0,0,0,4,4,59,35,13,6,6,7,2,6,17,27,0,0,0,0,0,0,0,0,0,0,0,0,0,0,0,0,0,0,0,0,0,0,0,0,0,0,0,0,0,0,2,2,1,1,0,1,1,1,3,2,0,0,0,0,0,0,0,0,0,0,1,1,1,0,1,0,0,0,0,0,7,1,1,0,3,0,0,1,4,2,3,2,1,1,0,3,0,1,2,2,1,0,1,1,0,0,0,0,1,0,0,0,0,0,0,0,0,0,0,2,1,1,0,0,0,0,0,0,0,3,25,11,10,3,6,2,0,2,8,7,5,3,5,1,0,0,0,3,6,6,0,0,0,0,0,0,0,0,2,1,1,0,0,0,0,1,0,0,0,0,4,3,1,2,0,0,0,0,3,0,3,1,0,0,0,2,0,0,0,1,1,0,0,0,0,0,0,1,0,0,2,2,0,3,0,0,0,1,4,2,3,1,2,4,0,0,0,0,0,5,11,1,7,4,6,3,0,3,12,15,4,4,1,0,0,0,0,2,1,2
211.25,4,2,1,1,0,0,0,0,1,2,0,0,0,0,0,0,0,0,0,0,0,0,0,0,1,0,0,0,1,0,1,0,2,0,0,0,0,0,1,0,6,3,1,0,1,0,0,1,1,2,15,12,16,5,6,5,1,3,11,32,0,1,0,0,0,0,0,0,0,2,1,0,0,0,0,0,0,0,0,0,2,1,1,0,0,0,0,0,1,1,64,26,25,15,8,8,1,3,22,28,0,0,0,0,0,0,0,0,0,0,0,0,0,0,0,0,0,0,0,0,0,0,0,0,0,0,0,0,0,0,5,3,5,0,0,2,0,1,3,3,0,0,0,0,0,0,0,0,0,0,0,0,0,0,0,0,0,0,0,0,4,3,4,1,1,0,0,2,1,7,4,3,2,0,2,2,0,1,2,3,0,0,0,0,1,0,0,0,2,0,0,0,1,0,0,0,0,0,0,0,2,0,1,0,1,0,0,0,3,1,22,6,5,3,1,8,0,3,10,2,2,4,3,1,1,2,0,0,4,2,0,0,0,0,0,0,0,0,0,1,1,2,1,0,0,0,0,0,0,0,3,2,2,1,0,1,0,1,2,3,0,0,0,0,0,0,1,1,1,1,3,0,1,1,0,0,0,0,2,0,4,3,0,1,1,0,0,2,0,3,2,0,4,0,0,1,0,0,0,2,16,6,4,2,3,4,0,0,4,11,6,1,2,0,0,0,0,0,0,3
211.75,2,1,3,0,0,0,0,0,0,0,0,0,0,0,0,0,0,0,0,0,0,1,0,0,0,0,0,0,0,0,2,1,0,0,0,0,0,0,0,0,7,2,3,1,2,0,0,0,1,4,25,13,10,10,2,7,2,7,21,25,2,1,0,0,0,0,1,0,1,0,1,1,0,0,0,0,0,0,0,1,2,2,2,1,0,1,0,0,0,4,72,27,22,10,7,12,1,11,25,28,0,0,0,0,0,0,0,0,0,0,1,1,0,0,0,0,0,0,0,0,0,0,0,0,0,0,0,0,0,0,4,3,1,0,1,0,0,1,0,4,0,0,0,0,0,0,0,0,0,0,0,0,0,0,0,1,0,0,0,0,6,4,1,0,0,2,0,2,1,9,3,0,0,0,1,1,0,0,0,4,0,0,1,0,0,0,0,0,0,4,0,0,0,0,0,0,0,0,0,0,1,0,0,0,0,1,0,0,0,1,27,17,8,4,3,1,1,2,4,13,5,5,4,1,4,0,1,0,5,3,1,2,0,0,0,0,0,0,1,0,3,0,2,0,0,1,0,0,0,2,5,1,0,2,0,0,0,0,2,1,1,1,0,0,0,0,0,1,3,1,0,1,1,0,0,0,0,0,0,0,5,5,1,1,1,0,0,0,4,1,3,2,2,1,0,2,0,0,1,1,23,7,8,2,3,5,1,1,7,11,8,4,3,0,0,0,0,0,0,5
212.25,2,3,1,0,3,1,0,1,0,0,0,0,0,0,0,0,0,0,0,0,0,1,1,0,0,0,0,0,0,1,1,0,0,0,1,0,0,0,1,3,5,3,2,3,0,1,0,0,1,3,23,11,14,6,3,4,0,5,15,27,3,0,0,0,0,0,0,0,1,0,1,0,0,0,0,0,0,0,0,1,4,1,2,0,0,1,0,1,3,0,57,33,23,19,4,5,1,8,23,26,0,0,0,0,0,0,0,0,0,0,0,0,0,0,0,0,0,0,0,0,0,0,0,0,0,0,0,0,0,0,6,1,6,0,0,0,0,0,5,4,0,0,0,0,0,0,0,0,0,0,1,1,0,0,0,0,0,0,0,1,7,1,1,0,3,0,0,2,5,2,2,3,3,4,0,0,0,1,2,1,1,1,1,1,0,0,0,0,0,0,0,0,0,0,0,0,0,0,0,0,1,1,0,1,0,0,1,0,0,1,19,12,3,4,6,3,1,0,13,7,10,4,2,0,2,0,0,4,4,2,0,0,0,0,0,0,0,0,0,1,1,1,0,4,2,0,0,0,0,2,2,2,1,0,0,0,0,0,3,4,2,4,1,0,0,0,0,0,0,1,1,0,0,0,0,0,0,0,1,0,3,2,2,0,0,0,0,2,0,3,4,0,0,0,0,0,0,1,7,4,18,15,5,4,5,3,0,5,7,13,3,2,3,1,2,0,0,0,1,3
212.75,2,2,2,0,0,0,0,0,1,0,0,0,0,0,0,0,0,0,0,0,1,0,0,0,0,1,0,0,0,0,2,1,0,0,0,0,0,0,1,0,9,3,1,1,2,1,0,1,4,3,21,17,12,16,4,3,1,3,9,24,1,1,1,0,0,0,0,1,1,0,2,1,1,0,0,0,0,0,1,1,5,1,2,1,0,0,0,3,4,4,57,32,28,10,7,4,1,9,29,26,0,0,0,0,0,0,0,0,0,0,0,0,0,0,0,0,0,0,1,0,0,0,0,0,0,0,0,0,0,0,9,2,2,0,0,1,0,1,7,0,0,0,0,0,0,0,0,0,0,0,2,0,0,1,0,0,0,0,0,0,3,2,7,0,2,1,0,0,2,5,4,3,2,1,4,0,0,0,1,3,1,0,1,0,0,0,0,0,1,0,1,0,0,0,0,0,0,1,0,0,1,0,0,0,1,0,0,0,1,2,26,10,11,3,0,2,0,3,12,9,5,2,4,1,1,3,0,1,3,2,0,1,0,0,0,0,0,0,0,1,3,2,0,0,0,0,0,1,0,0,4,1,0,0,0,1,0,0,3,1,3,2,1,0,0,0,0,0,1,3,1,0,0,0,0,0,0,0,0,0,4,3,0,1,0,1,0,1,7,2,4,1,3,0,0,0,0,0,2,2,18,11,10,1,1,2,1,3,8,10,6,1,3,2,2,2,0,1,0,0
213.25,4,2,2,2,1,1,0,0,2,0,0,0,0,0,0,0,0,0,0,0,0,0,0,0,0,0,0,0,0,1,1,2,0,0,0,0,0,0,1,0,4,3,1,2,2,1,0,1,3,2,16,11,5,5,2,4,3,3,13,31,0,1,0,1,0,0,0,0,0,2,2,1,2,0,1,0,0,0,0,1,4,1,1,1,0,0,0,0,1,3,67,31,20,7,10,4,0,3,20,29,0,1,0,0,0,0,0,0,0,1,0,0,1,0,0,0,0,0,0,0,0,0,0,0,0,0,0,0,0,0,6,0,5,0,1,0,0,0,2,5,0,0,0,0,0,0,0,0,0,0,1,1,0,0,0,0,0,0,0,1,8,0,7,2,1,0,0,0,4,5,4,3,0,0,2,3,0,1,5,5,3,0,0,0,0,0,0,0,0,0,0,0,0,0,0,0,0,0,0,1,0,0,1,0,0,0,0,0,0,1,20,11,7,1,8,2,0,0,14,15,5,1,2,1,0,1,0,0,4,9,0,0,0,1,0,0,0,0,1,0,1,3,0,1,0,0,0,0,0,1,0,4,0,3,2,0,0,0,1,2,3,1,0,1,1,0,0,2,0,3,0,1,0,0,0,0,1,0,0,1,5,4,2,1,0,1,0,0,0,4,3,1,5,1,0,0,0,1,0,3,14,11,9,5,3,3,1,0,11,13,7,2,1,1,0,0,0,1,3,3
213.75,3,0,1,1,3,0,0,0,1,4,0,0,0,0,0,0,0,0,0,0,2,0,0,0,0,0,0,1,1,0,1,0,2,0,0,0,0,0,1,2,1,0,2,1,1,3,0,1,1,4,31,12,7,9,4,9,0,7,14,26,4,0,2,1,0,0,0,0,0,1,3,1,0,0,1,0,0,0,1,0,3,2,2,2,0,0,0,0,2,2,66,25,26,17,8,8,1,9,41,36,0,0,0,0,0,0,0,0,0,0,0,0,0,0,0,0,0,0,0,1,0,0,0,0,0,0,0,0,0,0,6,2,1,4,1,1,0,1,2,2,0,0,0,0,0,0,0,0,0,0,1,1,0,0,0,0,0,0,0,1,8,3,2,0,1,1,0,1,2,4,7,2,1,0,0,1,1,1,2,3,1,0,0,0,0,0,0,1,0,3,0,0,0,0,0,0,0,0,0,1,2,0,0,0,0,0,0,1,1,1,26,10,10,2,5,6,1,1,6,15,5,7,3,1,1,1,0,2,3,6,1,0,0,0,0,0,0,0,1,0,4,3,3,0,0,0,0,0,1,0,4,2,3,0,0,0,0,1,4,2,0,0,1,0,0,0,1,0,1,1,1,0,0,0,0,0,0,0,1,0,5,1,0,0,0,0,0,2,3,2,6,0,2,1,0,0,1,0,3,3,15,8,9,3,2,6,0,0,3,10,3,1,1,3,1,1,0,0,2,1
214.25,3,3,0,1,0,0,1,0,2,3,0,0,0,0,0,0,0,0,0,0,0,0,1,0,0,0,0,0,0,0,2,0,1,0,0,0,0,1,1,0,5,3,3,0,0,1,0,0,1,4,23,9,9,3,2,1,0,6,14,17,4,0,2,0,0,1,0,0,0,3,0,2,0,0,0,0,0,0,0,2,3,2,2,1,1,0,1,1,3,3,73,29,31,14,11,5,2,4,29,37,0,0,0,0,0,0,0,0,0,0,0,0,0,0,0,0,0,0,0,0,0,0,0,0,0,0,0,0,0,0,8,1,0,1,1,0,0,2,4,5,0,0,0,0,0,0,0,0,0,0,1,0,0,0,0,0,0,0,1,0,5,1,2,1,0,2,1,0,3,2,4,0,3,0,0,0,0,0,0,0,2,0,1,0,0,0,0,0,1,0,0,1,0,0,0,0,0,0,0,0,0,0,0,0,0,0,0,0,0,2,26,11,10,10,3,2,2,4,8,15,4,4,2,2,4,1,1,1,0,11,0,0,0,0,0,0,0,0,0,2,6,1,1,1,0,0,0,0,1,1,6,3,2,0,0,1,0,0,0,3,2,1,2,0,0,1,0,0,0,1,0,1,1,0,0,0,0,0,1,1,6,2,1,0,0,0,0,0,4,3,5,1,1,2,0,0,0,0,0,3,11,7,3,5,7,0,0,2,10,14,4,3,5,2,0,2,0,1,5,2
214.75,1,0,1,0,2,0,0,0,2,1,0,0,0,0,0,0,0,0,0,0,0,0,0,0,0,0,0,0,0,0,2,1,2,0,0,0,0,0,0,1,8,5,1,1,1,2,0,1,2,3,28,10,8,5,3,4,3,3,8,16,5,3,1,1,1,0,0,0,1,0,4,1,1,1,0,0,0,0,2,2,4,2,1,0,0,1,0,0,1,3,75,42,21,11,5,6,2,5,21,23,0,0,0,0,0,0,0,0,0,0,0,0,0,0,0,0,0,0,0,0,0,0,0,0,0,0,0,0,0,1,6,3,2,2,0,0,0,0,3,2,0,0,0,0,0,0,0,0,0,0,2,2,0,0,0,0,0,0,3,0,4,7,5,1,0,3,0,1,3,1,3,4,2,1,0,0,0,0,2,3,3,0,0,0,0,0,0,0,0,0,1,0,0,0,0,0,0,0,0,0,0,1,0,0,1,1,0,0,1,1,25,11,12,5,5,4,0,2,9,17,6,6,2,1,0,2,0,0,4,2,1,0,0,0,0,0,0,0,0,0,2,0,1,1,0,1,0,0,2,1,4,4,2,1,0,0,0,0,1,2,1,2,0,1,0,0,0,0,1,1,2,0,0,0,0,0,0,0,0,0,9,1,0,0,0,0,0,0,4,2,3,2,8,2,1,0,0,0,0,5,16,10,6,4,2,2,0,1,5,8,6,0,2,1,2,1,0,0,3,3
215.25,3,3,0,0,0,4,0,0,0,2,0,0,0,0,0,0,0,0,0,0,0,0,1,0,0,0,0,0,1,0,3,0,0,2,0,1,0,1,0,0,4,7,5,0,0,1,0,0,2,3,29,13,5,3,2,1,1,4,5,29,4,1,2,1,0,1,0,0,2,0,1,3,0,1,1,0,0,0,0,0,3,4,2,0,2,0,0,1,0,2,69,39,25,10,7,5,0,5,20,35,1,0,0,0,0,0,0,0,0,0,0,0,0,0,1,0,0,1,0,0,0,0,0,0,0,0,0,0,0,0,10,2,0,0,0,0,0,3,0,2,0,0,0,0,0,0,0,0,0,0,0,1,0,0,0,0,0,0,0,0,11,6,5,2,1,0,1,1,6,5,3,1,3,0,0,1,0,1,5,5,2,1,2,0,0,0,0,0,0,0,1,0,1,0,0,0,0,0,0,0,2,0,0,0,1,0,0,0,0,2,26,6,9,7,2,6,0,1,10,9,6,6,3,5,0,0,0,3,0,7,0,0,0,0,0,0,0,0,0,2,1,1,0,0,0,0,0,0,3,1,2,2,2,0,0,3,0,1,2,1,3,0,2,1,2,1,0,0,1,1,2,0,0,0,0,0,0,0,0,1,5,3,1,1,1,0,0,0,5,0,3,4,1,3,0,0,1,0,0,1,16,4,4,2,6,1,0,2,4,14,4,4,0,2,0,0,0,0,1,4
215.75,3,2,1,0,0,0,0,0,0,0,0,0,0,0,0,0,0,0,0,0,1,0,0,0,1,0,0,0,0,0,0,1,0,4,0,0,0,0,0,1,12,4,1,4,4,3,0,0,4,2,25,10,12,4,3,3,2,3,21,26,1,2,2,1,0,0,0,1,2,0,1,1,1,0,0,1,0,0,2,0,5,3,3,0,1,0,1,0,1,5,64,35,11,13,10,6,1,7,29,31,0,0,0,0,0,0,0,0,0,0,1,1,0,0,0,0,0,0,0,0,0,0,0,0,0,0,0,0,0,0,2,4,5,2,1,0,0,0,4,1,0,0,0,0,0,0,0,0,0,0,1,0,0,0,0,0,0,0,0,0,7,2,3,2,3,0,0,2,4,4,4,2,1,0,1,1,0,0,1,2,0,0,0,0,0,0,0,0,0,0,1,0,1,0,0,0,0,0,0,0,3,1,0,0,0,0,0,0,0,1,24,16,12,6,2,3,0,3,8,11,10,6,1,2,1,3,0,1,6,3,0,2,0,0,0,0,0,0,0,0,5,1,3,2,0,0,0,0,2,1,5,2,2,0,0,1,0,2,3,1,4,0,0,0,0,0,0,1,2,1,3,0,0,0,0,0,0,1,1,3,2,4,1,0,1,0,0,1,2,1,4,4,1,1,2,0,0,0,3,2,14,4,6,2,3,6,0,2,9,18,3,0,4,0,0,1,0,1,2,4
216.25,4,1,1,0,0,0,0,0,3,3,0,0,0,0,0,0,0,0,0,0,2,0,0,0,0,0,0,1,0,1,0,1,2,0,0,0,0,0,0,2,8,4,1,1,1,2,1,0,6,4,27,14,16,8,7,7,0,3,3,22,1,1,2,0,0,0,0,1,1,2,0,1,3,1,0,0,0,0,0,0,8,8,3,3,0,0,0,0,3,2,74,41,22,11,9,9,0,7,29,31,0,0,1,0,0,0,0,0,0,0,0,0,0,0,0,0,0,0,0,0,1,0,0,0,0,0,0,0,0,0,7,2,3,1,0,2,0,1,3,3,0,0,0,0,0,0,0,0,0,0,1,1,0,0,0,0,0,0,1,2,4,3,4,2,0,5,0,1,0,6,2,1,0,0,0,2,1,1,3,0,1,1,1,0,0,0,0,0,0,4,1,0,0,1,0,0,0,0,1,0,1,0,1,0,0,0,0,0,2,1,26,10,7,3,3,5,0,1,15,11,1,2,5,1,0,1,1,0,7,5,0,0,1,0,0,0,1,0,1,0,3,1,1,0,1,1,0,0,4,1,5,1,2,1,1,0,0,0,3,2,3,1,0,1,0,1,0,0,0,0,0,1,1,1,0,0,0,0,0,0,3,6,0,1,1,1,0,0,2,3,2,3,1,1,2,0,0,1,3,0,14,7,5,3,1,4,1,2,7,14,5,2,3,1,1,0,0,1,2,3
216.75,5,5,3,0,2,0,0,0,1,1,0,0,0,0,0,0,0,0,0,0,1,0,0,0,0,0,0,0,0,0,0,0,0,1,0,0,0,0,2,0,4,9,3,0,2,0,0,0,0,3,28,14,5,4,7,3,0,2,12,20,2,0,1,0,1,0,0,0,1,2,3,0,0,0,2,0,0,0,1,0,3,1,2,1,0,0,0,3,3,6,71,31,24,15,11,9,0,4,34,36,1,0,0,0,0,0,0,0,0,0,0,0,0,0,0,0,0,0,1,0,0,0,0,0,0,0,0,0,0,0,8,6,3,2,0,0,0,1,1,3,0,0,0,0,0,0,0,0,0,0,3,2,0,0,0,0,0,2,0,0,8,4,1,6,1,2,0,1,4,3,2,1,0,0,1,2,0,0,0,8,3,0,2,0,1,0,0,0,0,0,2,0,0,0,0,0,0,0,0,0,1,1,2,0,0,0,0,0,0,3,28,19,8,7,1,2,2,4,9,14,7,1,2,0,0,1,0,3,4,8,1,1,1,0,0,0,0,0,0,0,1,2,0,1,0,0,0,0,0,2,5,3,2,1,0,0,0,2,1,5,3,1,1,0,0,0,0,0,2,4,2,0,0,0,0,0,0,0,0,0,5,4,7,1,0,1,0,0,4,3,4,1,0,0,0,0,0,1,2,1,11,10,7,4,5,3,0,0,6,6,3,1,2,1,1,2,0,0,1,1
217.25,2,2,3,1,0,1,0,0,0,2,0,0,0,0,0,0,0,0,0,0,1,0,0,0,0,0,0,0,0,0,1,0,0,0,0,0,0,1,1,2,4,3,2,1,0,2,0,2,6,1,30,17,8,3,6,4,1,4,15,27,1,0,2,0,0,0,0,0,0,0,2,0,1,1,0,0,0,0,1,0,5,3,1,0,2,0,0,1,1,2,75,35,32,12,8,13,0,6,37,29,1,0,1,0,0,0,0,0,0,0,0,0,0,0,0,0,0,0,0,0,0,0,0,0,0,0,0,0,0,0,4,4,6,3,2,1,0,1,3,0,0,0,0,0,0,0,0,0,0,0,0,1,1,0,0,0,0,0,0,1,4,7,3,2,2,2,0,0,2,5,6,4,1,0,0,1,0,1,2,3,3,0,0,1,2,0,0,0,0,0,0,0,0,0,0,0,0,0,0,0,0,2,1,0,0,0,0,0,0,1,32,16,20,4,2,1,1,1,8,10,9,6,2,2,1,2,0,0,4,9,0,0,0,0,0,0,0,0,0,0,3,1,1,0,0,0,0,0,1,0,5,3,4,0,0,0,0,0,1,4,5,2,0,0,0,0,0,0,0,1,0,0,0,0,0,0,0,0,1,2,3,2,2,0,0,2,0,1,5,7,4,2,1,0,2,0,0,0,0,1,25,6,7,2,2,1,0,2,13,5,4,5,2,1,1,1,0,0,7,3
217.75,2,3,2,1,3,2,0,0,3,3,0,0,0,0,0,0,0,0,0,0,0,0,0,0,0,0,0,0,0,0,0,1,1,0,0,0,0,0,1,1,7,4,1,2,0,0,0,2,3,3,27,17,15,5,6,4,1,8,12,22,1,1,2,1,1,0,0,0,3,2,0,3,0,0,0,0,0,0,0,1,4,1,1,3,1,1,0,0,2,1,78,28,22,12,13,7,2,7,41,37,2,1,1,1,0,0,0,0,0,0,0,0,0,0,0,0,0,0,0,0,0,0,0,0,0,0,0,0,0,0,9,2,4,0,1,2,0,0,4,2,0,0,0,0,0,0,0,0,0,0,1,0,0,1,0,0,0,0,0,0,6,1,2,3,1,0,0,2,4,4,9,2,2,3,0,0,0,1,4,1,0,2,0,0,0,0,0,0,0,2,1,0,0,0,0,0,0,0,0,0,3,0,0,0,0,0,0,0,1,1,22,13,6,7,3,2,1,1,15,16,9,5,6,0,0,0,0,0,1,6,3,0,1,0,0,0,0,0,0,0,4,1,0,0,1,0,0,0,2,0,8,3,1,1,2,0,0,0,0,2,2,1,0,0,0,0,0,0,1,8,0,3,0,0,0,0,0,0,0,0,4,4,1,0,1,0,0,1,4,2,5,2,3,1,3,1,0,0,2,3,15,15,11,1,0,9,0,3,6,17,6,3,1,1,1,2,0,0,1,3
218.25,7,1,0,0,0,2,0,0,0,0,0,0,0,0,0,0,0,0,0,0,1,0,0,0,0,0,0,0,0,0,3,1,1,0,1,0,0,0,0,1,9,1,3,1,1,0,0,2,6,4,26,18,10,6,2,4,1,2,14,19,3,3,0,1,0,0,0,0,2,0,0,0,1,1,1,0,0,0,1,1,1,3,1,0,0,4,0,0,3,4,65,34,24,15,8,6,0,6,35,39,1,1,1,0,0,0,0,0,0,1,0,0,0,0,0,0,0,0,0,0,0,0,0,0,0,0,0,0,0,0,4,0,3,1,2,1,0,0,2,3,0,0,0,0,0,0,0,0,0,0,1,0,0,0,0,0,0,0,1,0,8,4,2,2,1,3,0,0,2,3,2,6,2,3,0,0,0,1,1,3,2,0,0,0,0,1,0,1,2,1,0,0,1,0,0,0,0,0,0,1,1,0,1,0,0,1,0,0,1,1,30,13,10,5,5,2,0,3,11,4,7,4,1,5,2,1,0,1,5,6,1,0,1,1,0,0,0,0,1,0,1,2,1,0,0,0,0,0,0,0,10,2,2,3,2,1,0,1,2,1,2,1,1,0,0,0,0,0,1,3,2,1,1,0,0,0,0,0,2,0,10,7,7,2,0,1,0,0,5,0,5,3,1,0,0,0,0,0,3,1,16,13,9,3,5,0,2,3,7,9,6,7,1,2,1,0,0,2,3,2
218.75,1,1,2,0,0,0,1,0,1,0,0,0,0,0,0,0,0,0,0,0,0,2,0,0,1,0,0,0,0,1,0,0,0,0,0,1,0,0,0,2,8,1,0,0,1,0,0,2,6,3,27,15,10,2,2,4,0,1,13,16,2,3,1,0,1,1,0,0,0,1,0,0,0,0,0,0,0,0,0,2,5,1,0,0,2,0,0,0,3,0,79,30,41,6,7,17,0,13,26,33,0,0,0,0,1,0,0,0,0,0,0,0,0,0,0,1,0,0,0,1,0,0,0,0,0,0,0,0,0,0,12,4,1,3,0,1,0,0,4,2,0,0,0,0,0,0,0,0,0,0,1,1,0,0,0,0,0,0,0,1,3,3,3,1,1,2,0,0,3,5,2,2,2,2,0,0,0,1,1,3,0,1,1,0,0,0,0,0,0,0,0,0,0,0,0,0,0,0,0,0,3,1,1,1,1,0,0,0,0,0,32,15,15,3,3,0,0,2,17,14,5,1,2,1,0,0,0,0,2,7,2,0,0,1,0,0,0,0,1,0,3,0,1,0,0,1,0,0,0,2,6,1,2,2,0,2,0,0,1,7,3,3,1,0,0,0,0,0,1,2,0,0,0,0,0,0,0,0,0,1,10,3,1,5,0,0,0,0,1,5,4,5,1,2,0,2,0,0,2,4,15,8,10,2,0,1,1,2,11,7,4,4,3,0,0,0,0,1,3,1
219.25,5,0,0,1,1,2,0,0,2,2,0,0,0,0,0,0,0,0,0,0,1,1,0,0,0,0,0,0,0,1,4,2,0,1,0,0,0,0,0,2,6,1,4,0,0,1,0,0,2,4,29,19,18,10,7,7,1,4,21,31,1,0,3,0,0,1,0,0,2,2,2,1,0,0,0,0,0,0,1,0,8,2,3,1,0,0,0,0,5,1,71,44,22,17,12,9,1,9,32,34,0,0,0,2,0,0,0,0,2,0,0,0,1,0,0,0,0,0,0,0,0,0,0,0,0,0,0,0,0,0,13,4,2,1,1,0,0,1,1,1,0,0,0,0,0,0,0,0,0,0,0,0,0,0,0,0,0,0,1,0,4,3,3,1,0,0,0,2,2,7,8,0,2,2,1,0,0,1,3,5,1,1,0,0,1,1,0,0,2,0,0,0,0,2,0,0,0,0,0,0,3,0,1,0,0,0,0,0,0,1,33,18,6,11,3,5,0,4,16,15,5,1,3,1,2,0,1,0,4,8,2,1,1,0,0,0,0,1,0,2,4,5,2,1,0,1,0,1,0,1,8,4,3,0,1,0,0,0,0,4,4,2,2,0,1,0,0,0,0,1,2,1,0,0,0,0,0,0,1,1,6,2,1,1,0,0,1,0,2,2,6,2,1,0,0,0,0,0,3,2,22,7,9,2,6,2,1,4,6,16,5,1,1,2,0,0,0,0,2,1
219.75,4,1,1,0,0,1,0,0,5,2,0,0,0,0,0,0,0,0,0,0,1,0,0,0,0,1,0,0,0,1,0,1,1,0,0,0,0,0,0,0,5,3,4,2,0,1,0,0,8,3,21,18,11,5,6,4,1,3,14,14,3,0,0,2,0,0,0,0,0,0,0,1,0,0,0,3,0,0,1,3,3,3,1,0,0,0,0,0,1,2,97,50,32,9,9,10,0,5,41,44,0,0,0,0,0,0,0,1,0,0,0,0,0,0,0,0,0,0,0,0,0,0,0,0,0,0,0,0,0,0,6,2,2,0,0,1,0,2,2,2,0,0,0,0,0,0,0,0,0,0,3,0,0,0,0,0,0,0,0,2,8,1,0,1,0,0,0,2,5,2,7,3,1,1,0,1,0,1,1,3,2,1,1,0,1,1,0,0,0,1,0,0,0,0,0,0,0,0,0,0,2,1,0,1,0,0,0,0,0,2,29,19,12,4,5,6,0,0,17,9,11,7,1,1,2,1,0,0,3,5,0,1,2,0,0,0,0,0,1,3,4,2,1,0,0,0,0,3,1,1,11,6,5,1,1,1,0,0,6,0,4,1,3,0,0,0,0,0,1,1,0,1,0,1,1,0,0,0,1,0,9,4,1,1,3,0,1,1,6,3,8,4,2,2,1,1,0,0,0,4,12,8,6,4,4,4,0,3,17,12,2,1,1,0,0,0,0,1,2,2
220.25,3,3,2,0,2,0,0,1,2,0,0,0,0,0,0,0,0,0,0,0,2,1,0,0,0,0,0,0,0,0,3,1,0,0,0,0,0,0,0,1,7,9,2,0,0,2,0,0,2,2,27,13,15,8,4,3,2,5,13,20,3,0,0,0,1,0,0,0,1,2,0,1,0,0,1,0,0,0,1,1,5,4,2,2,0,0,1,0,2,4,76,39,34,18,10,14,0,9,37,44,0,0,0,0,0,0,0,0,0,2,1,1,0,0,0,0,0,0,1,0,0,0,0,0,0,0,0,1,0,0,11,5,2,3,1,2,0,1,2,6,0,0,0,0,0,0,0,0,0,0,0,1,1,0,0,0,0,0,1,0,12,3,5,2,3,1,1,0,2,4,3,6,5,1,3,0,0,0,0,1,1,0,1,0,1,0,0,1,0,0,0,0,0,0,0,0,0,0,0,0,0,2,0,0,0,1,0,2,0,0,24,11,9,4,3,5,0,2,16,17,4,4,2,1,2,2,0,0,1,9,0,0,0,0,0,0,0,0,0,0,3,4,1,0,0,0,0,0,3,0,12,4,2,0,2,1,0,0,2,5,3,3,2,1,0,0,0,2,0,1,2,0,0,0,0,1,0,0,0,1,11,2,5,1,1,1,0,1,4,3,5,1,3,0,0,1,0,1,0,2,23,13,8,5,3,5,0,4,9,13,8,1,4,1,2,0,1,0,6,3
220.75,4,3,0,1,0,0,0,0,1,1,0,0,0,0,0,0,0,0,0,0,0,1,1,0,0,0,0,0,0,0,5,2,1,0,0,0,0,0,0,1,10,8,3,4,1,0,0,1,3,3,32,13,10,5,7,2,0,6,9,23,2,1,0,1,0,0,0,0,0,0,2,0,0,0,0,1,0,0,0,0,2,3,0,1,1,0,0,0,2,4,86,37,27,14,10,7,1,7,38,43,1,1,0,0,0,1,0,0,1,0,0,0,0,0,0,0,0,0,0,1,0,0,0,0,0,0,0,0,0,0,14,5,7,1,0,0,0,0,2,2,0,0,0,0,0,0,0,0,0,0,1,2,0,1,0,0,0,0,0,0,11,2,0,0,0,1,0,1,1,4,13,2,0,0,1,0,0,0,6,3,1,0,1,1,0,2,0,0,0,1,0,1,0,0,0,0,0,0,0,0,2,1,0,0,0,0,0,0,1,0,23,8,11,6,2,6,0,3,6,12,4,2,4,0,1,0,0,0,1,3,5,0,1,0,0,0,0,0,0,0,6,1,2,2,1,0,0,0,2,3,13,2,3,2,0,0,0,1,1,3,7,2,1,1,0,1,0,0,2,1,1,3,1,0,0,0,0,0,0,0,6,3,2,0,0,4,0,0,6,6,8,3,2,1,3,2,0,1,3,4,21,10,9,4,3,1,1,2,8,12,2,4,0,1,0,0,0,0,5,3
221.25,7,1,2,2,1,1,1,1,1,1,0,0,0,0,0,0,0,0,0,0,0,0,0,0,0,1,0,0,0,0,5,0,0,1,0,1,0,0,0,3,7,3,1,1,0,0,0,1,9,5,24,14,11,7,5,9,0,1,6,13,3,1,1,0,1,0,0,0,1,1,0,0,0,0,0,0,0,0,2,1,4,1,3,1,1,2,0,1,0,6,92,54,38,24,15,12,1,4,36,40,0,0,0,0,0,0,0,0,0,0,2,0,0,2,1,0,0,0,0,0,0,0,0,0,0,0,0,0,0,0,11,2,2,1,2,1,0,0,1,3,0,0,0,0,0,0,0,0,0,0,0,2,0,0,0,0,0,0,1,1,7,2,1,0,2,0,0,0,1,5,8,2,1,0,2,0,0,0,2,1,3,1,0,1,0,0,0,0,0,0,1,0,0,0,0,0,0,0,1,1,2,0,0,2,0,0,0,0,0,0,31,20,12,9,5,1,1,0,14,8,7,5,4,2,2,2,0,1,4,4,1,0,1,0,1,0,0,0,0,0,9,1,0,1,0,0,0,0,2,2,9,7,4,3,1,1,0,1,3,1,2,2,2,1,1,0,0,0,1,0,1,0,1,0,1,0,0,0,0,1,6,4,6,0,1,0,0,1,1,3,9,2,2,0,0,0,0,0,4,3,20,13,7,7,6,5,0,3,5,15,7,2,2,2,2,1,0,0,2,3
221.75,6,0,1,1,1,0,0,2,5,5,0,0,0,0,0,0,0,0,0,0,0,0,0,0,0,0,0,0,0,0,2,3,3,0,1,0,1,0,1,3,1,5,3,1,1,0,0,2,3,2,33,12,13,4,3,7,1,5,17,21,2,1,1,1,1,0,0,0,0,0,2,1,0,0,1,3,0,1,0,1,4,2,1,0,0,0,0,0,0,4,96,42,30,16,12,6,3,7,36,46,1,1,0,0,0,0,0,0,0,0,0,1,0,0,0,0,0,0,0,0,0,0,0,0,0,0,0,0,0,0,14,6,0,0,1,1,0,0,2,5,0,0,0,0,0,0,0,0,0,0,1,0,0,1,0,0,0,0,0,1,5,5,4,2,2,1,0,2,4,9,7,3,3,3,2,0,0,0,2,4,3,4,0,1,0,0,0,0,0,0,0,0,0,1,0,0,0,1,0,0,1,0,1,0,0,0,0,1,2,2,35,18,13,1,3,2,2,3,20,12,9,3,4,1,3,5,0,1,4,3,0,1,0,1,1,1,0,0,0,1,2,2,4,0,0,1,0,0,3,5,9,5,1,3,2,1,0,0,5,2,9,3,0,2,0,0,0,0,3,1,0,0,0,1,0,0,0,0,1,1,6,0,3,1,1,0,0,0,0,3,7,0,4,2,2,2,0,2,2,1,15,9,16,3,1,4,0,5,14,15,4,3,0,1,0,2,0,0,2,3
222.25,5,6,3,0,1,0,0,1,0,2,0,0,0,0,0,0,0,0,0,0,2,1,0,0,0,0,0,0,2,0,2,1,1,0,0,0,0,1,0,1,8,3,3,2,4,1,0,1,7,7,32,14,15,9,6,4,0,5,15,28,1,0,1,1,0,1,0,0,0,1,0,1,0,0,0,0,0,0,0,1,7,0,0,1,2,1,0,0,5,3,105,49,38,13,6,10,2,10,29,30,0,0,1,0,0,0,0,0,1,0,1,0,0,0,0,0,0,0,0,0,0,0,0,0,0,0,0,0,0,0,11,4,2,3,0,0,0,0,2,3,0,0,0,0,0,0,0,0,0,0,0,1,2,0,0,0,0,0,0,1,6,1,0,4,1,1,0,0,1,1,2,4,2,1,1,2,0,2,4,4,1,4,0,0,0,0,0,0,0,1,1,0,1,0,0,0,0,0,0,1,2,1,3,0,0,1,0,1,0,0,37,11,13,6,7,2,2,3,11,15,4,5,3,1,0,3,0,1,3,4,2,1,0,2,2,0,0,0,0,0,5,3,3,1,0,0,0,0,1,4,13,2,3,0,0,2,0,1,1,2,4,5,2,1,1,1,0,0,4,1,3,1,0,1,0,1,0,0,0,1,7,3,3,0,0,1,1,1,1,3,3,2,3,1,0,0,0,0,6,3,29,14,7,6,7,3,2,0,15,13,2,2,2,1,0,0,0,0,0,1
222.75,3,1,0,1,1,0,0,0,0,0,0,0,0,0,0,0,0,0,0,0,3,0,0,0,0,0,0,0,0,0,2,0,3,1,0,0,0,0,3,2,3,5,3,2,1,4,0,0,1,4,33,25,11,10,6,3,1,2,13,19,3,2,0,1,1,0,0,0,1,3,1,0,0,0,0,0,1,1,2,1,8,3,1,0,1,1,0,1,2,3,96,37,32,22,14,10,0,5,51,34,0,0,0,0,0,0,0,1,1,0,0,0,0,0,0,1,0,0,0,0,0,0,0,0,0,0,0,0,0,0,17,10,5,3,2,0,0,1,1,2,0,0,0,0,0,0,0,0,0,0,2,0,0,0,1,0,0,0,1,0,6,9,1,1,0,1,0,1,2,4,2,3,5,1,1,0,0,0,1,1,4,0,0,1,0,0,0,0,1,0,1,0,0,0,0,0,0,0,0,1,2,0,2,2,0,0,0,0,2,0,38,16,13,7,8,2,0,3,15,10,5,4,4,0,1,1,0,0,4,3,2,1,2,0,0,1,0,0,1,1,7,2,1,3,2,0,0,1,3,0,13,2,3,2,2,2,0,1,3,3,1,3,1,0,1,1,0,0,4,4,2,1,4,0,0,0,0,0,2,0,10,6,2,3,0,1,0,0,2,2,12,1,0,2,1,2,0,1,2,3,29,15,11,5,2,1,1,4,15,9,2,1,2,1,0,2,0,0,5,2
223.25,3,2,3,0,1,2,0,0,1,2,0,0,0,0,0,0,0,0,0,0,1,1,0,0,0,0,0,0,0,0,4,0,0,0,0,0,0,0,0,1,7,4,2,5,0,1,1,1,4,4,28,13,14,9,1,2,0,4,19,21,2,1,1,1,1,2,0,0,2,2,1,0,0,0,1,0,0,0,0,2,5,3,2,1,2,0,1,1,4,4,105,43,42,22,13,10,1,8,43,37,0,0,0,1,0,0,0,0,0,0,1,0,0,0,0,0,0,0,0,0,0,0,0,0,0,0,0,0,0,0,18,8,7,3,2,1,0,1,6,1,0,0,0,0,0,0,0,0,0,0,1,0,0,0,0,0,0,0,1,0,12,3,2,0,0,0,0,0,4,4,1,5,1,0,0,2,0,0,3,9,0,3,2,0,0,1,0,0,0,1,2,1,0,0,0,0,0,0,0,0,1,1,0,2,1,0,0,1,3,1,42,24,11,6,4,1,0,1,9,8,7,2,1,5,1,0,1,0,3,4,1,2,0,0,0,0,0,0,0,0,3,1,4,1,1,0,0,0,1,1,10,9,6,2,2,1,0,0,5,1,3,1,2,2,0,0,0,0,5,2,4,0,0,0,0,0,0,0,0,0,11,5,0,4,1,0,1,1,2,4,7,2,4,0,0,0,0,0,4,2,23,8,7,3,2,4,1,2,7,8,10,2,0,1,1,1,0,0,6,5
223.75,4,1,1,1,0,0,0,2,1,1,0,0,0,0,0,0,0,0,0,0,3,1,0,0,0,0,1,0,0,0,6,1,0,1,1,0,0,0,1,0,5,6,1,0,1,0,0,0,8,7,25,16,15,8,3,5,0,2,15,20,5,4,3,0,0,1,0,0,2,1,0,0,0,0,0,0,0,0,0,0,2,1,3,1,0,2,0,0,2,4,104,38,37,16,16,9,1,7,50,48,0,0,0,0,0,0,0,0,0,0,0,0,0,0,0,0,0,0,0,0,0,0,0,0,0,0,0,0,0,0,9,2,5,3,2,0,0,1,4,2,0,0,0,0,0,0,0,0,0,0,0,0,0,0,1,0,0,0,0,0,7,4,6,0,0,1,0,1,4,6,8,2,5,1,1,1,0,0,3,0,2,1,1,0,1,0,0,0,0,1,1,1,0,0,0,0,0,0,0,0,0,1,1,0,0,0,0,0,0,1,45,19,18,8,3,3,0,0,15,17,8,5,4,0,0,1,0,4,2,3,2,1,0,0,1,0,0,0,1,0,7,4,2,1,2,0,0,0,2,3,11,5,5,1,1,0,0,1,3,3,1,3,0,2,0,0,0,1,1,2,2,1,3,1,0,0,0,1,0,1,9,5,6,2,0,0,0,0,1,2,10,2,4,1,1,1,0,0,3,1,22,3,7,3,4,0,0,2,7,11,5,3,3,0,0,1,0,1,2,4
224.25,9,1,0,1,1,0,0,0,3,1,1,0,0,0,0,0,0,0,0,0,1,2,0,0,0,0,0,1,0,0,4,0,5,1,1,0,0,0,1,0,7,4,1,2,0,0,0,2,1,5,27,19,15,3,8,6,0,1,7,18,3,0,1,0,0,1,0,0,1,0,1,0,0,0,0,0,0,0,0,2,5,4,3,0,1,0,0,0,2,1,82,47,40,22,15,7,2,2,31,46,1,0,0,0,0,0,0,0,0,0,0,0,0,0,0,0,0,1,0,0,0,0,0,0,0,0,0,0,0,0,14,5,7,1,5,1,0,2,3,3,0,0,0,0,0,0,0,0,0,0,1,0,1,0,0,0,0,0,0,0,13,5,1,1,1,0,0,1,7,3,10,5,3,1,2,0,0,1,1,3,2,0,0,2,0,0,0,1,3,1,4,2,0,0,0,0,0,0,0,0,2,0,0,0,0,0,0,0,2,1,48,11,17,6,4,4,0,1,13,18,13,3,1,0,2,1,0,2,8,3,0,1,0,0,0,1,0,0,2,1,5,0,3,2,0,1,0,0,1,0,14,5,2,0,0,0,0,1,4,6,8,4,2,0,0,1,0,0,3,2,2,0,2,1,0,0,0,0,1,1,14,7,3,1,1,3,0,0,7,5,4,6,3,2,1,1,0,1,2,2,32,13,15,6,2,7,0,2,13,11,5,3,2,0,0,0,0,1,3,3
224.75,7,3,2,2,0,1,0,0,0,4,0,0,0,0,0,0,0,0,0,0,1,1,0,0,0,0,0,0,1,0,1,1,0,0,0,1,0,0,0,2,5,8,1,0,1,0,1,0,7,4,26,11,17,11,8,7,0,4,20,18,3,0,1,0,1,0,0,0,1,1,1,0,2,0,0,0,0,0,0,0,5,1,1,1,0,1,0,0,3,1,105,53,46,28,15,16,0,3,31,52,0,0,0,0,0,0,1,0,0,0,0,1,0,0,0,0,0,0,0,1,0,0,0,0,0,0,0,0,0,0,14,5,4,1,1,0,0,1,2,2,0,0,0,0,0,0,0,0,0,0,1,0,0,0,0,0,0,0,1,1,8,5,6,3,1,0,0,1,6,8,9,3,1,3,2,2,0,3,3,2,1,0,0,0,0,1,0,0,2,1,1,1,0,0,0,0,0,0,1,0,1,0,1,0,0,1,0,0,0,1,48,15,14,8,2,3,0,2,12,8,13,1,9,2,1,2,0,0,3,8,0,1,1,0,0,1,0,0,0,1,6,4,0,0,1,1,0,0,2,2,8,6,4,1,1,1,0,0,6,5,7,3,1,1,1,0,0,1,1,0,4,0,0,1,1,0,1,0,0,1,8,4,2,2,1,0,0,0,4,10,8,4,5,2,2,0,0,0,2,4,22,14,6,2,3,12,0,4,8,14,5,0,3,1,0,0,0,1,3,2
225.25,3,4,3,1,0,2,0,3,5,0,1,0,0,0,0,0,0,0,0,0,2,0,0,0,0,0,0,0,0,0,2,1,1,0,0,0,0,0,3,1,5,0,3,0,2,1,0,0,1,5,38,12,7,10,8,3,0,3,16,23,3,2,0,3,0,0,0,0,1,2,0,1,0,0,0,0,0,0,0,0,7,7,5,1,1,0,0,0,2,2,112,48,44,33,14,17,1,4,37,43,0,0,0,0,0,0,0,0,0,1,1,0,0,0,0,0,0,0,1,0,0,0,0,0,0,0,0,0,0,0,14,6,5,2,1,2,0,0,12,4,0,0,0,0,0,0,0,0,0,0,1,1,2,0,0,0,0,0,1,0,7,6,7,1,2,2,0,1,11,4,11,2,2,0,2,0,0,2,4,4,1,1,2,0,0,0,0,0,0,0,3,2,0,0,0,0,0,0,0,0,0,0,1,1,0,0,0,0,1,1,51,20,11,8,9,3,0,2,21,19,12,3,2,1,1,1,0,0,4,7,1,1,1,0,1,0,0,0,0,0,4,3,1,0,2,0,0,0,0,1,14,6,3,2,1,2,0,0,7,3,3,2,2,1,0,2,0,0,2,4,2,1,0,0,0,1,0,0,0,0,10,5,6,1,0,0,0,0,3,3,6,3,4,1,0,0,0,3,1,2,24,13,8,2,5,4,0,3,11,11,9,3,3,3,1,0,0,1,0,5
225.75,3,2,1,0,0,0,0,0,3,2,0,0,0,0,0,0,0,0,0,0,1,1,1,0,0,0,0,0,3,0,4,1,0,2,0,0,0,0,1,1,4,8,3,2,0,0,0,2,3,3,30,22,18,7,2,8,0,7,20,26,3,2,0,2,0,0,0,2,1,0,3,0,0,0,0,0,0,0,1,3,4,3,4,1,0,0,1,0,2,2,126,55,41,11,15,14,3,8,34,33,0,1,0,0,0,0,0,0,0,0,0,0,0,0,0,0,0,0,0,1,0,0,0,0,0,0,0,0,0,0,13,5,9,2,4,2,0,0,5,4,0,0,0,0,0,0,0,0,0,0,2,0,0,0,0,0,0,0,1,0,7,6,3,2,2,1,1,2,7,5,8,3,5,1,0,4,0,0,3,1,0,1,1,0,0,0,0,0,2,3,1,1,0,1,1,0,0,0,0,0,1,2,0,0,0,0,0,0,0,2,33,25,18,8,9,4,1,1,11,11,9,5,3,3,1,0,0,2,6,3,2,0,2,1,0,1,0,0,3,1,13,2,3,0,0,1,0,0,3,1,13,7,5,1,1,3,0,0,9,3,7,2,1,0,1,0,0,0,2,2,1,3,2,0,0,0,0,0,0,2,23,3,3,3,2,0,0,0,2,3,8,5,3,1,1,0,0,0,4,2,25,9,13,2,4,1,0,1,3,10,6,5,4,1,0,1,0,0,2,1
226.25,4,3,2,0,0,0,0,0,0,3,0,0,0,0,0,0,0,0,0,0,1,0,0,0,0,0,0,0,0,0,5,0,3,1,1,1,0,0,1,0,6,0,0,0,1,2,0,0,3,3,37,7,14,4,13,3,1,4,24,26,3,2,2,1,0,0,0,2,1,2,1,1,0,0,0,0,0,0,0,0,6,2,2,2,1,0,0,0,2,4,108,46,51,26,5,12,1,2,46,52,0,0,0,0,0,0,0,0,0,0,1,0,0,0,0,0,1,0,0,0,0,0,0,0,0,0,0,0,0,0,25,5,5,2,1,6,2,0,1,2,0,0,0,0,0,0,0,0,0,0,0,2,0,0,0,0,0,0,2,0,10,4,2,0,1,1,0,0,5,6,9,2,4,2,2,1,0,2,0,2,4,0,0,1,0,0,0,0,4,0,1,3,0,0,0,0,0,0,0,1,3,1,0,0,1,0,0,0,0,2,50,24,19,13,6,6,0,2,17,23,9,9,4,3,2,2,1,0,4,4,2,0,1,0,0,0,0,0,0,1,8,5,2,3,1,1,0,0,2,1,14,4,4,2,2,0,0,0,10,1,4,2,2,0,1,0,0,0,2,1,3,0,1,0,0,0,0,0,0,0,12,7,3,2,1,0,0,0,1,1,3,7,3,4,1,0,0,1,0,1,31,15,8,8,5,2,1,2,8,7,10,3,1,1,1,0,0,1,1,5
226.75,6,3,3,2,0,0,0,1,3,2,0,1,0,0,0,0,0,0,0,0,2,1,0,0,0,0,0,0,3,1,4,2,2,1,1,1,0,0,1,2,6,1,0,1,0,1,0,0,3,4,35,18,18,7,8,7,1,2,14,21,1,2,1,0,0,0,0,0,1,3,0,0,0,1,0,0,0,0,0,0,9,4,2,0,1,0,1,0,5,3,136,63,48,20,17,13,1,7,44,34,1,0,0,0,0,0,0,0,0,0,0,0,2,0,0,0,0,0,0,0,0,0,0,0,0,0,0,0,0,0,15,8,10,0,0,1,0,1,4,0,0,0,0,0,0,0,0,0,0,0,0,0,0,0,0,0,0,0,0,0,3,5,3,0,1,2,1,0,4,6,7,4,3,0,1,1,0,0,4,3,0,0,2,0,0,0,0,0,0,2,1,0,1,0,0,0,0,0,1,0,2,2,0,0,0,0,0,0,3,1,54,23,22,11,5,7,2,2,24,10,12,7,7,2,1,0,0,1,7,8,0,0,0,2,1,0,0,0,1,0,3,2,1,0,0,2,1,0,1,2,18,5,6,4,1,0,0,0,5,3,6,2,3,0,0,0,0,0,6,3,3,0,0,0,0,0,0,0,2,1,15,7,5,2,3,0,0,0,4,4,11,4,3,2,6,1,0,1,6,2,27,11,12,1,6,3,2,7,8,13,6,6,3,3,1,0,0,0,2,2
227.25,2,4,3,3,1,1,0,0,1,1,0,0,0,0,0,0,0,0,0,0,2,2,0,0,0,0,0,0,1,1,6,2,1,2,0,0,0,2,1,2,4,3,1,0,1,0,0,0,7,2,21,16,4,5,3,6,1,6,17,18,4,1,0,2,0,0,0,0,1,2,2,0,1,0,0,1,0,0,3,1,5,1,5,2,1,2,0,0,2,6,133,39,50,27,14,4,1,10,60,43,0,0,0,0,0,0,0,0,0,0,0,0,0,0,0,0,0,0,1,0,0,0,0,0,0,0,0,0,0,0,25,8,9,3,3,1,0,2,3,7,0,0,0,0,0,0,0,0,0,0,1,0,0,0,0,1,0,0,0,2,10,2,3,2,2,2,0,1,3,4,8,3,6,1,0,1,0,2,7,4,3,1,0,0,0,0,0,1,1,1,0,0,0,0,0,0,0,0,0,1,2,1,0,0,1,1,0,1,0,2,56,24,22,11,7,6,1,2,21,23,11,2,2,5,2,1,0,1,2,4,1,1,0,0,0,1,0,0,0,0,4,4,2,1,1,0,0,0,4,2,9,5,8,1,2,1,0,0,3,3,6,0,3,2,0,0,0,1,1,0,7,0,2,1,1,0,0,0,1,1,13,8,6,0,2,2,0,2,5,7,7,6,3,0,2,2,0,0,0,4,33,10,7,8,4,3,2,4,9,9,8,2,4,4,1,0,0,1,4,6
227.75,9,2,1,3,1,1,0,2,3,3,0,0,0,0,0,0,0,0,0,0,1,1,0,0,0,0,0,0,1,0,2,4,3,1,0,1,0,0,2,1,5,5,1,1,2,1,0,1,4,4,27,26,11,12,5,4,0,6,22,22,3,2,2,0,0,1,0,0,4,0,1,0,0,0,0,0,0,0,0,0,5,3,1,0,0,0,0,0,2,6,133,66,39,28,18,15,2,6,43,39,0,0,0,0,0,0,0,0,0,0,1,1,0,0,0,0,0,0,1,0,0,0,0,0,0,0,0,0,0,0,27,7,11,2,4,0,0,1,8,5,0,0,0,0,0,0,0,0,0,0,3,1,0,0,1,0,0,0,2,0,17,7,1,1,2,1,0,2,3,4,9,2,1,0,0,1,0,0,3,4,2,0,1,0,0,0,0,0,2,0,6,1,0,0,0,0,0,0,0,0,0,1,2,0,0,0,0,1,0,1,69,21,22,10,6,7,0,2,14,14,12,6,4,3,2,2,0,0,0,4,1,0,0,0,0,0,0,0,0,1,7,4,4,0,3,0,0,0,1,4,20,7,8,1,2,1,0,0,8,5,7,1,3,1,0,0,0,0,1,1,6,4,1,1,0,0,0,0,1,0,15,4,7,1,2,1,0,0,6,4,9,4,2,0,1,3,0,0,4,1,30,13,14,1,4,2,3,3,14,14,5,1,2,0,0,0,0,0,3,5
228.25,2,5,2,1,1,2,0,0,0,1,0,0,1,0,0,0,0,0,0,0,3,1,1,0,0,0,0,0,0,0,9,1,1,0,0,0,0,0,1,2,6,2,1,0,0,0,0,1,3,4,29,14,12,4,6,5,2,3,10,20,2,5,1,0,1,0,0,0,1,1,2,0,0,0,0,0,0,0,0,1,7,2,0,1,1,1,0,0,5,3,150,62,48,17,17,14,1,4,52,48,0,1,0,0,0,0,0,0,0,1,0,2,0,0,0,0,0,0,0,1,0,0,0,0,0,0,0,0,0,0,17,7,6,2,7,0,0,1,5,7,0,0,0,0,0,0,0,0,0,0,2,0,0,0,0,0,0,0,2,0,6,2,4,4,0,0,0,1,7,0,7,2,5,1,1,0,0,0,7,2,2,2,2,0,1,0,0,0,0,0,3,0,0,0,0,0,0,0,1,0,2,1,1,0,0,0,0,0,0,1,56,22,16,12,9,9,0,2,20,15,8,5,3,3,2,0,0,1,5,6,1,0,2,0,0,0,1,0,0,1,3,1,1,0,1,2,0,0,3,2,12,13,4,1,2,2,0,1,5,5,6,2,2,1,1,0,0,0,1,3,3,2,1,0,1,0,0,1,1,2,12,5,2,4,4,1,0,0,8,7,5,1,4,3,1,2,0,1,3,3,30,14,7,8,4,4,1,3,11,9,7,4,2,1,0,1,0,0,2,4
228.75,5,4,0,1,0,1,0,2,2,3,1,0,0,0,0,0,0,0,0,0,1,0,1,0,1,0,0,0,1,0,3,1,1,1,0,0,0,0,1,0,10,8,2,1,0,3,0,2,2,5,27,14,12,8,10,5,1,4,12,23,3,1,0,0,0,1,0,0,5,3,1,2,1,0,0,0,0,0,0,6,3,6,3,2,0,1,0,1,2,2,157,60,46,20,19,16,5,11,56,50,0,0,0,0,0,0,0,0,0,1,0,0,0,0,0,0,0,0,2,0,0,0,0,0,0,0,0,0,0,0,34,13,3,2,5,6,0,1,2,2,0,0,0,0,0,0,0,0,0,0,3,1,0,0,0,0,0,0,1,0,14,6,5,1,1,0,0,2,2,7,12,6,3,4,2,0,0,0,2,2,3,0,2,0,1,0,0,0,1,0,0,2,3,0,0,1,0,0,0,0,3,0,1,0,1,0,0,0,0,3,58,14,19,8,10,6,1,2,21,20,13,3,7,2,0,2,0,1,2,6,2,0,0,1,1,0,0,0,1,0,7,3,2,0,2,0,0,0,0,3,20,10,4,0,3,0,1,0,4,6,6,3,2,3,1,0,0,0,3,2,4,1,3,3,0,1,0,0,1,1,13,5,3,1,0,2,0,0,8,7,8,3,1,4,1,3,0,0,3,1,22,18,9,7,6,3,0,2,13,10,7,3,4,1,0,1,0,0,6,1
229.25,9,5,3,1,0,1,0,0,6,7,0,0,0,0,0,0,0,0,0,0,1,1,0,0,0,0,0,0,2,0,6,1,3,1,0,0,0,0,1,1,8,2,2,0,0,1,0,0,4,8,34,13,12,5,0,9,2,4,16,21,2,0,0,1,1,0,0,0,1,1,3,1,0,0,0,0,0,0,0,0,7,3,0,3,4,2,0,1,2,1,145,73,62,28,19,18,3,4,55,45,0,0,0,0,0,0,0,0,0,0,0,0,0,0,0,0,0,0,0,0,0,1,0,0,0,0,0,0,0,0,29,12,8,4,3,4,0,0,9,8,0,0,0,0,0,0,0,0,0,0,0,1,0,0,0,0,0,0,0,0,14,5,2,5,2,2,0,1,3,6,9,3,2,4,0,2,0,2,3,1,4,0,0,0,0,0,0,0,0,0,5,1,0,0,0,0,0,0,1,0,4,0,1,0,0,0,0,0,1,0,45,29,34,7,8,7,1,2,18,20,11,5,6,5,0,2,0,0,6,8,0,1,0,0,0,2,0,0,1,1,8,5,4,1,1,1,0,0,1,2,13,9,5,3,2,1,0,0,10,4,7,2,4,0,0,0,0,0,2,2,3,1,2,0,0,0,0,0,2,1,8,7,8,3,1,0,0,0,2,3,5,6,8,1,2,0,0,0,4,4,36,23,12,5,10,6,0,2,10,11,8,3,2,1,2,1,0,2,1,3
229.75,8,4,1,2,1,0,0,0,3,4,1,0,0,0,0,0,0,0,0,0,3,0,2,0,0,0,0,0,0,3,9,5,0,1,1,1,0,0,3,2,6,4,3,0,3,0,0,0,5,6,31,11,17,8,3,9,1,7,21,27,3,1,0,1,0,0,0,0,1,1,0,1,0,0,0,0,0,0,0,1,8,0,8,0,0,2,0,1,5,2,155,73,68,27,14,18,2,14,55,45,0,0,0,0,0,0,0,0,0,1,1,0,0,0,0,0,0,0,2,0,0,0,0,0,0,0,0,0,0,1,27,7,6,6,4,1,1,1,8,4,0,0,0,0,0,0,0,0,0,0,0,0,0,1,0,0,0,0,0,1,5,8,6,0,2,1,1,1,4,5,9,5,4,1,0,2,0,0,2,4,2,0,1,0,0,0,0,0,0,0,3,1,1,0,0,0,0,0,0,0,1,0,0,0,2,0,0,0,0,0,61,22,22,12,5,10,0,3,22,22,11,9,6,1,1,2,1,1,5,10,0,0,0,0,0,0,0,1,1,0,11,3,4,2,0,1,0,0,7,0,14,6,7,3,1,2,0,0,5,6,8,2,2,0,0,0,0,1,2,1,2,0,5,1,0,0,0,0,0,2,20,5,7,3,5,1,1,1,4,7,10,4,0,0,3,3,0,0,4,3,40,20,13,9,2,1,0,2,12,17,8,0,2,0,1,2,0,0,1,3
230.25,8,5,1,0,1,0,0,1,3,2,1,0,1,0,1,0,0,0,0,0,2,3,2,1,1,0,0,0,0,0,7,3,5,1,0,0,0,0,1,0,6,3,5,3,0,1,0,0,0,6,43,17,14,11,6,5,0,5,15,25,0,1,2,0,1,1,0,0,1,1,3,0,0,0,1,0,0,1,1,0,14,1,3,1,1,1,1,2,3,3,168,71,53,29,20,18,1,8,44,59,1,0,0,0,0,0,0,0,0,0,1,0,0,0,0,0,0,0,0,0,0,0,0,0,0,0,0,0,0,0,19,10,13,3,4,2,0,2,11,7,0,0,0,0,0,0,0,0,0,0,2,0,0,0,0,0,0,0,0,1,8,3,3,0,0,2,0,1,3,2,13,6,2,4,2,1,0,0,3,2,1,2,0,0,0,0,0,1,2,2,1,0,1,0,0,0,0,0,2,0,4,1,0,0,0,0,0,0,0,1,67,24,23,10,7,10,0,6,15,24,11,4,4,4,0,0,1,1,4,4,1,1,1,0,0,0,0,0,0,0,11,2,6,2,0,2,0,0,3,4,23,8,2,5,2,0,1,1,12,8,11,3,1,0,1,0,0,0,1,1,8,2,0,0,0,0,0,0,2,0,22,9,9,4,0,2,0,0,3,4,15,4,2,1,2,3,0,0,4,3,44,19,16,5,4,5,1,1,16,11,9,5,5,0,2,0,1,0,4,5
230.75,9,0,1,0,0,1,0,0,4,2,0,2,0,0,0,0,0,0,0,0,2,0,0,1,1,0,0,0,1,0,5,5,2,2,2,1,1,0,1,0,10,3,1,0,0,4,0,0,6,5,29,19,10,5,8,5,1,7,12,22,3,2,0,0,0,0,1,0,1,0,2,1,0,0,0,0,0,1,2,2,10,4,4,2,3,0,0,1,2,2,178,65,52,27,15,12,3,7,53,54,1,0,0,0,0,0,0,0,0,0,1,0,0,0,0,0,0,0,0,0,1,0,0,0,0,0,0,0,0,0,19,11,7,3,4,10,1,3,10,5,0,0,0,0,0,0,0,0,0,0,1,3,0,0,0,1,0,0,0,0,11,3,5,4,4,1,0,1,5,4,10,7,5,4,1,1,0,0,5,6,3,1,0,1,0,2,0,0,1,1,2,2,0,0,0,0,0,0,2,1,3,3,1,2,0,0,0,0,2,0,64,36,21,15,7,7,0,4,27,17,22,9,4,3,2,0,0,2,6,10,0,0,0,0,0,0,0,0,0,1,9,4,1,1,1,0,1,0,5,4,22,6,8,4,1,4,0,1,5,5,8,4,3,2,0,2,0,0,3,3,5,3,0,0,2,0,0,0,1,1,23,11,9,4,2,2,0,0,7,2,10,7,1,1,2,3,0,0,3,7,40,18,6,3,5,7,1,2,20,22,9,6,7,0,2,2,1,0,4,5
231.25,10,4,2,0,2,0,0,0,2,5,0,0,0,0,0,0,0,0,1,0,3,0,0,1,0,1,0,1,0,0,8,1,2,0,0,0,0,0,1,2,5,6,4,1,3,0,1,1,2,3,29,20,16,6,2,3,1,2,12,21,4,1,3,0,0,0,0,0,1,3,0,2,1,0,0,1,1,0,1,0,9,8,1,1,1,0,0,1,2,5,187,69,55,37,22,15,1,5,66,57,0,1,0,0,0,0,0,0,0,1,0,1,0,0,0,0,0,0,0,0,0,0,0,0,0,0,0,0,0,0,28,15,9,3,2,2,0,3,7,6,0,0,0,0,0,0,0,0,0,0,2,0,1,0,0,0,0,0,0,1,8,11,9,3,0,1,0,0,5,5,6,7,2,1,0,1,0,1,4,3,4,0,1,1,0,0,0,0,2,2,2,2,0,1,0,0,0,0,2,1,1,0,0,0,0,1,0,0,1,1,64,25,23,12,8,4,0,5,14,18,16,4,1,4,1,1,0,0,6,3,4,0,2,0,0,0,0,0,1,0,9,3,3,3,0,0,0,1,4,6,29,12,2,7,1,0,0,0,3,7,2,3,2,2,3,1,0,0,4,3,3,1,0,3,0,2,0,0,1,0,16,6,7,1,2,1,0,0,8,4,12,4,1,1,1,1,0,0,5,5,40,26,14,10,3,3,1,5,6,6,11,2,1,1,2,0,1,0,4,3
231.75,16,5,1,0,2,0,0,1,4,4,0,0,0,1,0,0,0,0,0,1,1,0,5,0,0,0,0,0,1,0,5,3,1,2,1,0,0,0,1,1,9,2,1,3,3,3,0,1,0,5,31,16,10,5,5,3,0,5,22,18,2,2,3,0,1,0,0,0,1,0,5,0,0,0,1,0,0,0,2,0,8,4,1,3,0,4,0,1,3,4,191,86,73,20,23,11,3,14,65,65,0,0,0,0,0,0,0,0,0,1,0,1,0,0,0,0,0,0,0,0,0,0,0,0,0,0,0,0,1,0,33,13,9,5,1,3,0,1,11,2,0,0,0,0,0,0,0,0,0,0,1,2,1,0,0,0,0,0,1,0,14,9,6,3,1,2,0,2,6,1,9,1,2,2,0,3,0,0,2,5,2,2,2,0,0,0,0,0,0,3,1,1,1,0,0,0,0,0,2,0,0,0,0,0,0,0,0,0,2,0,70,31,30,8,14,3,1,4,19,14,20,10,11,0,0,3,0,1,7,9,2,1,0,1,0,0,0,0,0,0,10,5,3,1,1,0,0,0,1,0,20,12,7,1,4,2,0,1,10,3,12,4,0,2,2,0,0,0,1,1,6,2,4,0,1,0,0,0,3,1,18,6,4,3,3,4,0,0,5,6,9,6,6,0,0,3,1,0,1,2,36,15,12,11,4,2,0,1,24,12,14,5,5,1,2,1,0,1,5,5
232.25,12,2,6,1,2,2,0,0,4,1,0,0,0,0,0,0,0,0,1,0,3,0,1,1,1,0,0,0,0,0,4,6,4,1,2,1,0,0,4,0,10,3,2,0,0,0,0,0,6,4,28,19,18,7,2,4,1,4,24,25,4,2,1,2,0,0,0,0,2,2,3,2,0,0,0,0,0,0,2,0,7,7,6,1,3,0,0,0,3,7,199,86,81,30,20,18,2,9,59,54,3,0,0,0,0,0,0,0,1,0,1,1,0,0,0,0,1,0,0,1,0,0,0,0,0,0,0,0,0,0,32,12,12,5,3,4,0,2,21,8,0,0,0,0,0,0,0,0,0,0,4,0,2,0,0,0,0,0,4,1,16,7,2,5,4,1,1,0,13,3,12,9,2,2,1,2,0,0,3,3,4,2,1,1,0,0,0,0,0,2,2,1,0,0,0,0,0,1,1,0,3,0,0,0,0,3,0,0,0,2,77,33,23,15,5,7,1,1,36,20,17,5,8,3,2,1,0,2,7,8,1,0,0,0,0,0,0,0,0,1,9,4,2,2,0,1,0,2,3,2,29,7,12,5,2,3,0,1,8,3,12,6,3,0,1,2,0,0,4,2,2,1,3,2,1,1,0,0,2,1,19,9,7,2,1,4,0,1,4,5,13,5,2,1,2,0,0,1,1,5,51,13,12,3,7,6,0,0,18,15,9,2,4,3,1,0,0,0,1,5
232.75,5,1,2,0,0,4,0,5,6,2,1,0,0,0,0,0,0,0,0,1,2,0,2,0,0,0,0,0,0,0,5,3,1,1,0,0,0,0,1,4,6,4,4,1,2,2,0,2,0,5,36,17,18,8,3,7,0,5,9,30,2,2,1,2,1,0,0,0,3,1,2,1,1,0,2,0,0,0,0,0,12,3,2,3,1,2,0,0,7,3,192,89,57,32,25,20,2,11,65,59,1,0,1,0,0,0,0,0,1,0,0,0,0,0,0,0,0,0,0,0,0,0,1,0,0,0,0,0,0,1,30,12,4,7,7,3,0,3,10,8,2,0,0,0,0,0,0,0,0,0,2,1,0,0,0,0,0,0,0,0,11,7,2,1,4,3,0,2,3,12,10,6,3,4,1,0,0,1,5,5,6,1,3,2,1,0,0,0,0,0,2,1,3,1,0,0,0,0,1,0,3,5,0,1,1,1,0,1,0,0,73,37,24,11,10,8,1,2,28,24,16,5,6,2,1,0,0,1,4,7,3,1,2,1,0,0,0,0,0,0,11,6,3,3,0,1,0,0,2,1,22,9,4,4,3,2,0,2,6,5,14,5,2,0,2,0,0,1,2,3,2,1,0,0,1,0,1,0,1,1,18,12,3,2,6,1,0,1,10,7,11,7,6,3,2,2,0,1,4,2,43,21,11,7,5,8,1,2,23,25,9,2,4,0,2,1,0,0,3,8
233.25,12,1,4,0,1,0,0,0,2,1,0,0,0,0,0,1,0,0,0,0,3,1,2,0,1,2,0,0,0,0,10,3,5,2,1,3,0,0,4,2,7,1,4,2,0,1,0,0,6,3,44,16,19,10,7,3,1,7,17,20,6,1,1,0,0,1,0,0,2,1,0,0,1,0,0,1,0,0,1,1,10,4,1,1,0,2,0,0,2,2,218,79,87,29,25,20,2,17,68,62,1,0,3,0,0,0,0,0,0,0,0,0,0,0,0,0,0,0,0,0,0,0,0,0,0,0,0,0,0,0,29,17,10,4,2,1,1,0,13,10,0,0,0,0,0,0,0,0,0,0,1,0,0,0,0,2,0,0,0,2,10,3,4,2,0,2,1,1,5,6,6,3,8,0,4,2,0,0,3,3,4,2,0,2,0,0,1,0,0,2,2,0,1,1,0,0,0,0,2,0,5,0,0,0,0,0,0,0,2,0,86,24,19,9,6,7,1,8,18,25,20,5,5,3,2,1,0,0,6,7,0,0,0,0,0,0,0,0,0,0,10,9,3,3,1,0,0,0,5,6,26,7,3,3,1,1,0,0,5,4,7,2,3,3,1,2,0,0,4,2,6,2,0,1,2,0,0,0,2,3,24,10,8,2,2,2,0,2,4,6,5,7,4,0,2,1,1,0,2,5,44,22,16,8,3,9,1,1,10,19,8,3,4,1,2,1,0,0,2,3
233.75,11,2,4,1,0,1,0,1,3,4,0,0,0,0,0,0,0,0,0,1,2,1,0,3,0,0,0,0,1,2,9,1,2,0,2,2,0,0,0,3,4,1,4,1,0,1,0,0,5,4,35,21,12,8,4,3,0,6,21,19,4,3,1,0,0,1,0,1,1,2,2,1,2,0,0,0,0,0,0,1,11,5,3,0,1,0,0,1,4,2,218,92,80,29,17,17,1,13,72,49,1,0,0,0,0,0,0,0,0,1,0,0,0,0,0,0,0,0,0,0,1,0,0,0,0,0,0,0,0,0,28,16,20,7,5,4,0,3,6,9,0,0,0,0,0,0,0,0,0,0,1,0,1,2,1,0,0,0,3,0,13,5,1,0,1,0,0,2,6,5,9,8,1,0,0,2,0,0,5,1,4,3,2,0,0,0,0,0,0,0,2,1,0,1,0,0,0,0,0,0,3,3,0,0,0,0,0,0,0,1,79,30,26,16,9,4,0,5,20,29,16,12,5,2,3,0,0,1,5,3,0,3,1,1,1,0,0,1,0,0,12,6,5,1,2,1,0,0,2,3,17,14,16,7,0,2,0,1,5,2,9,5,5,1,0,3,0,0,1,3,1,3,3,4,0,0,0,1,1,2,29,7,11,1,2,2,1,4,8,7,14,6,4,2,1,1,0,1,6,4,45,17,19,4,5,2,2,2,18,21,13,4,3,7,0,2,0,1,1,7
234.25,11,6,4,3,3,0,0,0,2,4,0,0,0,0,0,0,0,1,0,0,3,0,2,0,0,0,0,0,1,0,11,5,3,2,1,0,0,0,5,2,4,2,3,2,3,0,0,0,2,3,34,20,12,10,9,3,0,2,16,25,8,3,1,0,1,1,0,0,2,2,4,1,2,0,0,0,0,0,0,1,6,9,9,0,0,1,0,0,1,2,223,106,80,36,31,18,0,4,68,67,1,1,2,0,0,0,0,0,0,0,1,0,0,0,0,0,0,0,0,0,1,0,0,1,0,0,0,0,0,0,26,17,15,3,5,2,0,2,14,10,0,0,0,0,0,0,0,0,0,0,3,1,1,0,0,0,0,0,0,1,13,6,8,6,3,1,0,1,5,9,13,7,2,1,0,1,0,1,2,7,8,1,1,1,0,0,0,0,3,0,2,0,1,0,0,0,0,0,0,2,4,3,3,0,0,0,0,0,3,1,94,38,34,18,11,13,1,6,31,25,16,9,5,3,3,2,1,3,11,6,2,0,0,0,0,0,0,0,1,1,17,2,6,1,0,2,0,1,3,5,23,6,11,5,0,3,0,0,10,2,8,7,1,1,2,1,0,0,4,1,3,0,0,0,0,1,0,0,3,2,32,14,9,2,2,6,0,1,8,1,20,4,6,2,2,1,0,0,5,4,64,24,13,6,9,6,0,4,19,21,8,1,7,7,0,2,0,0,1,5
234.75,6,4,3,1,2,0,0,1,7,4,0,1,0,0,0,0,0,0,0,0,1,0,0,1,0,1,0,0,1,1,12,1,3,3,0,1,0,0,1,2,11,5,0,1,2,0,0,0,2,4,34,21,16,6,6,4,0,5,19,27,5,1,3,0,0,0,0,0,1,3,1,3,2,0,1,1,0,1,2,0,18,5,6,3,1,1,0,0,2,0,251,100,72,43,36,31,0,10,75,73,0,0,1,0,1,0,0,0,0,1,2,0,0,0,0,0,0,0,0,0,0,0,0,0,0,0,0,0,0,0,36,13,7,2,4,0,0,0,12,9,0,1,0,0,0,0,0,0,0,0,2,1,2,2,0,0,0,0,1,1,16,11,5,0,4,3,0,1,5,5,11,4,4,2,1,0,1,0,3,3,6,1,0,0,0,0,0,0,4,0,4,0,1,1,0,0,0,0,0,2,2,2,2,0,0,0,0,0,1,0,95,30,38,13,11,12,0,6,28,25,17,5,4,3,1,1,0,0,5,4,4,0,0,0,0,0,0,0,1,1,13,8,6,2,2,0,0,0,9,3,24,10,7,3,2,1,0,1,11,13,14,3,4,3,0,1,0,0,4,2,4,2,3,0,0,0,0,0,2,3,32,12,14,4,4,1,0,2,9,5,15,8,5,1,0,1,0,3,3,4,43,18,18,7,5,4,2,4,13,19,16,4,8,1,2,3,0,0,1,7
235.25,11,8,7,0,1,0,0,0,2,1,0,0,0,0,0,0,0,0,1,0,1,0,2,0,1,0,0,0,0,1,8,4,5,2,2,2,0,0,2,1,7,7,5,0,0,1,1,1,3,1,31,20,18,8,3,6,0,4,14,17,4,3,3,1,1,0,0,1,0,1,1,1,1,0,0,0,0,0,1,2,18,2,4,1,6,2,0,0,4,4,266,111,93,32,31,35,3,8,79,62,2,0,0,1,2,0,0,0,0,0,0,0,0,0,0,0,0,0,0,0,0,0,0,0,0,0,0,0,0,0,43,18,14,3,2,3,0,0,10,6,0,0,0,0,0,0,0,0,0,0,3,1,0,2,0,0,0,1,1,0,15,10,6,3,2,2,0,0,8,10,20,6,4,1,1,0,1,1,7,7,5,4,2,0,0,0,0,2,1,0,1,2,1,1,2,0,0,0,3,1,6,2,2,1,0,0,0,2,1,2,121,52,43,11,4,6,1,4,30,26,9,9,11,5,2,2,0,0,9,4,3,2,1,0,0,0,0,0,1,0,13,9,5,5,1,0,0,1,3,3,29,14,7,6,3,3,1,1,12,10,8,4,6,1,0,0,0,0,3,4,4,2,3,1,1,1,0,0,2,2,28,12,10,5,0,2,0,1,7,6,18,5,5,5,3,2,0,0,7,6,51,23,18,3,5,3,0,3,20,19,9,6,3,1,0,2,0,1,1,1
235.75,14,3,5,1,0,2,0,0,7,6,0,0,0,0,0,0,0,0,0,0,2,1,0,1,0,0,0,0,0,0,8,6,1,0,2,0,0,0,2,1,5,3,9,1,2,1,0,0,5,5,45,18,18,16,9,3,0,1,21,33,6,1,1,2,0,1,0,0,4,1,4,2,1,0,3,2,0,0,0,2,13,4,4,1,4,1,0,3,6,6,250,122,81,44,23,20,2,8,82,69,1,0,0,0,0,0,0,0,0,1,1,2,0,0,0,0,0,0,0,1,0,0,1,0,0,0,0,0,0,0,40,14,15,4,6,4,0,3,14,12,0,0,0,0,0,0,0,0,1,0,1,1,1,0,0,0,0,0,0,0,16,8,1,3,2,4,2,2,10,6,16,8,3,0,2,2,1,1,5,7,8,3,3,2,1,0,0,0,2,2,0,1,0,0,0,1,0,0,1,3,7,4,3,0,0,0,0,0,1,1,110,40,46,9,16,5,1,8,29,24,19,5,12,5,4,3,0,1,7,7,1,2,3,0,0,0,0,0,1,1,10,6,4,0,1,1,0,0,5,4,27,15,10,5,2,0,0,1,7,8,9,2,3,0,3,0,0,0,6,2,6,0,0,0,1,0,0,0,1,3,33,13,11,3,1,0,0,1,12,6,19,2,4,2,2,2,0,3,6,5,47,22,18,9,7,5,0,5,15,14,15,3,3,3,1,1,0,2,3,5
236.25,10,10,2,5,2,0,0,1,2,7,0,0,0,0,0,0,0,0,0,0,0,2,3,1,0,1,0,0,0,0,10,2,5,1,0,2,0,2,4,1,10,3,1,3,2,0,0,1,2,10,40,21,14,11,3,3,0,5,16,15,2,1,2,0,1,0,0,0,2,4,1,0,1,1,0,2,0,0,2,0,13,6,6,1,3,1,0,2,0,1,284,127,90,38,21,19,3,16,90,72,2,0,0,0,0,0,0,0,0,0,1,1,0,0,0,0,0,0,0,0,0,0,0,0,0,0,0,0,0,0,46,15,11,9,5,3,1,0,16,7,0,0,0,0,0,0,0,0,0,0,0,1,0,0,1,0,0,0,0,2,16,7,1,0,0,3,0,1,7,5,18,8,6,1,2,1,0,0,8,4,4,2,4,0,0,1,0,1,0,1,2,0,0,1,0,0,0,1,3,1,7,0,2,0,2,0,0,0,1,4,126,41,32,13,18,9,0,1,37,22,22,8,3,8,3,1,0,4,1,9,4,0,0,0,1,0,0,0,1,0,19,9,1,2,2,0,0,0,6,5,29,12,8,2,2,0,0,1,6,7,15,2,7,5,0,0,0,1,3,2,3,3,1,0,0,1,0,2,1,2,29,8,10,10,0,0,0,1,13,7,18,5,8,3,1,2,0,0,5,6,43,30,15,4,6,9,1,2,15,24,16,5,6,2,0,2,0,1,6,2
236.75,16,6,5,2,0,5,0,2,9,1,0,0,0,0,0,0,0,0,0,0,5,0,0,1,0,0,0,0,1,1,14,4,3,2,1,1,2,0,3,3,15,3,7,1,2,1,0,0,3,7,45,17,10,12,2,10,2,2,12,17,11,2,1,0,0,0,0,0,3,0,4,0,1,0,0,1,0,0,1,1,7,4,5,2,2,3,0,1,6,0,296,125,103,42,34,20,2,12,94,64,1,0,0,0,0,1,0,0,1,0,3,0,0,0,0,0,0,0,1,0,1,0,0,0,0,0,0,0,0,0,42,28,14,8,3,2,1,1,7,8,0,1,0,0,0,0,0,0,0,0,0,0,1,1,0,0,0,0,0,1,14,9,6,2,3,1,0,2,8,9,15,7,7,2,1,0,0,1,1,3,12,5,3,0,1,0,0,0,1,0,5,1,2,0,0,0,0,0,0,0,8,0,1,0,0,0,0,0,1,1,129,56,48,17,14,6,1,2,29,31,21,10,10,0,5,2,1,1,8,6,1,1,0,0,0,0,0,0,0,0,11,2,5,4,0,2,0,0,6,3,39,15,13,5,2,1,0,0,8,9,10,4,6,1,1,1,0,0,4,5,2,2,3,2,3,0,0,0,0,1,38,7,9,9,6,1,1,0,9,8,23,9,3,4,4,0,0,0,8,4,51,26,11,9,5,3,0,4,17,15,17,7,5,2,3,0,0,0,5,8
237.25,11,6,5,1,0,0,0,0,3,2,0,0,0,0,0,0,0,0,0,0,8,2,1,0,1,0,0,0,0,0,11,3,9,0,2,0,0,0,5,1,17,2,3,3,5,0,0,2,5,3,33,26,16,10,6,4,0,4,17,28,5,4,1,1,2,0,0,0,0,4,0,1,1,1,0,0,0,0,2,0,16,5,1,3,5,4,0,2,7,4,302,141,103,47,31,25,2,9,97,73,0,0,0,1,0,1,0,0,0,0,2,0,1,0,0,0,0,0,1,0,1,0,0,0,0,0,0,0,0,0,56,20,7,4,4,5,0,1,17,8,0,0,0,0,0,0,0,0,0,0,2,1,0,0,0,0,0,0,0,0,18,8,8,0,0,3,0,1,11,3,11,8,8,2,1,0,0,0,12,5,8,3,0,1,1,1,0,0,1,3,6,3,1,1,0,0,0,0,0,4,5,4,3,1,0,1,0,0,0,2,149,54,39,25,16,11,1,5,45,28,25,8,8,1,0,0,0,4,8,9,6,0,1,1,0,1,0,1,2,1,13,5,4,0,1,1,0,0,8,4,41,10,12,2,3,3,0,0,8,4,15,10,3,0,2,0,0,1,3,3,7,2,3,1,1,1,0,0,0,2,31,13,7,3,2,0,0,1,8,9,19,12,8,1,1,1,0,4,13,3,50,27,19,5,7,4,1,4,17,23,13,7,6,1,5,0,0,2,2,5
237.75,15,5,7,1,1,0,0,0,4,0,0,0,0,0,0,0,0,0,1,0,6,3,2,0,0,0,0,0,0,0,10,2,5,2,2,0,0,1,1,0,8,4,4,0,1,1,0,0,4,4,40,15,13,12,3,3,1,7,20,24,10,3,3,0,0,0,0,0,2,2,7,0,0,0,0,0,1,0,0,1,12,10,11,2,1,5,0,2,5,2,339,106,81,53,36,25,2,14,103,81,2,1,0,0,1,0,0,0,0,0,4,1,1,1,0,0,0,0,0,0,1,0,0,0,0,0,0,0,0,0,47,19,11,5,5,4,0,3,23,10,1,0,0,0,0,0,0,0,0,0,5,1,0,0,0,0,0,0,0,1,19,4,0,3,3,1,0,2,3,6,26,8,4,5,4,2,0,0,7,2,6,2,4,1,1,0,0,0,1,0,5,3,0,1,0,0,0,0,0,2,5,4,3,1,1,0,0,0,3,1,153,54,40,20,12,11,0,5,32,25,21,8,14,4,2,1,0,2,4,5,2,0,0,0,0,0,0,0,0,2,25,5,6,3,1,0,0,2,5,4,52,8,14,3,4,1,0,3,15,8,21,8,3,2,2,0,0,0,2,6,7,1,2,0,0,0,0,0,3,1,29,14,14,3,4,1,0,2,8,7,22,7,3,1,2,3,0,0,5,4,62,27,25,7,10,11,2,4,25,20,17,7,7,4,3,2,0,2,5,9
238.25,16,8,8,2,3,0,0,1,3,3,0,0,0,0,0,0,0,0,0,0,3,0,2,2,2,1,0,0,1,1,12,6,5,1,0,1,0,1,4,0,11,5,4,3,1,4,0,1,1,9,57,27,14,5,7,4,1,4,24,22,4,3,0,3,0,1,0,0,3,1,1,2,0,1,0,0,0,0,1,0,15,2,3,4,1,1,0,1,8,4,324,149,102,50,22,36,2,13,94,87,0,0,1,0,0,0,0,1,0,0,1,0,0,0,0,0,0,0,1,0,0,1,1,0,0,0,0,0,0,0,53,22,19,7,5,10,0,1,11,7,0,0,0,0,0,0,0,0,0,0,5,2,5,0,0,0,0,0,1,2,7,2,7,0,4,4,0,0,9,2,15,7,9,3,0,1,0,1,6,2,5,4,4,4,0,0,0,0,1,1,0,0,2,0,0,1,0,0,0,0,8,3,1,1,0,1,0,1,0,1,137,65,53,20,16,16,2,2,40,36,18,11,7,6,5,2,0,0,6,7,7,0,0,0,0,0,0,0,0,1,17,7,10,4,1,2,0,0,5,1,34,16,12,3,4,0,0,1,7,12,16,10,5,2,2,2,0,0,3,4,3,1,0,2,0,4,0,0,1,2,35,11,10,6,3,4,0,1,12,8,19,7,6,4,2,2,1,2,6,4,84,22,21,13,5,7,0,5,21,18,19,7,4,3,2,3,1,0,6,4
238.75,23,5,5,2,3,3,0,0,6,0,0,0,0,0,0,0,0,0,0,0,4,3,0,1,0,1,0,0,2,0,10,4,3,1,1,0,0,0,6,1,13,7,5,0,1,0,0,1,2,2,39,23,12,11,10,6,0,1,19,17,11,3,5,1,0,0,0,0,1,5,2,1,1,0,1,0,0,0,0,0,12,9,6,0,0,3,0,0,3,5,346,135,98,51,32,27,1,14,133,91,0,2,0,0,0,1,0,0,1,1,1,0,1,0,0,0,0,0,0,0,0,0,0,0,0,0,0,0,0,1,39,28,26,6,2,5,0,1,20,17,0,0,0,0,0,0,0,0,0,0,3,2,1,0,0,0,0,0,1,0,8,7,5,2,4,2,0,3,4,6,19,5,6,3,1,0,1,2,9,6,10,6,3,0,1,2,0,0,3,6,5,2,1,1,1,0,0,0,0,0,8,1,1,2,0,0,0,0,2,2,135,76,43,25,9,8,0,4,39,31,22,10,8,2,4,3,0,1,4,4,3,1,2,0,0,0,0,0,1,2,20,8,8,2,0,2,0,0,3,4,54,17,15,5,4,1,2,2,19,8,15,8,10,1,1,3,0,1,7,1,1,2,3,0,0,1,0,1,1,2,42,20,12,4,7,4,0,2,9,8,24,3,10,1,1,2,0,0,4,1,47,40,22,9,6,6,0,4,24,15,18,5,5,1,4,4,0,3,6,3
239.25,14,8,6,2,1,2,0,1,5,5,0,0,0,0,0,0,0,0,0,1,7,3,4,1,1,1,0,0,0,3,12,2,4,2,1,0,1,1,5,4,12,7,5,2,0,1,0,1,8,4,48,20,15,9,4,4,1,4,28,16,6,5,1,0,0,0,0,0,5,1,0,1,1,0,0,0,0,0,1,1,34,12,3,6,2,0,0,2,7,4,316,138,98,57,48,26,1,12,94,74,0,1,0,0,1,0,0,0,0,1,5,0,0,0,0,0,0,0,0,0,1,0,0,0,0,0,0,0,1,0,57,22,19,7,5,9,1,1,15,13,0,0,0,0,0,0,0,0,0,0,4,0,0,0,0,0,1,0,2,3,22,6,4,2,1,1,0,1,6,9,19,12,6,1,1,0,0,1,9,3,7,4,3,1,0,0,0,0,1,3,7,4,3,0,2,0,0,0,1,1,9,2,3,0,1,0,0,0,4,0,135,71,63,13,17,5,1,7,43,36,20,8,8,1,2,1,0,1,6,6,0,1,3,1,0,1,0,0,1,2,15,3,9,2,2,2,0,0,9,5,40,26,15,5,3,9,0,2,5,12,22,11,4,2,3,0,0,0,5,5,7,2,2,0,1,1,0,0,2,2,26,22,7,8,3,3,0,0,14,10,24,5,8,1,2,3,0,3,6,2,74,22,27,7,6,6,1,3,15,14,15,15,8,3,2,2,0,0,8,4
239.75,21,7,5,3,0,0,0,0,5,4,0,0,0,0,0,0,0,0,0,0,5,5,1,0,0,0,0,2,1,3,15,9,2,1,2,1,0,1,2,4,16,4,2,4,2,1,0,2,7,2,32,30,20,10,6,7,3,2,17,18,15,1,0,2,0,2,0,1,2,3,3,0,3,0,0,0,0,0,2,2,20,5,11,2,1,3,0,0,4,2,350,143,116,52,40,25,0,12,110,70,1,1,0,0,0,1,0,0,0,0,0,0,0,0,1,0,0,0,0,1,0,0,0,1,0,0,0,0,0,0,65,21,17,6,5,6,0,3,16,11,0,0,0,0,0,0,0,0,0,0,1,1,1,1,1,0,0,0,0,1,18,6,7,4,1,1,0,0,5,9,20,6,5,3,5,1,1,1,7,6,12,3,1,3,1,0,0,1,3,0,2,2,0,0,0,0,0,0,1,1,7,0,3,1,1,0,0,0,1,3,161,68,48,22,20,11,2,4,65,39,31,16,8,2,5,1,0,1,10,10,2,2,0,1,0,0,0,0,0,0,20,9,9,2,3,1,0,0,3,4,72,19,10,5,3,4,0,1,16,9,22,4,8,4,1,3,0,0,9,5,6,2,4,2,2,1,1,1,4,1,46,17,10,1,4,2,0,3,7,6,27,16,9,1,1,3,0,2,7,6,74,31,28,8,8,5,2,6,29,19,21,7,6,3,0,0,1,0,4,2
240.25,20,9,6,4,1,0,0,0,8,8,0,0,0,0,0,0,0,0,0,0,7,0,2,1,1,1,0,0,2,2,7,4,7,2,3,0,0,0,6,6,18,7,7,1,2,3,1,1,5,6,39,18,16,8,4,8,2,1,14,26,6,0,3,0,1,1,0,0,0,0,2,0,0,0,1,1,0,0,2,0,22,6,5,5,2,0,0,1,3,6,375,158,147,47,31,40,2,11,123,93,0,0,0,0,0,0,0,0,2,0,1,0,1,0,0,0,0,0,0,0,0,0,0,0,0,0,0,0,0,0,58,28,21,14,8,3,0,2,16,14,0,0,0,0,0,0,0,0,0,0,4,2,0,0,0,1,0,0,1,1,20,10,3,2,2,1,0,1,4,10,15,13,7,2,2,1,0,0,7,6,6,4,1,1,3,0,0,0,4,1,5,1,5,0,1,1,0,0,2,2,8,4,4,0,0,0,1,1,4,1,163,68,53,23,22,25,1,3,59,49,39,20,6,3,3,3,0,2,11,9,4,5,0,1,0,0,0,0,4,0,14,11,4,8,1,1,0,1,7,2,38,29,20,8,5,1,1,1,19,5,23,5,13,4,3,0,2,1,5,4,2,3,4,1,2,0,0,1,1,5,52,32,12,5,2,5,0,2,11,3,24,12,9,1,3,1,0,1,2,4,106,30,27,7,9,8,0,2,22,26,23,9,6,4,3,1,0,2,10,3
240.75,23,7,4,2,1,0,0,0,6,6,0,0,0,0,0,0,0,0,0,0,6,0,1,3,0,0,0,0,3,3,16,8,1,2,3,2,0,0,4,5,14,12,7,4,3,1,2,1,3,7,41,21,16,7,5,12,2,3,16,20,8,5,4,1,0,0,0,0,1,3,4,2,1,1,0,0,0,0,0,1,12,10,11,2,1,0,0,2,5,7,375,173,130,56,39,35,5,9,145,100,0,1,0,0,0,0,1,0,0,1,6,0,0,0,0,1,0,0,0,0,1,0,0,0,0,0,0,0,0,0,60,26,21,12,10,0,0,0,24,18,0,1,0,0,0,0,0,0,0,0,2,3,0,0,0,0,0,0,1,0,23,12,8,3,0,4,0,2,12,5,18,8,2,2,1,2,0,0,9,8,7,3,3,1,3,2,0,0,2,1,6,1,0,0,0,0,0,0,3,0,13,1,2,3,1,1,0,0,1,4,177,63,51,22,17,15,4,7,60,30,32,8,10,2,5,2,0,0,12,10,3,2,0,0,0,0,0,1,0,0,20,11,4,7,1,0,1,1,7,9,65,23,17,2,12,2,0,4,14,12,22,11,4,3,3,2,0,1,6,6,6,0,0,2,2,0,0,0,0,2,45,19,14,7,6,3,0,0,14,9,32,12,7,1,3,5,1,1,7,5,107,30,23,8,13,11,0,4,22,14,23,11,6,5,1,2,0,1,5,3
241.25,17,11,4,2,6,0,0,0,5,4,0,0,0,0,0,0,0,0,0,0,3,4,4,1,1,0,0,1,1,1,16,7,4,1,2,1,0,0,6,7,14,12,7,3,3,1,0,1,5,2,36,21,16,8,7,5,4,3,21,21,11,6,3,4,0,0,0,1,2,1,6,2,4,1,0,0,0,1,0,1,19,6,4,6,0,2,0,3,8,4,395,179,122,61,35,23,1,15,139,116,0,0,0,0,0,1,0,0,1,1,0,2,0,0,0,0,0,0,2,0,0,0,0,0,0,0,0,0,0,0,70,33,24,12,8,5,0,1,16,12,0,0,0,0,0,0,0,0,0,0,4,4,2,1,0,0,0,1,2,0,18,9,6,1,3,4,0,3,7,9,30,8,11,2,4,3,0,0,7,2,8,1,1,1,1,2,0,0,4,2,3,4,1,0,0,1,0,0,2,0,8,1,2,2,1,2,0,0,2,1,164,76,51,26,22,13,3,2,50,38,33,12,7,4,7,2,0,2,17,11,5,3,1,2,0,0,0,0,1,2,14,10,5,0,0,0,0,0,10,6,67,26,20,8,4,2,0,0,17,13,27,11,3,3,2,0,0,0,4,2,8,4,7,1,1,1,0,2,4,1,50,19,17,11,2,4,0,1,14,13,27,11,11,8,2,1,1,0,6,6,91,27,40,12,8,5,2,6,33,27,11,5,6,5,3,3,0,0,4,7
241.75,23,3,3,2,2,1,0,0,6,3,2,0,0,0,0,0,0,0,0,0,3,1,3,2,1,1,0,0,1,2,22,6,3,2,2,2,1,1,3,3,27,6,3,1,3,5,0,0,8,7,37,31,13,18,6,5,2,2,22,28,6,9,1,2,2,0,0,0,3,2,3,1,1,1,0,0,0,0,1,2,14,9,5,1,3,1,0,0,4,4,395,174,138,63,39,38,2,14,135,123,2,0,0,0,0,0,0,0,1,0,2,1,3,0,0,0,0,0,0,1,0,1,0,0,0,0,0,0,0,0,63,32,15,5,3,6,1,3,20,13,0,0,0,0,0,0,0,0,0,0,5,5,1,0,0,0,0,0,2,2,23,6,7,2,4,0,0,2,5,9,24,17,6,2,1,3,0,1,5,6,17,4,4,2,0,0,0,1,4,1,4,1,0,0,0,0,0,0,0,0,8,7,3,2,1,0,0,0,6,0,156,67,59,18,16,22,0,4,50,35,28,14,17,6,5,7,0,2,9,11,3,1,2,1,1,0,0,0,1,1,23,7,7,7,3,3,0,0,2,5,65,15,24,5,2,6,0,1,14,12,26,12,9,3,2,3,0,0,5,6,7,0,1,2,0,1,1,0,0,2,46,22,21,4,4,4,0,1,11,8,25,15,7,5,6,0,0,0,14,11,90,34,33,14,9,6,0,1,29,25,19,11,11,3,2,1,0,3,7,7
242.25,16,10,8,7,4,4,0,0,6,12,0,0,0,0,0,0,0,0,0,0,4,5,0,2,0,0,0,0,0,2,11,3,5,3,1,5,0,0,9,4,16,5,4,0,0,1,1,0,5,4,36,18,23,11,5,11,0,4,23,22,10,8,2,1,0,0,0,1,5,1,4,1,2,1,1,0,0,1,1,2,18,6,7,0,3,2,0,0,6,12,417,198,154,58,45,32,3,21,131,107,0,1,0,0,0,0,0,0,1,1,2,2,2,1,0,0,0,0,1,1,0,0,1,0,0,0,0,0,0,0,85,24,21,10,8,5,1,3,17,22,0,0,0,0,0,0,0,0,1,0,4,0,1,0,2,1,0,0,1,0,25,18,5,6,1,0,1,0,9,5,26,12,8,4,2,4,0,4,7,4,10,6,4,1,2,2,0,1,7,1,6,2,3,1,0,1,0,0,5,1,9,3,2,1,2,1,0,0,1,5,202,96,59,24,16,15,1,12,57,31,24,10,11,5,2,2,1,1,15,10,5,2,1,4,3,0,0,0,0,1,16,9,8,2,2,1,0,0,7,3,63,24,20,9,8,4,0,3,17,8,35,12,10,3,4,3,1,0,6,6,5,5,3,0,1,1,0,0,3,3,56,30,12,6,6,7,0,2,18,10,28,13,11,4,1,4,0,1,15,8,94,40,24,10,15,6,0,6,37,23,26,12,8,3,3,2,0,0,8,4
242.75,29,14,15,2,1,1,0,1,5,7,1,0,0,0,0,0,0,0,0,0,6,0,1,2,0,1,0,0,4,2,14,8,7,2,1,1,0,0,5,4,13,10,11,1,3,1,0,1,5,6,49,16,15,11,6,5,3,11,25,24,14,11,4,2,0,0,0,0,5,5,5,3,2,3,1,0,0,0,1,1,22,6,6,4,2,1,0,1,9,5,387,212,164,65,45,34,4,18,130,107,0,1,0,0,0,0,0,0,0,0,4,3,2,0,1,0,0,0,1,1,1,0,0,0,0,0,0,0,0,0,78,35,26,13,2,8,0,3,22,20,0,0,0,0,0,0,0,0,0,0,8,1,3,0,0,0,0,0,1,0,18,8,14,2,2,2,0,1,7,10,32,14,13,3,4,1,1,1,8,7,7,5,6,1,1,0,0,0,2,1,7,0,2,2,0,0,0,0,4,0,12,3,5,4,0,3,0,0,4,5,198,76,64,37,23,20,2,7,60,50,32,19,11,5,3,5,0,1,9,13,4,5,0,0,0,1,0,0,0,3,21,10,3,5,4,0,0,1,6,5,62,31,18,15,4,4,0,2,13,7,20,15,11,4,5,1,0,0,6,5,6,1,2,1,0,0,0,2,2,3,61,18,24,7,7,2,0,1,20,12,28,14,15,5,3,1,0,1,13,10,100,38,37,18,10,16,0,1,30,20,20,9,6,6,1,3,0,0,8,6
243.25,24,14,7,6,7,0,0,0,5,5,0,0,0,0,0,0,0,0,0,0,7,1,1,2,1,0,0,0,1,0,19,10,8,0,4,2,0,0,6,2,18,5,8,4,1,1,0,1,5,5,32,16,14,12,7,5,1,8,22,35,13,4,2,0,0,1,0,0,3,3,3,1,2,2,1,0,0,0,0,0,27,8,9,5,1,2,0,1,6,6,436,196,156,70,51,41,1,22,136,96,2,2,0,0,0,0,0,0,0,0,2,0,1,0,0,0,0,0,0,0,1,0,0,0,0,0,0,0,0,0,67,34,23,6,5,3,0,4,22,17,0,0,0,0,0,0,0,0,0,0,3,0,1,2,0,1,1,0,0,4,26,8,9,4,4,0,0,4,7,8,34,10,13,4,3,2,0,1,3,3,8,4,3,3,0,1,0,1,3,3,9,0,1,2,1,0,0,0,0,4,9,4,4,2,0,1,0,0,1,2,201,93,60,30,18,16,2,5,65,42,29,16,8,3,4,3,0,2,11,17,6,1,1,0,0,0,0,0,2,0,17,13,7,1,1,1,1,0,6,7,72,28,12,6,8,4,0,4,25,13,28,11,13,7,2,5,0,2,7,4,5,4,4,5,0,0,0,0,3,0,69,24,17,10,3,2,0,3,17,18,33,14,10,7,5,4,0,2,10,11,82,53,29,24,11,16,0,6,34,16,27,13,11,4,3,1,1,1,7,4
243.75,28,9,13,2,3,7,0,0,6,9,0,0,0,0,0,0,0,0,0,0,6,2,2,1,0,1,0,0,5,0,24,7,2,3,2,1,1,0,4,6,19,6,4,6,4,0,0,0,6,6,35,31,15,11,6,7,2,1,25,29,11,4,3,3,1,0,0,0,7,2,6,0,1,0,0,1,0,1,2,1,22,12,7,3,3,3,0,3,4,6,408,197,145,67,54,35,1,17,197,128,2,1,0,0,0,0,0,0,0,0,1,2,0,2,0,0,0,0,0,1,2,0,0,0,0,0,0,0,1,0,75,31,35,14,3,7,0,4,23,11,0,0,0,0,0,0,0,0,0,0,4,0,1,1,0,0,0,0,0,0,24,11,9,1,2,5,0,0,5,4,24,12,12,6,0,2,0,0,14,11,17,6,3,6,0,2,0,0,1,5,12,4,0,1,0,1,0,0,0,0,11,5,3,4,1,0,0,1,7,8,220,78,62,32,19,18,4,6,74,57,32,11,8,5,3,3,0,1,13,7,6,1,1,1,0,0,0,0,0,0,25,13,9,4,1,1,0,1,11,4,62,31,17,13,6,6,0,3,26,11,42,5,6,5,3,1,0,1,12,3,13,3,1,2,0,0,0,0,4,0,70,24,14,12,4,2,0,1,20,14,31,14,11,5,2,2,1,3,4,4,98,41,33,15,13,2,1,6,34,26,21,6,6,4,0,4,0,1,8,4
244.25,33,8,12,2,2,3,0,5,11,8,2,0,1,0,0,0,0,0,0,0,4,4,2,2,0,0,0,1,2,1,12,8,8,2,2,5,0,2,10,4,17,10,8,4,4,1,1,0,8,5,37,25,18,6,0,6,1,6,23,33,9,9,5,0,2,3,0,2,3,4,5,2,2,0,0,0,0,0,0,1,22,11,12,5,1,3,0,1,8,5,467,194,179,74,61,42,5,19,171,137,5,1,0,0,0,0,0,0,1,0,6,1,0,0,0,0,0,0,1,1,1,0,1,0,0,0,0,0,0,0,98,36,25,10,6,7,0,1,28,15,0,0,0,0,0,0,0,0,0,0,8,1,1,0,0,1,0,0,1,1,31,13,9,4,6,1,0,1,9,8,41,9,10,7,4,1,0,0,12,7,6,3,5,2,0,1,0,0,5,1,9,5,3,1,0,0,0,0,2,0,12,8,3,2,1,0,0,0,3,4,220,85,79,33,20,19,0,6,70,51,31,16,13,4,1,3,0,4,10,6,4,1,2,0,0,0,0,0,1,2,24,10,6,3,1,0,0,1,10,4,65,34,27,8,10,5,0,1,29,15,27,16,14,4,3,2,1,2,10,8,11,5,0,0,0,2,0,0,2,4,65,23,28,8,9,9,0,3,29,12,36,11,6,4,4,4,0,0,9,11,85,52,32,12,9,11,1,3,31,26,30,9,8,4,0,2,1,0,13,3
244.75,34,20,11,4,3,5,0,2,8,4,1,0,1,0,0,0,0,0,0,0,3,3,0,0,1,0,0,0,3,1,22,9,11,3,1,3,1,2,2,3,22,11,10,5,2,5,1,1,7,5,42,22,20,10,5,1,0,4,14,21,12,2,3,3,1,0,0,0,7,1,6,3,2,1,0,0,0,1,0,1,26,11,10,5,4,0,0,0,7,11,476,201,139,63,44,49,7,20,149,124,2,0,1,0,0,0,0,0,0,1,1,1,0,0,1,0,0,0,1,1,2,1,0,0,0,0,0,0,0,0,101,34,28,19,13,5,1,1,43,17,0,0,0,0,0,0,0,0,0,0,5,3,1,1,1,0,0,0,0,0,38,13,7,4,1,2,0,2,8,6,38,22,9,5,3,1,1,0,13,9,3,3,2,4,1,0,0,0,2,4,11,5,3,2,0,0,0,0,3,5,6,3,3,0,0,2,0,2,5,0,213,94,54,26,21,13,1,8,72,60,37,21,12,6,5,5,0,3,12,8,1,2,1,0,0,0,0,1,4,1,26,9,8,3,4,2,1,1,12,6,79,34,29,10,8,7,0,3,20,13,25,14,7,4,1,4,0,0,15,9,7,5,3,1,1,0,0,0,6,1,73,23,24,11,7,5,0,1,20,8,32,14,17,5,3,3,0,3,14,3,113,44,36,18,10,13,1,10,39,22,25,15,12,8,7,1,0,0,6,9
245.25,37,11,5,1,2,3,0,0,9,6,2,0,0,2,0,0,0,0,0,0,5,2,3,1,0,0,1,1,2,1,18,10,7,1,5,3,0,0,3,2,20,14,8,2,1,5,0,0,6,7,42,28,18,8,3,8,2,5,20,32,10,3,1,1,0,1,0,1,4,2,4,3,1,0,2,1,0,0,0,2,20,12,8,2,6,2,0,3,7,13,451,229,184,84,69,47,2,17,150,138,1,0,1,0,0,0,0,0,0,0,4,0,1,0,0,0,0,0,1,0,0,0,0,0,0,0,0,0,0,0,94,33,30,16,10,4,0,2,29,19,0,0,0,0,0,0,0,0,0,0,7,2,4,1,1,0,0,0,1,1,22,13,14,3,8,4,0,0,9,5,27,13,11,10,2,2,0,0,12,10,13,3,5,2,0,0,0,1,6,4,6,3,1,1,0,0,0,0,3,0,10,5,3,3,1,0,0,0,3,1,259,120,98,35,28,22,2,8,93,61,39,14,13,6,6,6,0,1,12,10,6,4,1,0,0,1,0,0,3,0,33,11,5,4,1,4,0,0,7,8,76,37,27,11,13,9,0,1,30,16,27,16,16,2,0,2,0,0,16,3,8,5,4,3,0,0,0,0,4,1,69,32,22,9,10,1,1,4,23,16,34,11,12,5,8,8,1,1,7,8,97,52,34,17,18,4,2,5,41,32,26,7,11,4,3,1,0,0,11,5
245.75,41,11,21,6,3,1,0,1,10,8,0,1,1,0,0,0,0,0,0,1,8,1,2,1,0,0,0,0,1,2,25,7,2,6,1,0,0,0,7,5,26,9,14,8,6,0,0,3,7,5,36,13,17,4,8,7,1,5,19,33,12,7,4,3,2,2,0,0,5,4,8,1,3,0,1,1,0,0,1,0,29,10,8,2,0,5,0,2,12,6,478,200,178,93,55,40,6,18,189,121,2,0,0,0,0,0,0,1,1,0,4,5,2,0,2,0,0,0,0,2,0,1,0,0,0,0,0,0,0,0,85,46,26,13,10,7,0,3,29,21,0,0,0,0,0,0,0,0,0,0,2,4,3,0,1,0,0,0,2,2,39,17,11,1,5,5,1,1,9,4,27,13,5,7,1,0,0,0,9,13,9,5,7,2,1,1,0,0,4,3,9,1,5,0,2,0,0,0,1,1,12,11,7,1,1,0,0,0,3,1,268,115,87,46,30,20,1,10,86,62,39,19,13,4,6,7,0,2,16,7,7,2,3,0,0,0,0,0,2,0,27,12,8,2,5,1,0,1,11,5,77,36,21,11,10,6,0,0,25,26,35,18,9,2,1,5,0,2,11,9,7,3,1,0,1,0,0,0,3,2,73,35,18,10,9,9,1,3,22,13,38,19,3,6,1,3,0,1,13,7,111,59,38,10,11,10,1,6,31,31,35,10,10,2,3,3,0,2,5,5
246.25,46,12,11,8,3,2,0,1,13,7,0,0,1,0,0,0,0,0,0,0,3,4,2,0,1,1,0,0,0,0,29,8,4,6,6,2,0,2,5,7,21,15,7,6,1,3,0,0,11,6,42,17,12,7,6,2,0,6,28,26,17,6,5,1,0,1,0,0,6,1,7,0,1,1,1,1,0,2,0,1,33,19,9,4,3,1,1,6,11,7,468,225,185,93,46,50,5,25,184,143,3,0,0,0,0,0,0,0,0,0,0,3,1,0,0,1,0,0,3,1,1,0,2,0,0,0,0,0,3,1,87,37,42,17,8,7,0,3,33,23,0,0,0,0,0,0,0,0,0,0,9,0,2,1,1,0,0,0,4,0,25,12,14,5,4,4,2,2,12,14,27,17,10,5,5,3,0,0,19,11,8,4,4,1,3,1,1,2,2,3,7,3,3,1,1,1,0,0,5,2,15,3,3,1,1,1,0,1,2,1,253,118,89,26,31,26,4,12,71,46,39,14,13,6,4,5,1,2,15,6,5,6,3,0,1,1,0,1,2,2,27,12,11,7,0,3,0,0,9,7,86,36,28,14,10,3,0,3,32,23,30,10,12,9,6,2,1,3,17,4,9,3,2,2,0,0,0,0,4,3,63,42,27,11,9,5,1,2,21,13,34,16,20,7,4,1,0,3,16,11,108,66,45,28,12,8,1,7,37,39,33,12,20,6,2,1,0,2,6,8
246.75,36,15,13,8,5,2,0,1,9,9,3,1,0,0,0,0,0,0,0,0,6,4,1,1,0,0,0,0,4,1,19,18,14,2,3,3,0,1,5,6,24,15,6,2,4,2,1,2,12,9,38,23,22,8,7,4,0,2,17,21,12,10,7,4,4,1,0,0,4,4,2,3,4,0,0,1,0,0,6,0,31,18,9,4,3,4,1,1,8,8,551,250,189,103,69,43,6,26,190,134,0,0,0,1,0,0,0,0,2,0,2,0,2,1,3,2,0,0,0,0,1,0,0,0,0,0,0,0,0,0,122,43,31,8,17,6,0,4,40,34,0,0,0,0,0,0,0,0,1,0,4,4,0,1,0,1,0,1,3,1,22,11,12,1,4,6,0,0,12,5,20,18,17,10,2,2,0,3,10,13,9,8,7,5,0,1,0,0,3,4,7,7,6,1,1,0,0,0,1,1,11,6,4,4,4,1,0,0,11,6,233,123,77,53,17,30,2,10,84,57,32,22,16,7,5,5,0,3,16,5,7,0,2,0,0,0,0,0,6,1,28,13,10,3,3,2,0,0,9,13,99,34,32,12,6,6,2,0,23,19,41,13,14,6,6,1,1,2,13,8,7,5,4,1,2,1,1,0,4,0,66,32,17,9,11,8,1,2,23,16,40,17,14,0,3,0,0,3,7,8,121,61,48,19,13,14,4,3,46,27,36,11,15,10,4,3,0,2,11,11
247.25,31,15,11,4,7,5,0,0,10,4,1,0,2,0,0,0,0,0,0,0,2,1,1,1,0,1,0,1,3,1,30,10,8,5,2,0,0,1,13,3,28,9,5,4,4,6,0,3,13,5,44,19,22,7,6,8,1,2,33,20,13,5,5,1,1,2,0,0,3,2,7,6,2,0,0,0,0,0,1,0,30,11,4,4,7,1,0,4,16,10,504,253,205,102,68,76,2,24,208,151,2,2,1,0,0,0,0,0,0,1,4,1,0,1,1,0,0,0,0,0,1,0,0,1,0,0,0,0,0,1,99,53,42,21,11,5,0,2,22,25,0,0,0,0,0,0,0,0,0,0,5,2,3,0,1,0,0,0,1,1,35,13,16,4,4,1,0,1,13,11,35,13,10,8,5,1,1,1,11,10,7,8,2,1,0,0,0,1,4,4,11,2,10,0,1,1,1,0,4,1,6,10,7,1,2,1,0,1,6,2,247,112,89,41,27,20,3,8,104,66,43,13,16,7,3,1,0,2,18,21,9,5,3,0,2,0,0,0,2,2,39,16,14,7,4,1,0,1,10,10,99,33,36,9,7,9,0,0,27,19,29,23,20,5,3,3,0,2,19,3,8,2,8,1,1,2,0,1,2,1,78,26,24,16,13,13,0,2,31,16,48,15,10,5,3,1,0,1,11,6,143,55,44,18,13,10,0,5,48,33,54,10,10,4,11,5,1,0,12,8
247.75,46,24,11,6,7,6,0,1,16,4,4,1,0,0,0,0,0,0,0,0,8,3,3,0,1,1,0,0,6,1,13,7,7,4,1,3,0,1,6,7,23,12,5,3,3,3,0,2,8,8,45,18,15,7,8,3,0,5,20,35,14,7,3,0,3,1,0,0,6,8,3,4,0,1,1,0,0,1,1,0,37,13,14,7,3,1,0,1,15,9,506,241,222,80,82,63,9,23,203,162,3,0,0,0,0,0,0,0,1,0,2,0,3,1,0,1,0,0,1,0,1,1,1,0,1,0,0,0,0,0,99,51,40,16,10,11,1,7,37,19,0,0,0,0,0,0,0,0,0,0,5,4,2,2,2,1,0,1,4,1,46,24,16,9,2,3,0,1,14,15,32,15,9,6,1,8,0,0,14,7,14,3,5,2,2,0,0,0,5,5,14,5,3,1,1,0,0,0,2,5,8,2,6,1,5,3,0,1,4,6,258,101,114,41,22,18,1,11,90,73,44,15,13,6,5,3,0,0,11,14,8,2,4,0,2,0,0,0,3,3,34,21,10,4,4,8,0,1,15,5,104,46,37,18,14,10,0,4,22,26,44,20,13,8,5,4,1,1,15,10,5,3,4,2,2,1,0,0,3,3,85,42,35,11,5,4,1,3,25,12,41,20,19,5,2,2,0,1,16,7,99,52,48,27,10,9,2,3,56,31,29,20,17,4,1,5,0,2,12,12
248.25,41,15,11,11,5,4,0,1,17,5,0,0,0,0,0,0,0,0,0,0,4,6,1,0,0,0,0,0,1,4,24,13,8,1,2,4,0,2,10,6,25,11,6,1,5,0,0,1,8,9,44,12,17,10,10,8,0,7,17,33,9,0,3,3,0,3,0,2,6,2,7,2,1,0,1,0,0,0,1,1,23,17,9,1,5,7,0,0,12,10,589,279,198,97,77,64,5,28,205,169,4,2,3,2,0,0,0,0,3,0,2,0,0,2,0,0,0,0,1,0,1,0,0,1,1,0,0,0,0,0,112,49,40,15,14,8,1,5,42,27,0,0,0,0,0,0,0,0,0,0,7,4,2,2,3,1,0,0,1,1,37,23,13,8,10,4,0,0,11,10,30,10,10,11,2,5,0,3,15,8,17,6,5,4,3,2,0,0,5,3,8,6,0,3,1,0,0,1,2,3,10,4,2,3,0,2,0,1,4,7,318,128,99,44,21,20,0,17,89,74,43,16,16,6,5,4,0,1,16,9,14,0,1,1,0,0,0,0,1,2,30,14,15,10,2,0,0,1,13,6,104,57,28,18,14,5,0,4,37,18,59,19,8,8,4,5,1,0,5,10,15,7,7,2,2,1,1,0,3,5,88,36,21,14,11,9,1,3,35,24,46,16,11,7,4,4,0,1,18,17,144,51,45,23,11,8,3,4,51,25,34,16,15,1,6,4,0,1,6,15
248.75,44,22,8,5,7,1,0,6,9,7,2,1,0,1,0,0,0,0,0,0,7,2,1,1,1,0,0,0,1,3,18,10,12,6,2,2,0,0,9,12,23,14,9,3,0,3,0,0,10,14,42,18,13,7,9,4,2,2,27,25,17,7,3,0,1,1,0,2,3,4,11,2,1,0,0,1,0,1,2,3,22,15,12,6,0,1,0,2,10,15,567,272,213,96,55,53,6,22,234,185,1,2,1,0,0,0,0,0,0,1,1,1,1,0,0,0,0,0,2,1,1,0,0,0,0,0,0,0,0,0,123,44,37,13,11,9,0,3,31,26,0,0,0,0,0,0,0,0,0,0,7,1,2,0,1,2,0,0,0,2,39,25,14,6,5,1,0,1,15,15,34,16,9,5,7,1,0,1,9,11,14,4,8,0,1,1,0,0,12,4,6,2,3,3,2,0,0,1,4,3,17,5,5,3,1,1,0,1,2,3,306,113,115,49,34,32,2,12,91,76,49,29,17,3,7,4,0,2,19,20,6,8,6,2,2,1,0,0,1,1,37,13,9,4,6,0,0,1,8,8,115,41,39,12,18,8,1,2,33,19,40,22,12,2,5,5,0,5,15,13,10,4,3,3,1,2,0,0,1,2,91,34,29,8,8,8,1,4,34,18,48,25,19,9,9,1,0,0,16,8,128,51,34,19,13,9,1,9,44,34,39,15,12,4,4,0,0,3,15,7
249.25,36,17,21,5,3,8,0,4,19,8,1,2,0,0,0,0,0,0,0,0,9,2,3,0,0,0,0,0,1,1,19,7,6,8,5,1,0,2,10,5,25,8,6,3,3,3,1,1,11,10,40,29,26,14,10,5,1,7,19,31,25,7,3,0,1,0,0,0,7,3,11,5,4,1,3,0,0,1,1,1,39,20,13,5,3,0,2,4,13,7,538,304,215,112,74,64,5,24,243,185,1,2,1,0,0,0,0,0,0,0,5,1,0,0,1,1,0,0,1,0,2,2,1,0,0,0,0,0,0,1,118,51,48,24,15,18,1,5,47,27,1,0,0,0,0,0,0,0,0,0,3,1,2,2,1,1,0,0,3,0,51,18,14,7,4,6,0,4,18,11,45,14,14,4,3,3,0,2,19,20,21,4,2,1,1,2,0,1,5,2,10,0,5,1,0,3,0,0,4,4,16,4,6,0,2,1,0,0,3,3,304,151,122,41,37,22,0,10,88,64,61,28,14,10,4,6,0,3,19,12,4,4,2,2,2,1,0,0,4,1,39,13,12,5,4,5,0,2,16,12,125,54,25,14,17,10,0,5,37,28,41,23,13,8,5,2,1,2,12,5,13,4,1,3,1,1,0,0,6,3,74,47,29,11,7,13,1,3,29,15,55,28,20,9,3,6,0,0,19,11,120,71,59,23,19,15,0,3,49,39,39,22,18,10,5,9,0,1,16,9
249.75,43,25,15,9,3,1,0,2,11,11,3,2,0,0,0,0,0,0,0,0,11,1,4,0,0,0,1,0,0,2,19,6,6,5,0,0,0,1,13,6,26,10,13,5,3,6,0,2,12,6,41,22,21,5,5,9,1,4,32,23,10,7,9,1,0,1,0,1,10,4,3,3,1,2,0,2,0,0,5,0,34,17,13,6,5,3,0,2,19,6,577,228,226,107,69,76,4,15,245,194,5,1,1,0,0,0,0,1,0,1,2,1,4,0,0,0,0,0,2,0,0,1,1,0,0,0,0,0,1,0,145,48,41,15,17,10,1,7,44,29,0,0,0,0,0,0,0,0,0,0,7,3,3,1,0,1,0,0,3,3,47,15,16,3,4,5,0,3,16,10,22,18,8,3,3,1,1,0,12,12,18,6,4,6,5,2,0,0,3,2,17,8,4,1,0,0,0,0,1,3,17,4,7,1,1,2,0,0,3,3,300,152,118,39,33,23,3,15,114,79,47,18,18,7,6,7,2,4,16,14,6,4,2,1,0,1,0,0,1,1,38,21,17,10,4,3,0,2,10,6,102,63,39,28,9,15,0,1,42,27,45,16,14,7,5,8,0,1,19,9,15,5,9,2,1,1,0,0,3,5,88,44,42,12,10,10,0,0,33,26,55,21,19,11,7,5,0,1,9,11,148,66,52,25,17,9,3,7,67,33,31,23,14,10,4,4,0,0,16,11
250.25,43,17,18,5,4,4,0,1,13,11,2,1,0,0,1,0,0,0,0,0,11,4,5,5,1,1,0,0,4,4,26,13,11,5,6,3,0,1,5,13,31,12,8,8,3,3,0,4,8,8,45,18,17,11,3,5,0,4,24,26,17,13,8,2,1,2,0,0,9,6,6,4,3,2,0,1,1,0,3,4,34,13,10,7,2,2,0,1,10,14,611,283,230,131,84,59,6,28,228,199,4,0,1,0,0,0,0,0,0,0,3,5,0,0,0,1,0,0,0,2,1,0,0,0,0,0,0,0,0,0,126,36,40,21,11,14,0,7,43,40,0,1,0,0,0,0,0,0,0,0,5,4,4,0,1,0,0,1,1,3,45,11,16,7,7,6,0,2,13,12,41,13,16,4,2,1,2,1,15,11,14,10,5,3,1,0,0,0,7,6,13,4,6,0,2,0,0,0,2,2,16,6,5,1,0,1,0,2,4,1,339,125,129,40,33,36,1,11,120,61,41,37,18,8,8,5,2,2,22,11,10,6,5,0,2,0,0,1,2,1,39,23,21,6,3,0,0,0,19,12,117,53,42,18,9,14,1,4,51,24,40,18,16,12,3,4,1,0,20,15,8,5,3,1,1,1,0,1,2,1,88,50,31,11,5,7,1,5,40,22,65,30,23,8,6,2,0,3,18,21,162,57,62,28,19,7,0,3,49,56,42,17,9,7,4,5,0,0,19,18
250.75,33,24,10,7,5,4,0,1,14,13,3,0,0,0,0,0,0,0,2,0,6,4,3,0,1,0,0,0,1,1,27,12,8,4,1,8,0,0,8,11,27,11,4,3,1,3,0,2,17,14,41,27,21,6,10,3,1,6,22,33,24,7,12,7,3,0,0,1,3,8,6,4,3,0,1,0,0,1,5,1,43,15,9,5,6,7,0,2,12,10,559,275,235,105,71,89,4,32,227,185,4,0,0,0,0,0,0,0,1,1,6,2,0,0,0,0,0,0,2,2,2,1,1,0,0,0,0,0,1,0,128,62,36,23,8,14,0,6,40,33,0,0,0,0,0,0,0,0,0,0,10,3,3,2,0,2,0,2,3,0,45,25,18,4,4,1,1,1,18,9,45,19,12,4,9,3,1,4,11,12,15,6,6,2,1,1,0,0,6,3,15,2,2,3,1,0,0,1,2,4,14,10,4,3,1,2,0,0,3,4,349,168,120,52,50,32,5,15,120,88,58,29,20,9,5,10,1,1,18,16,10,2,2,1,1,0,0,0,3,2,42,13,12,6,4,2,0,1,25,8,121,33,45,13,15,12,2,3,46,23,41,24,14,6,5,2,0,0,17,11,14,4,2,1,0,2,0,1,6,3,97,40,45,19,8,8,1,7,35,25,51,29,24,11,9,5,0,2,29,11,161,63,60,26,16,15,0,11,51,54,45,19,10,11,10,1,1,2,11,9
251.25,37,17,20,7,7,3,0,0,20,9,3,1,0,0,0,0,0,0,0,0,13,7,2,2,2,1,0,1,3,1,20,17,8,3,4,3,0,1,4,4,22,12,17,2,1,3,0,0,11,15,34,20,12,17,10,10,1,5,17,27,21,9,2,1,4,0,0,1,3,8,11,4,4,1,1,1,0,0,2,1,36,16,12,4,4,3,0,3,9,7,585,295,239,114,80,59,5,53,210,175,5,1,0,1,0,0,0,0,1,0,3,0,1,0,0,2,0,1,2,2,1,0,1,0,0,0,0,0,0,2,139,65,52,17,15,16,2,12,40,41,0,0,0,0,0,0,0,0,0,0,3,2,2,1,1,2,0,0,2,1,46,19,14,10,5,3,0,2,8,7,31,20,16,5,6,4,0,1,9,9,15,3,7,1,1,2,0,1,5,9,17,5,3,2,2,1,0,0,7,4,16,7,4,4,2,0,0,0,2,2,343,137,119,67,45,27,2,12,109,89,56,21,23,8,8,4,2,3,18,12,10,7,1,2,1,2,0,1,6,1,31,10,11,6,0,3,0,0,9,5,115,56,36,16,16,17,0,0,43,27,56,21,17,6,3,1,0,2,18,16,19,4,3,2,0,0,0,0,2,4,103,37,43,10,15,5,2,4,34,24,68,26,15,6,6,5,0,1,17,13,157,67,55,15,19,17,0,10,54,49,45,19,15,7,8,6,0,2,17,12
251.75,42,21,11,7,10,3,1,2,14,10,0,0,1,0,0,0,0,0,1,0,10,2,2,0,0,0,1,0,6,4,38,7,13,6,2,2,2,2,9,6,34,15,9,5,7,6,0,2,10,13,38,31,17,6,3,13,2,3,27,33,23,6,6,1,3,1,1,0,7,2,7,5,4,4,2,2,0,0,2,2,36,18,19,7,5,1,0,0,14,12,635,275,215,119,63,70,13,31,259,186,1,2,2,0,0,0,0,0,1,0,4,3,0,2,0,0,0,1,2,0,1,0,1,0,1,0,0,0,0,0,131,88,40,24,11,9,1,6,42,32,1,0,0,0,0,0,0,0,0,1,10,3,4,0,2,1,0,0,2,1,56,17,14,12,5,2,0,1,16,6,40,15,16,6,6,6,0,3,13,9,14,5,7,1,2,0,0,0,4,5,14,10,4,2,2,0,0,0,4,3,18,6,4,0,2,1,0,0,5,6,346,167,113,57,47,35,1,10,152,93,59,28,27,7,3,5,0,1,17,14,12,3,4,0,0,2,0,0,6,0,31,16,13,12,2,5,1,4,14,13,123,67,46,18,13,15,2,7,53,28,53,21,15,7,13,4,0,1,9,10,14,6,2,0,0,1,0,0,2,4,105,35,32,11,12,4,0,5,34,24,62,24,19,9,8,7,1,1,26,19,152,67,50,25,19,19,0,6,54,45,39,30,12,7,2,7,0,2,12,17
252.25,46,30,18,10,6,4,0,2,16,9,4,0,0,0,0,0,0,0,3,0,10,5,4,1,1,2,0,0,5,3,29,16,12,2,4,4,0,2,8,6,32,11,9,5,4,2,0,1,11,8,45,26,13,6,10,7,0,3,15,26,28,9,7,3,1,3,1,1,5,7,8,1,2,0,3,0,0,0,5,2,47,15,19,6,6,7,0,2,20,10,610,275,239,105,88,48,6,36,251,211,5,1,1,0,0,0,0,0,0,0,3,2,1,0,0,0,0,0,1,3,2,0,0,2,0,0,0,0,0,0,140,66,66,28,25,14,1,3,68,37,0,0,0,0,0,0,0,0,0,0,7,3,8,3,1,0,0,0,5,1,63,24,18,8,3,10,1,3,20,13,29,19,19,12,3,5,0,3,16,18,17,7,5,5,3,2,0,0,9,10,10,7,7,3,1,1,0,0,6,0,18,7,7,2,1,2,0,0,2,5,390,156,145,55,35,37,4,18,117,95,65,28,23,9,9,4,0,5,21,25,8,5,2,2,2,6,0,0,4,2,40,17,17,5,4,7,0,2,14,16,112,60,34,20,15,10,0,3,36,34,48,23,34,2,3,5,0,3,16,10,13,8,4,5,1,0,0,0,4,4,128,60,38,24,20,11,0,2,33,20,63,21,23,8,9,8,2,4,23,19,146,75,70,31,22,18,1,2,54,48,35,26,15,10,3,2,0,3,19,10
252.75,53,14,23,6,3,8,0,1,19,10,2,2,1,0,1,0,0,0,0,0,11,3,8,1,1,0,0,0,2,4,34,9,11,6,4,1,0,0,12,4,33,16,14,6,2,1,1,3,9,7,34,22,21,18,8,2,1,7,29,33,17,10,7,2,2,0,0,3,5,3,13,3,1,2,1,0,0,1,4,6,53,13,18,6,9,8,1,0,15,10,648,319,241,102,106,91,9,41,237,198,2,0,0,0,0,0,0,0,0,0,6,4,0,1,2,0,0,2,2,1,0,2,1,0,0,0,0,0,0,1,161,71,47,26,14,13,0,4,44,47,0,0,0,0,0,0,0,0,0,0,11,4,0,0,1,1,0,2,1,2,58,22,11,10,7,4,0,5,26,16,45,12,16,5,5,5,0,2,20,9,5,6,9,4,2,0,0,1,6,5,16,7,6,3,1,0,0,0,5,3,22,9,2,2,1,1,0,0,6,3,385,176,139,70,63,40,2,14,126,124,59,28,21,9,11,10,0,2,27,10,11,1,2,2,1,1,0,0,2,3,51,24,18,13,2,3,0,1,12,14,116,61,50,14,13,10,2,5,59,37,76,20,28,9,9,7,0,0,22,12,13,4,3,1,0,1,0,1,2,4,118,34,40,17,13,11,1,1,41,20,68,34,26,13,11,7,1,3,16,8,172,93,49,31,26,16,1,6,59,53,24,16,15,4,1,6,0,1,12,15
253.25,39,31,13,3,3,5,0,0,14,11,2,1,0,1,0,1,0,0,0,1,8,4,4,0,0,1,0,1,2,3,41,17,15,2,6,2,0,2,6,7,39,11,7,5,4,6,1,2,5,8,50,23,10,13,4,13,0,5,19,32,21,9,11,2,4,3,0,0,8,8,11,3,3,0,1,1,0,0,2,1,50,17,20,11,4,2,1,3,12,11,615,270,254,134,75,79,6,28,278,239,6,0,0,3,2,0,0,0,0,0,5,1,0,0,0,0,0,1,3,2,1,0,0,0,0,0,0,0,0,1,166,70,72,22,18,18,1,6,66,31,1,0,0,0,0,0,0,0,0,0,6,3,2,0,2,0,0,0,2,2,66,31,18,6,19,5,0,3,15,13,58,18,9,13,8,5,0,2,14,20,22,7,10,2,1,4,0,1,2,4,14,3,8,2,2,2,0,0,6,2,17,7,5,2,4,1,0,2,10,2,391,199,159,50,48,45,1,16,147,84,57,34,19,11,12,4,0,3,27,8,9,5,1,0,1,2,0,1,5,1,41,25,15,9,3,3,0,2,16,23,143,71,57,14,14,9,1,2,49,35,75,19,22,15,10,6,1,2,14,13,20,7,5,3,1,0,0,1,2,6,129,45,44,14,13,12,0,1,37,29,62,32,29,14,10,7,0,2,25,21,190,65,59,30,20,20,1,10,59,48,48,18,11,6,6,4,1,4,24,12
253.75,56,26,14,11,7,2,0,4,21,10,0,0,3,0,1,1,0,0,0,1,12,5,2,7,2,0,0,1,5,4,36,9,9,5,1,5,0,0,7,10,39,11,8,6,5,3,1,3,10,14,38,19,21,10,9,6,0,7,20,38,27,7,9,6,4,2,0,1,6,3,11,4,6,1,0,1,0,0,4,4,41,26,18,7,7,3,0,1,16,10,603,332,238,132,95,70,5,25,275,220,1,6,2,1,1,0,1,0,0,1,2,2,0,0,1,0,0,0,3,0,1,0,1,0,0,0,0,0,2,0,170,70,60,27,18,13,2,7,66,21,0,0,0,0,0,0,0,0,0,0,11,0,2,3,3,2,0,0,5,1,65,27,20,6,6,4,0,1,24,23,38,20,20,6,5,6,1,0,12,15,22,10,3,5,1,1,0,1,6,5,18,9,6,2,3,1,0,0,4,2,16,7,12,0,1,3,0,1,12,5,428,186,151,78,48,33,4,14,150,90,62,30,21,10,2,15,0,5,21,19,10,3,3,1,0,1,0,0,5,4,51,18,18,10,8,1,0,5,19,16,146,66,54,20,19,13,1,10,45,39,64,24,27,6,6,3,0,2,18,10,19,11,3,1,1,1,0,1,7,4,119,47,35,19,16,15,0,2,45,32,55,27,24,14,4,8,1,7,27,9,193,77,54,30,23,24,1,6,63,54,46,17,12,8,2,4,0,5,15,14
254.25,58,18,20,7,3,9,0,2,19,18,2,1,3,1,0,0,0,0,2,1,15,6,7,1,0,0,0,0,2,4,29,22,18,2,2,1,0,0,10,15,43,20,14,5,4,4,0,2,14,7,40,34,20,17,4,10,2,6,22,24,19,8,11,8,2,1,0,0,11,5,9,3,5,0,0,0,0,0,2,2,53,16,25,7,8,3,0,4,22,11,560,336,245,145,89,73,4,35,251,242,5,1,0,0,1,0,0,0,3,0,6,3,4,1,0,0,0,0,1,0,5,0,1,0,0,0,0,0,0,1,158,81,58,22,19,15,3,9,61,33,0,0,0,0,0,0,0,0,0,0,6,6,1,2,0,2,0,0,4,6,52,32,23,5,5,7,2,4,19,18,52,33,17,9,5,12,0,2,23,10,23,11,8,3,2,0,0,0,3,7,16,7,6,5,0,1,0,0,1,7,20,10,7,5,2,0,0,0,5,6,414,194,167,80,57,45,1,13,144,89,56,26,22,17,8,3,0,3,25,14,2,4,4,0,1,0,0,0,4,5,40,21,10,6,7,6,1,2,18,18,163,70,43,18,26,15,0,5,53,29,57,30,15,9,9,7,0,2,13,17,13,4,6,4,3,1,0,0,7,4,129,63,55,12,12,6,0,2,39,27,68,23,21,11,9,7,0,5,17,21,172,96,74,34,20,20,1,6,67,55,49,24,19,8,6,5,1,2,26,8
254.75,48,25,16,8,3,4,2,3,28,13,2,0,1,1,0,0,0,0,1,1,7,5,3,2,2,4,0,2,5,1,44,15,12,5,3,6,0,1,10,8,27,21,18,5,6,4,0,3,12,17,32,20,20,10,7,4,3,8,19,33,26,9,10,2,1,4,0,1,10,7,10,6,4,1,2,0,0,0,3,1,45,25,16,8,8,6,0,1,18,8,651,300,237,136,90,74,10,36,274,205,3,3,1,1,0,2,0,0,5,1,7,1,2,1,0,0,0,1,1,2,1,0,0,0,0,0,0,0,0,0,197,86,63,25,18,16,1,8,67,41,1,0,1,0,0,0,0,0,0,1,4,4,1,0,1,1,0,1,4,2,48,31,16,8,9,6,0,1,27,15,56,20,20,13,4,4,2,2,18,15,22,8,8,3,2,3,0,0,9,3,18,4,11,1,0,0,0,0,5,4,23,11,8,3,3,2,0,0,7,3,390,169,147,83,45,44,2,16,140,108,85,27,23,7,7,6,0,7,25,23,8,4,2,1,1,0,0,0,1,3,48,24,14,5,3,3,0,2,16,19,152,66,47,27,16,23,0,6,50,33,73,30,24,10,9,6,2,0,23,23,19,10,4,1,1,1,0,0,5,5,135,56,50,15,20,7,0,7,42,32,82,33,28,9,10,7,0,1,20,21,188,87,73,28,18,25,2,4,87,63,48,16,21,7,7,3,0,5,18,9
255.25,64,31,24,6,9,10,2,7,29,17,1,1,0,0,1,0,0,0,0,1,11,2,1,4,4,0,0,2,3,4,34,16,14,2,5,4,0,2,18,8,43,15,20,8,6,2,0,1,14,9,28,30,13,11,8,4,1,3,23,27,29,10,10,11,4,1,0,1,4,6,12,6,2,3,1,1,0,1,4,0,51,24,15,4,6,2,0,3,13,22,609,310,265,145,86,84,3,25,279,234,6,0,3,1,0,2,0,0,1,0,7,3,2,1,0,0,0,0,4,0,2,1,0,1,0,0,0,0,0,0,171,98,54,34,23,12,3,3,58,44,0,0,0,0,0,0,0,0,0,0,5,1,2,1,0,0,0,0,1,4,51,22,19,9,9,12,1,1,21,8,48,27,20,6,3,3,1,4,17,13,11,11,8,1,1,1,0,0,5,4,30,8,7,4,4,6,0,0,4,7,30,6,7,2,3,3,0,1,12,8,423,180,174,88,50,34,2,22,169,106,63,28,25,8,7,5,1,2,32,17,11,2,5,0,4,0,0,0,4,2,46,21,23,10,4,6,0,2,19,21,167,58,51,20,18,21,1,7,49,35,80,38,21,10,8,1,2,4,22,18,18,7,10,3,3,2,1,0,5,5,152,49,47,23,17,16,0,5,34,31,77,38,20,8,11,8,2,3,31,17,206,88,72,35,19,20,1,9,80,49,54,24,13,7,3,3,0,4,19,8
255.75,66,24,21,5,4,4,2,2,14,11,0,0,1,0,0,0,0,1,1,0,8,10,4,3,1,1,0,0,7,6,46,19,15,9,9,4,0,2,15,10,34,19,16,7,5,4,1,2,18,11,42,17,15,12,6,3,1,5,27,27,21,15,6,0,2,1,0,1,5,5,13,1,4,4,0,0,0,0,4,3,65,25,17,7,11,11,1,1,12,11,655,317,237,133,100,77,8,42,279,282,4,5,2,0,0,0,0,0,0,1,10,3,2,0,0,1,0,0,3,1,2,1,0,0,0,1,0,0,0,0,219,83,58,24,21,16,0,9,74,48,0,0,0,0,0,0,0,0,0,0,9,7,3,1,1,0,0,0,1,2,52,20,24,5,8,7,0,1,22,18,55,18,15,10,5,6,1,5,17,18,24,11,5,4,4,2,0,0,11,7,17,12,5,2,4,0,0,0,6,5,28,9,7,1,4,4,0,1,1,11,461,175,142,79,53,38,6,18,144,138,76,29,23,15,8,5,0,7,33,15,14,3,5,1,3,0,0,0,3,4,42,24,25,10,8,6,0,0,17,15,162,82,57,28,8,12,2,7,61,47,61,34,22,13,10,11,1,4,23,13,10,5,9,5,0,2,0,2,8,6,167,61,54,19,24,14,0,9,39,39,77,36,22,11,10,7,0,10,27,17,183,92,80,31,25,17,2,8,77,42,51,20,21,9,5,4,0,3,16,19
256.25,60,24,21,12,3,3,0,3,23,11,0,0,1,0,0,0,0,0,1,0,12,7,3,1,1,0,0,1,5,3,35,24,15,7,5,3,0,0,12,7,32,13,11,5,4,5,1,5,16,9,30,18,13,7,5,9,2,8,19,36,25,7,7,4,3,2,0,0,13,5,10,9,5,2,1,1,0,2,5,1,56,15,19,8,11,5,1,2,21,12,650,310,250,151,108,76,10,46,292,255,2,0,4,0,0,0,0,1,5,2,4,7,2,0,1,0,0,0,3,2,4,0,2,0,0,0,0,0,0,0,205,87,72,27,28,19,5,8,80,49,0,0,0,0,0,0,0,0,0,0,6,4,4,2,0,0,0,0,3,1,58,23,19,6,7,5,1,4,22,19,62,24,22,6,7,0,0,4,14,14,22,9,7,3,3,1,0,2,5,9,21,9,6,3,4,2,1,0,9,6,23,24,5,5,3,1,1,2,9,9,480,230,149,83,50,54,3,27,169,119,69,29,28,15,11,4,0,1,25,22,6,3,2,1,0,1,1,1,8,4,70,25,24,8,12,3,1,0,18,20,195,83,63,36,18,15,2,3,67,56,90,45,21,17,6,4,1,2,26,16,22,8,6,0,1,1,0,0,3,3,131,50,56,21,21,14,0,7,38,32,79,32,31,10,10,5,0,3,33,23,207,107,74,38,19,16,2,9,76,50,44,18,16,11,3,0,0,3,19,22
256.75,58,35,28,9,6,3,3,1,21,30,2,1,0,1,0,0,0,0,0,1,10,5,2,0,3,1,0,1,7,8,44,20,14,5,10,4,0,2,24,8,37,20,15,9,5,5,0,2,17,13,48,17,19,6,3,11,0,7,28,27,32,16,8,5,1,0,0,0,12,13,11,5,1,2,1,2,1,0,0,2,63,27,22,7,4,9,2,2,17,18,647,365,309,139,85,80,7,37,312,269,0,3,2,0,0,0,0,0,0,1,4,2,2,1,2,0,0,0,2,4,1,2,0,0,0,0,0,0,0,0,189,86,67,37,10,23,1,3,78,48,0,0,0,0,0,0,0,0,0,0,11,7,5,2,1,1,0,0,4,1,68,35,24,7,4,12,1,4,22,12,46,31,22,12,11,3,0,7,18,15,31,5,9,4,5,3,0,1,8,6,18,13,5,4,4,1,0,0,7,3,29,14,8,5,5,0,0,0,4,5,444,226,166,70,54,38,4,25,165,149,60,35,27,11,10,9,2,3,25,23,15,7,5,2,2,3,0,1,4,1,51,20,16,11,7,9,0,1,13,19,182,69,47,28,18,21,0,10,67,39,83,41,21,17,7,8,1,6,28,12,22,12,12,3,3,0,0,0,12,4,167,76,77,24,20,18,0,11,48,34,88,31,29,12,13,13,0,2,28,24,239,97,68,41,24,21,4,8,68,55,52,32,17,10,6,6,2,5,23,18
257.25,83,21,29,11,5,2,1,5,19,16,2,1,1,1,1,0,0,1,0,1,10,4,3,1,1,1,0,1,2,3,44,22,14,7,6,5,0,1,12,15,43,11,17,8,5,4,0,4,14,16,30,16,24,10,9,9,0,4,14,30,28,12,12,9,6,1,0,0,13,3,13,4,5,2,2,2,0,0,3,3,53,35,17,11,3,8,2,3,24,16,659,332,285,137,95,83,8,39,340,299,4,5,0,1,1,0,0,0,2,2,6,2,2,1,0,0,0,0,1,3,4,0,2,0,0,0,0,0,0,0,231,76,66,26,22,25,1,3,60,48,1,1,0,0,0,0,0,0,0,0,10,2,3,3,0,2,0,0,2,5,64,40,22,16,6,2,1,6,21,17,58,20,20,8,3,6,0,1,24,17,27,19,7,2,4,4,1,2,8,10,13,10,8,1,2,3,0,1,4,8,24,16,15,6,3,6,0,1,10,9,468,199,194,104,59,50,1,13,192,133,64,29,27,23,15,9,1,5,24,22,11,5,4,1,2,2,1,1,5,2,50,28,31,13,7,8,0,3,19,12,190,87,70,21,17,13,1,11,60,42,85,32,20,14,9,11,1,0,38,17,16,5,7,4,2,1,0,0,5,2,162,89,48,25,20,14,1,4,50,37,81,53,35,10,12,10,2,6,30,17,238,86,84,44,22,24,2,19,97,59,62,24,27,11,8,3,0,0,23,24
257.75,66,31,22,11,7,5,0,7,21,17,3,0,1,0,1,3,0,0,5,0,13,10,4,2,2,0,0,0,7,3,32,24,18,9,5,3,1,1,18,10,36,19,19,7,4,3,1,1,16,14,36,16,25,18,6,9,1,8,14,29,27,16,8,2,2,3,0,3,12,10,11,8,3,4,1,1,0,0,7,8,51,23,23,7,9,8,0,3,18,12,670,349,247,136,102,90,11,44,298,285,6,2,1,1,0,0,0,0,1,2,3,3,2,0,1,2,0,0,3,1,5,1,0,1,0,0,0,0,0,2,208,88,82,35,38,19,0,10,69,51,1,0,0,0,0,0,0,0,0,0,4,11,2,0,1,2,0,0,3,4,53,22,29,14,8,10,2,5,21,16,65,27,23,9,8,11,0,3,24,15,28,17,10,4,1,1,0,1,11,11,22,11,9,2,5,0,0,1,9,3,34,12,10,5,3,1,0,2,12,4,522,226,178,82,79,64,5,19,197,145,72,32,21,15,10,6,1,2,27,28,15,9,13,2,2,1,0,2,5,3,71,20,19,14,10,4,0,3,16,15,205,85,73,27,21,8,0,4,49,39,70,40,37,9,4,12,0,0,33,24,24,11,8,2,10,0,0,1,5,10,187,77,60,31,22,22,0,8,49,45,87,45,25,15,10,13,0,5,34,22,229,100,67,48,28,27,3,8,90,70,55,23,16,10,7,5,1,2,22,17
258.25,82,24,26,11,11,7,0,1,31,16,3,1,1,1,0,0,0,0,0,1,14,5,3,1,3,1,0,0,5,5,43,24,17,7,3,3,0,1,16,9,45,27,18,8,4,4,0,2,13,18,40,23,11,16,10,3,1,1,19,31,25,9,9,3,4,3,1,2,11,6,11,8,7,3,1,2,0,0,2,3,55,22,22,15,5,9,0,2,27,7,630,365,278,160,112,90,13,49,295,284,9,0,1,1,2,0,0,0,1,1,6,2,1,2,2,1,0,0,3,6,5,1,2,2,0,0,0,0,1,0,240,111,97,39,27,18,2,6,77,66,0,0,0,0,0,0,0,0,0,0,5,2,4,3,0,1,0,0,5,1,92,43,37,11,5,5,1,2,30,13,66,38,25,12,13,4,0,4,12,8,31,6,11,2,2,6,0,1,3,6,16,13,9,5,2,8,0,0,10,4,35,18,9,4,3,0,0,2,9,9,492,242,196,89,58,59,6,22,185,161,85,31,25,7,12,11,0,3,36,33,13,6,4,4,3,5,0,0,3,4,74,26,39,9,8,7,0,4,20,13,201,95,65,33,29,16,0,10,70,47,78,31,37,7,10,13,1,1,32,14,26,11,9,6,2,2,0,1,2,8,181,79,62,32,19,21,1,8,55,44,95,39,27,3,8,8,4,8,23,21,239,114,91,39,34,25,0,17,73,67,54,19,19,5,9,9,0,1,26,17
258.75,74,30,26,12,13,9,0,2,31,22,1,3,2,2,1,0,0,0,0,0,18,4,3,1,1,1,0,0,5,6,41,19,16,9,4,5,1,3,22,13,46,19,18,11,7,3,0,3,13,8,31,18,22,10,8,7,1,6,18,27,28,11,7,4,4,2,0,1,9,10,14,8,2,2,1,0,0,2,6,4,49,41,19,10,11,2,0,3,19,9,637,319,275,121,96,87,6,44,296,268,4,1,3,1,0,0,0,1,2,1,7,4,4,0,1,0,0,1,3,0,0,3,2,1,0,0,0,0,0,0,285,87,81,47,29,22,0,9,82,65,1,0,0,0,0,0,0,0,1,0,10,2,2,3,3,0,0,0,9,1,95,28,23,15,8,4,0,2,26,17,67,32,16,5,8,4,1,1,24,21,22,12,9,1,2,4,0,2,5,4,24,9,5,4,4,4,0,1,10,3,41,13,9,5,6,5,0,1,7,5,501,254,200,92,59,59,8,21,177,158,67,36,33,12,10,9,0,2,23,16,19,3,8,3,3,2,0,2,2,1,39,31,26,16,4,5,2,2,23,20,245,108,71,35,29,10,1,13,70,54,85,43,25,13,5,6,1,4,35,27,19,11,9,3,2,3,0,1,4,5,195,81,60,37,25,18,1,8,70,41,105,48,30,16,9,12,2,3,35,27,255,124,92,41,23,20,3,7,99,74,69,24,25,13,4,6,0,4,17,16
259.25,75,47,31,15,9,9,0,4,29,20,0,0,0,0,0,1,0,0,0,1,12,8,5,4,1,5,0,1,5,2,39,18,17,6,8,7,2,1,16,10,49,23,16,9,5,5,1,2,18,21,36,23,17,13,6,7,0,5,22,36,35,15,9,5,1,2,0,3,12,6,21,10,5,1,1,2,0,1,4,2,45,37,26,14,4,4,0,3,30,17,687,337,305,165,92,105,4,57,334,323,7,4,2,0,3,0,0,0,1,1,10,5,2,1,1,3,0,0,0,1,3,2,0,2,0,0,0,0,5,1,232,105,106,46,32,22,2,5,65,62,0,0,0,0,0,0,0,0,0,0,16,7,4,4,0,2,0,0,7,2,87,33,23,15,6,7,0,3,27,15,96,26,29,14,5,5,1,5,22,25,29,12,10,3,7,2,0,1,12,12,28,9,8,4,3,1,0,0,6,2,28,20,13,1,2,4,0,0,18,9,522,263,190,76,75,58,1,25,214,145,64,30,26,13,7,13,0,5,26,25,13,16,1,2,3,1,0,3,1,3,52,29,15,9,13,5,0,1,29,17,201,105,101,25,21,19,2,6,65,39,109,43,34,10,5,9,0,6,28,24,25,14,5,3,3,4,0,1,2,6,197,107,73,35,23,28,2,10,81,44,113,42,29,20,9,5,0,4,29,28,236,134,114,36,44,19,4,10,80,69,60,35,23,12,5,8,1,3,24,20
259.75,86,42,21,15,7,5,0,2,22,6,3,2,1,0,0,0,0,0,0,0,11,5,4,2,1,3,0,0,4,4,42,23,22,6,6,4,2,3,24,11,42,19,16,8,7,1,0,2,11,13,34,25,22,13,6,5,0,8,28,28,32,25,11,9,8,3,0,0,6,6,17,10,3,4,1,0,0,1,12,6,73,22,17,9,6,8,0,3,14,24,675,318,296,145,118,83,12,46,330,315,7,5,2,0,0,0,0,0,0,2,2,4,3,3,1,2,0,0,2,1,1,0,0,0,0,0,0,0,0,1,250,106,82,31,29,23,1,5,74,62,0,0,0,0,0,0,0,0,0,0,8,5,0,1,1,0,0,2,3,3,86,31,26,18,4,6,1,2,26,25,83,31,21,15,8,9,0,1,34,24,36,12,12,3,5,3,0,1,11,9,31,5,8,4,2,3,0,2,11,5,35,17,19,4,2,3,1,1,14,4,559,253,201,97,73,56,2,32,206,171,82,39,31,15,9,1,2,2,27,21,15,5,9,3,1,1,0,1,3,1,58,25,22,12,9,8,1,2,21,18,207,91,78,43,34,22,1,9,88,57,113,30,24,11,14,7,0,1,34,19,27,8,6,6,7,2,0,0,11,3,198,84,78,23,23,21,0,11,73,48,123,52,41,15,9,15,0,0,29,26,297,95,92,48,30,29,1,12,90,72,70,41,27,10,5,8,0,1,27,28
260.25,77,38,34,15,10,8,0,3,28,26,1,1,1,0,0,0,0,0,2,1,16,7,3,0,0,4,0,1,7,4,52,20,14,9,4,7,0,3,18,17,50,25,15,7,6,5,0,3,17,8,33,15,18,10,4,11,1,4,16,27,27,17,15,8,4,5,0,1,12,8,24,6,3,5,2,1,0,0,5,4,53,34,25,9,10,5,0,2,29,19,604,411,295,159,105,119,8,45,349,290,7,5,3,1,1,0,0,0,3,0,10,2,6,1,0,2,0,0,4,0,5,1,1,0,0,2,0,0,0,1,291,114,93,36,28,23,0,8,86,62,0,0,0,0,0,0,0,0,0,0,8,8,6,4,3,2,0,1,7,5,87,47,29,12,6,8,0,1,30,28,80,40,26,15,6,8,0,3,29,18,37,9,16,3,5,3,1,1,12,3,25,12,12,4,3,3,0,1,12,8,36,15,10,5,3,2,0,0,11,6,580,246,215,101,74,64,1,25,214,181,96,37,24,18,14,9,1,3,37,22,15,6,5,0,0,0,0,2,7,3,52,30,21,20,4,9,0,4,27,20,275,112,73,39,22,23,2,7,67,68,96,39,34,18,10,3,0,3,30,26,19,16,6,4,4,5,0,0,7,6,206,89,65,40,19,26,0,5,77,56,118,56,34,12,15,15,0,3,40,17,282,110,94,40,37,26,0,14,90,82,66,25,29,20,9,9,2,5,28,19
260.75,94,32,28,20,7,15,1,1,30,25,3,2,1,0,0,0,0,0,1,0,12,10,3,3,1,4,0,0,6,3,54,24,20,12,4,2,0,5,18,14,46,19,19,5,9,8,1,1,10,14,43,27,15,9,2,9,2,11,18,28,28,12,11,7,4,8,0,0,16,9,14,6,3,2,0,3,0,0,8,7,81,17,27,13,11,5,0,3,27,18,607,368,303,154,110,107,10,60,345,345,10,2,1,2,4,1,0,1,1,1,10,5,0,1,0,0,0,1,2,2,2,1,0,1,2,0,0,0,1,0,268,136,106,44,30,21,2,21,105,55,1,0,1,1,0,0,0,0,0,0,16,2,6,3,1,0,0,1,5,4,92,44,23,10,8,4,1,6,25,21,72,45,35,9,11,11,0,1,36,23,24,9,9,2,4,2,0,0,11,11,24,18,11,3,4,3,0,0,6,4,36,20,9,3,2,4,0,2,20,7,561,274,219,114,71,52,9,27,224,170,102,39,32,11,14,13,0,9,36,24,17,8,4,3,0,1,0,0,4,5,73,26,19,6,9,9,0,3,25,32,261,103,92,41,22,29,0,3,83,51,102,49,40,15,14,8,0,0,35,19,27,4,8,1,3,5,1,3,5,6,210,81,77,35,20,15,1,12,60,61,136,48,28,18,11,9,1,5,36,39,263,112,98,40,26,27,2,19,115,76,78,33,27,14,12,3,0,1,25,20
261.25,95,46,36,17,9,7,2,2,32,24,4,0,0,0,1,1,0,0,1,1,16,5,5,1,1,0,0,0,13,4,44,25,17,10,12,11,0,1,23,14,65,28,23,9,5,4,0,3,20,12,31,19,19,14,5,6,1,3,23,37,47,16,18,5,3,3,0,4,10,15,18,8,9,1,0,2,0,0,13,5,75,27,29,10,12,9,1,7,28,18,681,306,279,157,120,104,11,56,329,322,5,3,3,0,1,1,0,1,3,0,8,1,2,0,0,1,0,0,5,3,1,3,1,0,0,0,0,1,1,0,279,124,106,46,37,24,3,15,102,65,0,0,0,0,0,0,0,0,0,0,6,4,2,1,1,1,0,1,6,7,95,40,37,7,8,6,2,7,30,18,82,32,21,7,13,10,2,4,35,20,42,17,12,6,4,3,1,4,14,10,27,10,9,6,3,5,0,1,11,12,55,17,8,7,10,3,0,1,19,7,504,284,216,124,86,66,3,29,210,165,115,51,39,12,10,12,0,6,32,27,15,9,4,3,3,5,0,0,14,2,77,30,17,10,3,5,1,1,33,18,257,116,92,46,29,32,1,11,94,56,102,47,43,13,14,12,1,5,34,21,35,10,10,7,4,0,1,0,18,5,236,87,90,31,26,21,0,10,76,43,146,55,43,20,8,10,1,9,41,30,283,118,105,33,28,35,3,13,103,94,87,33,29,9,10,8,0,5,26,14
261.75,94,48,34,17,10,8,0,3,22,23,4,0,0,0,2,0,1,0,1,1,10,6,5,2,0,0,1,1,3,2,47,20,19,10,5,5,2,3,13,15,70,24,15,11,9,4,0,2,20,14,38,14,16,16,12,1,3,7,16,36,27,17,11,8,3,3,0,1,14,5,12,7,12,2,3,2,0,1,5,10,63,32,12,16,11,13,0,4,22,21,658,359,290,161,99,123,9,54,330,347,7,3,1,0,0,1,0,0,4,1,7,5,6,1,1,0,0,0,0,2,1,2,1,0,0,0,0,0,1,1,305,128,90,44,33,24,3,8,91,73,0,0,0,0,0,0,0,0,0,0,12,6,3,0,1,0,0,0,2,2,113,45,35,10,11,6,1,3,34,22,90,37,25,12,12,9,0,5,29,19,44,14,9,7,2,1,0,1,12,10,33,11,6,3,5,4,1,1,9,11,40,17,18,4,4,7,0,2,11,13,619,298,217,106,83,66,7,28,236,187,92,47,36,16,12,13,1,5,48,30,14,4,8,6,3,1,0,1,5,4,62,29,24,7,13,3,1,5,23,26,248,115,96,34,27,36,2,12,80,82,119,45,52,27,9,7,3,9,13,28,29,7,5,5,3,1,0,0,16,7,223,105,93,31,21,21,1,8,82,51,145,54,42,9,14,9,1,4,42,29,267,162,79,49,43,30,0,12,95,72,85,38,34,9,10,13,3,3,20,18
262.25,101,33,30,19,7,12,0,4,34,31,0,1,1,2,1,2,0,0,0,0,15,8,6,3,2,1,0,0,6,5,45,17,20,8,7,4,0,2,18,14,57,26,14,8,7,11,0,4,19,17,40,22,18,16,12,5,0,8,15,29,39,21,10,4,2,1,0,1,8,9,22,4,5,1,2,1,0,1,2,3,62,44,26,14,4,8,0,7,25,29,627,387,285,156,128,88,17,58,304,354,7,3,4,0,0,0,0,0,1,2,10,2,1,2,0,0,0,0,3,1,2,0,0,0,2,0,0,0,1,1,316,134,109,38,39,26,3,10,84,76,0,0,1,0,0,0,0,0,0,0,12,6,5,4,1,1,0,0,3,4,91,55,41,14,13,7,1,4,36,25,80,38,37,17,9,3,1,1,33,25,37,22,16,9,3,1,0,1,16,11,35,12,5,6,5,5,0,1,12,4,23,14,14,8,3,5,0,3,15,6,566,275,215,112,85,61,7,29,262,206,100,46,43,18,16,10,2,6,36,20,17,10,5,4,1,2,0,0,5,4,73,28,20,10,15,7,0,3,28,23,277,140,93,41,29,20,3,9,106,69,132,42,37,13,11,11,2,4,42,25,17,16,9,2,3,5,0,2,8,4,216,95,88,39,37,16,1,5,81,58,149,76,48,13,13,11,0,6,41,31,303,122,129,53,38,31,4,17,111,94,79,35,29,8,10,4,1,2,33,27
262.75,99,43,21,13,14,6,2,7,33,28,6,2,0,0,0,0,0,1,1,0,17,5,4,0,1,0,0,1,2,3,58,19,24,11,8,6,2,2,27,15,50,19,23,5,6,5,1,2,19,12,37,28,14,13,6,9,2,5,22,34,44,19,15,6,4,5,0,5,17,10,15,2,11,3,0,3,0,2,8,7,102,37,22,9,6,7,0,5,27,22,681,357,302,167,130,83,10,49,341,340,7,7,5,1,3,3,0,0,0,0,8,5,5,3,0,0,0,0,1,3,3,1,1,0,0,0,0,1,1,2,330,131,117,62,43,26,2,13,115,69,1,1,0,0,0,0,0,0,0,0,12,4,2,2,0,2,0,1,3,0,110,37,37,27,13,11,1,8,26,25,81,42,30,12,6,13,1,4,36,34,38,15,12,10,3,5,1,3,7,9,29,17,11,3,3,5,0,1,8,4,50,16,20,6,5,3,0,2,18,14,630,317,215,109,71,78,3,28,262,185,118,39,30,17,7,24,0,8,32,40,22,9,3,7,3,0,0,0,8,8,60,31,25,14,7,5,1,2,15,18,287,132,94,47,29,19,1,11,96,82,116,61,51,16,17,9,1,6,33,21,30,11,15,1,2,2,0,0,6,5,254,130,100,49,28,23,4,12,84,54,143,61,50,18,9,8,2,8,40,27,317,148,117,66,36,36,3,18,105,92,65,32,23,13,17,8,0,4,26,19
263.25,106,60,37,18,12,9,0,3,28,21,1,1,3,0,0,1,0,1,0,1,16,12,6,4,4,0,0,2,8,4,50,23,33,11,5,8,0,1,12,16,48,26,35,11,7,7,0,3,22,23,21,16,12,3,6,9,1,2,29,43,37,22,11,3,7,7,1,1,21,7,11,8,6,1,0,2,0,0,5,5,77,37,25,10,7,14,0,2,31,26,617,350,302,148,125,115,11,54,339,344,11,5,3,0,0,3,0,0,3,3,16,2,4,0,1,1,0,0,6,5,4,1,0,0,0,0,0,0,0,0,325,155,117,62,30,34,0,20,111,77,0,0,0,0,0,0,0,0,0,0,8,1,6,0,2,1,0,1,3,5,115,47,38,15,11,15,1,2,34,23,77,53,31,11,6,5,0,5,32,21,41,15,18,6,3,3,1,3,12,10,30,15,6,7,4,2,0,3,7,7,34,16,12,6,7,4,1,4,9,16,653,290,223,113,90,68,8,33,264,213,99,50,41,16,9,15,0,5,43,38,14,11,4,1,1,2,0,0,10,3,56,31,29,17,12,8,2,3,26,15,308,112,115,37,34,21,0,14,125,71,137,43,40,14,14,8,1,8,47,30,38,19,11,11,1,1,0,0,13,5,258,106,98,45,29,19,0,11,88,55,145,56,48,21,14,10,0,4,57,35,317,146,114,57,38,38,2,18,121,96,99,49,33,12,13,3,0,2,28,29
263.75,102,54,49,14,11,6,2,4,47,25,2,1,0,0,0,0,0,0,3,0,19,9,8,4,2,1,0,2,6,6,56,19,15,8,11,5,0,2,19,18,79,26,24,8,12,5,0,5,23,18,34,15,8,6,7,1,0,5,25,22,52,12,17,9,5,7,0,1,16,9,17,11,4,6,2,0,0,0,5,6,72,35,31,14,15,9,0,4,37,23,584,371,271,155,120,114,13,55,363,335,10,0,1,2,0,0,1,1,9,2,7,4,2,4,1,0,0,0,1,4,2,1,0,3,1,1,0,0,3,0,345,160,131,44,48,23,2,9,127,68,0,0,0,0,0,0,0,0,0,1,16,4,6,2,0,1,0,2,2,7,116,57,37,20,21,9,2,4,38,20,92,31,33,14,8,10,3,4,42,16,41,14,14,7,5,7,0,0,9,16,24,19,10,6,2,3,0,1,11,5,37,29,9,7,5,3,0,2,16,10,615,321,250,114,80,79,7,35,265,209,124,58,39,18,13,9,2,6,45,30,19,8,9,5,3,2,1,1,6,6,69,28,27,13,11,11,0,4,29,24,292,140,100,56,32,32,1,11,113,85,116,62,49,31,17,13,0,4,46,38,28,16,8,6,3,3,0,0,11,12,266,120,92,48,24,21,1,8,80,63,173,65,61,19,10,16,3,8,58,34,319,141,111,65,46,33,2,16,112,86,77,36,28,8,9,11,1,3,39,20
264.25,111,41,27,23,12,12,1,5,46,26,1,1,1,0,0,0,0,1,1,1,19,8,9,4,1,1,0,1,6,3,60,28,19,8,9,5,1,1,22,13,64,30,25,12,5,7,0,5,25,19,23,20,13,10,7,6,0,5,16,38,42,22,13,4,3,2,0,0,22,17,15,6,8,2,2,1,0,1,7,7,95,37,34,22,9,4,1,5,29,25,618,324,284,152,112,112,8,55,363,349,12,3,2,0,0,1,0,0,4,1,12,7,5,2,1,1,0,1,7,3,5,3,1,0,0,0,0,0,1,2,336,151,145,60,39,50,6,10,119,94,3,0,0,0,0,0,0,0,0,0,10,8,3,2,1,3,0,1,5,2,130,45,44,19,10,6,0,6,43,35,111,42,37,18,10,9,0,5,44,28,36,17,14,8,4,5,0,5,17,8,38,15,17,8,3,2,1,2,12,14,43,21,13,5,6,3,0,3,20,11,682,299,238,116,71,81,8,37,258,209,110,51,49,25,14,12,2,4,36,52,17,6,10,5,2,5,0,0,5,6,56,41,23,16,11,11,0,0,23,23,356,140,93,50,41,22,1,9,91,85,134,58,40,19,7,10,2,4,43,37,25,16,17,4,1,2,1,3,17,2,261,117,85,38,33,25,1,9,90,68,157,92,65,28,27,10,0,3,39,30,330,163,122,71,36,30,1,14,144,108,94,46,28,14,9,9,1,5,34,22
264.75,97,46,42,11,13,10,0,6,43,35,4,2,3,2,0,0,0,0,1,0,29,7,4,1,2,2,0,1,8,3,59,29,18,8,12,5,0,0,25,17,55,26,25,10,6,3,1,4,23,12,43,14,10,6,6,7,2,3,25,36,46,29,9,11,3,4,0,1,12,15,23,11,8,3,1,1,0,0,2,6,82,38,30,11,12,8,1,9,24,24,607,373,265,160,122,117,18,70,332,385,14,4,2,2,2,0,0,0,1,2,16,6,4,0,2,1,0,1,4,0,2,3,1,0,0,1,0,0,2,1,348,159,116,66,36,45,2,11,120,93,0,3,1,0,0,0,0,0,1,0,18,2,6,1,0,0,0,1,6,1,128,47,47,21,17,10,0,4,46,31,84,47,29,18,13,7,0,1,29,33,35,29,12,10,8,5,1,3,14,7,35,14,8,5,1,2,0,3,15,18,57,16,12,10,9,3,0,1,17,13,655,315,232,121,83,71,3,45,266,209,126,58,36,19,15,5,0,3,41,31,23,5,5,4,0,2,0,3,4,2,82,30,27,12,13,9,0,2,37,25,386,153,131,44,35,39,0,17,92,90,148,65,38,18,18,8,0,8,48,29,30,11,11,8,5,5,0,2,10,10,285,113,92,52,31,30,0,16,93,83,179,65,59,31,19,9,1,7,68,46,358,173,146,60,44,35,2,16,119,110,98,41,29,16,13,5,0,4,38,25
265.25,100,53,34,16,8,8,1,4,42,33,2,0,0,1,0,0,0,0,0,1,13,21,9,5,2,2,0,1,4,6,55,19,18,17,17,7,0,1,18,13,69,27,27,12,8,9,0,3,24,24,24,17,28,9,3,2,0,5,17,30,36,42,17,4,4,2,0,1,22,7,23,7,9,3,3,0,0,0,8,10,97,43,30,11,7,10,1,5,35,25,597,354,303,164,118,115,9,57,338,343,8,3,4,0,0,2,0,1,2,3,7,5,9,2,4,1,0,1,5,3,1,4,0,2,0,0,0,0,0,4,327,159,137,61,32,51,2,11,133,96,4,0,0,1,0,0,0,0,0,0,12,4,9,1,1,0,0,0,5,4,113,66,43,18,11,7,2,9,50,52,102,41,28,18,13,6,2,6,37,28,42,18,19,8,4,5,0,1,14,8,34,9,9,3,7,1,0,3,11,9,48,25,12,5,5,6,0,0,21,19,678,312,266,106,106,67,3,28,293,246,111,51,53,19,11,9,1,2,34,21,18,7,8,4,2,1,0,0,9,8,65,31,31,9,9,10,3,5,20,26,346,137,101,52,32,34,0,12,140,86,153,67,54,17,29,8,1,7,42,35,27,23,9,5,5,4,0,0,15,13,276,122,87,48,24,37,2,12,86,73,187,68,59,28,23,13,0,10,62,46,371,170,149,58,40,46,3,12,129,101,104,32,51,17,18,15,0,2,43,23
265.75,131,36,40,17,13,13,1,4,54,39,4,1,4,1,0,0,0,0,0,0,12,5,4,3,0,2,1,0,14,2,47,30,20,11,6,13,5,2,22,27,74,35,26,13,9,8,2,2,21,17,39,26,19,18,9,6,2,3,15,24,35,17,16,8,6,2,0,2,20,11,23,8,12,1,2,2,0,0,9,3,87,50,23,18,16,11,0,4,39,26,604,364,271,178,113,104,13,68,381,391,6,2,4,1,3,1,0,0,6,3,18,7,1,2,4,1,0,0,1,3,0,1,2,0,0,2,0,0,1,2,382,182,112,64,58,31,4,18,128,112,2,0,0,0,0,0,0,0,0,0,21,5,2,2,4,0,0,0,8,6,140,67,43,14,20,8,1,4,39,38,90,55,37,12,9,16,0,3,40,34,52,20,20,6,6,2,0,2,18,7,37,17,20,9,9,5,1,1,10,9,46,24,14,8,6,5,1,1,16,13,701,374,232,122,100,91,8,42,296,253,149,61,49,23,20,10,3,8,51,30,18,10,7,2,2,1,0,0,4,8,75,36,22,13,6,11,0,7,33,20,315,160,121,57,41,25,2,9,135,78,146,62,50,26,16,19,0,7,50,34,32,10,11,8,7,2,0,1,9,7,294,131,104,45,26,36,3,8,103,81,191,94,63,25,17,15,1,3,64,51,386,185,135,76,43,36,1,24,159,115,92,55,37,23,10,17,1,8,20,25
266.25,122,60,45,18,8,13,3,5,39,34,8,0,1,0,1,0,0,0,1,0,23,10,13,2,1,0,0,1,7,8,55,24,19,8,9,5,0,6,14,19,65,30,22,11,7,6,0,7,30,21,32,26,15,10,5,13,0,4,16,27,49,33,19,3,3,5,0,3,15,20,30,11,7,4,3,3,0,1,4,9,81,49,36,16,6,10,1,4,44,20,567,354,275,165,141,114,11,72,356,390,6,5,3,4,0,0,1,2,6,3,8,4,6,2,1,1,0,0,6,3,6,2,2,0,1,0,1,0,2,0,372,177,121,73,57,37,4,17,129,122,1,0,0,1,0,0,0,0,1,0,16,7,7,1,4,1,0,1,8,7,129,58,38,23,11,23,1,5,48,34,94,40,57,22,17,9,1,3,39,27,56,22,24,4,8,7,0,5,18,8,36,13,15,2,4,4,1,3,12,11,46,18,18,7,4,8,0,3,23,6,666,358,245,141,74,93,10,27,293,243,117,51,47,22,19,15,0,11,48,30,17,5,6,1,3,2,0,0,8,4,73,42,28,9,10,9,0,4,34,33,366,129,122,54,52,40,1,18,126,91,171,73,62,16,21,19,2,4,61,42,29,11,9,5,3,5,1,1,7,16,319,132,125,45,47,25,7,18,104,91,182,72,69,38,25,13,0,8,71,39,353,183,123,70,41,25,6,17,141,104,91,45,32,25,13,13,0,6,34,22
266.75,113,69,44,19,17,8,1,2,29,32,2,4,1,0,0,0,0,0,2,1,24,9,8,3,2,3,1,1,3,7,65,26,12,10,15,6,4,4,23,26,70,41,30,9,12,8,0,5,24,20,29,15,14,16,4,6,0,9,26,29,60,16,14,7,8,6,0,3,21,28,29,8,18,4,9,1,0,0,6,3,101,42,32,12,8,15,1,4,36,34,534,330,267,151,122,120,13,53,383,431,14,3,2,2,1,0,0,0,3,1,17,6,4,1,1,1,0,1,3,4,4,0,1,1,0,0,0,0,1,0,377,155,133,55,39,50,3,17,135,125,0,1,2,0,0,0,0,0,1,0,27,11,4,1,1,5,0,2,4,4,140,66,47,23,18,11,1,5,52,36,112,48,46,28,19,16,0,3,39,33,60,19,16,7,9,5,0,5,13,12,45,17,18,2,5,3,0,1,9,4,48,22,18,6,3,1,0,2,17,16,713,325,245,137,105,88,12,31,295,246,138,59,57,28,20,9,2,3,37,42,26,14,7,3,2,3,0,0,10,7,77,34,27,20,5,10,1,3,26,24,346,172,125,56,36,28,1,19,137,91,158,82,52,31,22,17,1,5,46,23,37,21,16,5,2,4,1,3,18,11,322,137,101,50,30,28,1,18,124,85,200,107,63,28,19,13,1,6,72,42,348,179,145,85,33,32,4,20,129,107,97,35,43,17,11,4,0,6,36,29
267.25,132,61,43,28,13,12,2,5,36,36,5,2,0,0,1,1,0,0,1,3,22,9,5,1,5,1,0,0,16,5,52,27,22,14,10,11,3,3,34,24,79,39,25,12,10,7,2,9,31,21,25,10,11,10,11,5,0,2,23,32,55,25,13,7,8,1,0,1,24,12,24,18,6,9,6,4,0,2,11,6,95,41,39,18,14,11,0,6,29,41,526,310,288,178,123,124,15,70,333,424,21,5,0,4,1,2,0,0,5,1,11,4,4,2,1,0,0,1,3,3,2,3,3,3,0,0,0,0,4,1,366,171,153,73,46,37,2,21,143,122,1,0,1,0,0,0,0,0,1,0,10,6,10,3,0,2,0,0,4,9,131,68,63,27,13,26,2,6,60,41,114,55,36,15,17,10,1,2,44,32,64,34,16,4,8,5,1,1,22,7,37,21,9,7,2,11,0,2,17,10,44,15,18,7,6,9,0,2,22,8,658,329,287,126,91,83,3,41,290,272,124,67,53,16,21,16,0,6,48,51,26,10,1,7,1,3,0,0,9,8,65,41,30,15,14,9,0,4,27,35,383,191,133,72,39,30,1,17,120,103,166,74,56,25,32,13,1,11,42,60,31,12,16,7,3,2,0,0,11,6,272,148,122,66,50,27,4,12,115,85,190,93,73,31,29,17,1,8,79,36,393,188,162,67,50,28,4,22,145,114,93,45,37,19,13,9,1,6,31,31
267.75,130,63,40,25,11,12,0,2,52,40,7,1,0,1,0,2,0,0,3,0,21,9,11,4,3,2,0,0,9,12,52,27,21,14,10,8,1,2,27,17,81,42,21,19,6,7,2,2,31,29,26,16,16,9,6,6,0,5,14,24,40,31,23,8,8,5,0,6,15,7,24,10,10,4,2,0,0,0,13,3,117,53,39,13,6,12,2,5,29,24,510,340,237,172,127,119,9,81,335,396,7,3,6,1,2,1,0,0,6,4,16,8,5,1,3,2,1,1,7,3,6,3,0,0,1,0,0,0,3,1,368,190,165,77,63,41,3,22,146,126,1,1,0,0,0,0,0,0,0,0,11,10,5,3,2,1,0,0,4,4,135,56,50,28,11,12,2,7,48,44,109,55,40,13,23,13,0,5,36,28,50,29,20,9,5,6,1,2,17,15,35,16,27,3,1,1,0,4,11,11,52,31,20,8,4,6,2,3,8,13,693,364,251,127,95,73,6,55,315,269,153,58,53,18,13,23,3,5,55,44,19,8,4,3,1,0,0,1,4,4,87,32,32,19,14,8,0,6,29,28,388,199,133,67,43,38,3,15,106,127,158,83,57,18,31,22,1,6,69,29,34,17,17,4,4,2,1,3,14,11,334,142,98,50,29,39,6,16,120,97,206,88,82,35,17,24,0,6,73,60,407,163,139,75,57,42,2,26,140,108,103,48,39,12,17,15,2,2,29,36
268.25,120,60,52,25,15,11,0,5,55,37,6,3,1,1,1,0,0,0,0,1,21,9,8,2,3,1,0,0,7,8,70,26,28,10,7,10,2,4,23,22,76,40,25,14,8,6,1,4,40,18,32,21,10,12,8,7,0,3,10,23,54,17,12,12,9,10,0,2,19,14,30,9,8,5,2,5,0,0,11,11,100,46,42,18,10,7,3,5,27,30,471,319,256,160,108,124,10,53,318,411,14,9,4,1,2,0,0,0,3,4,18,7,5,4,1,3,0,1,3,2,1,2,3,0,1,0,0,1,5,3,380,205,180,54,54,39,4,23,142,128,4,1,1,0,0,0,0,0,1,0,16,7,7,2,5,1,0,1,5,5,145,71,46,17,22,12,0,8,64,34,99,43,44,20,19,15,1,5,42,35,43,22,34,8,5,11,0,2,13,12,42,27,18,4,4,4,1,1,18,9,50,32,20,15,11,3,0,1,15,16,710,343,306,139,101,85,8,43,304,243,168,66,45,23,15,16,2,10,58,43,21,13,7,8,1,1,0,0,7,9,61,41,34,16,8,9,1,3,30,24,408,185,145,68,46,33,3,21,149,118,177,78,60,28,19,21,2,4,79,32,38,14,8,9,6,6,0,1,8,15,315,153,121,57,44,34,5,10,121,91,172,97,69,35,21,20,2,6,66,56,402,204,145,69,48,43,2,19,143,125,115,52,33,22,14,15,0,4,42,36
268.75,136,50,46,24,15,9,4,4,52,38,4,0,2,1,2,0,0,0,1,2,33,12,8,5,5,6,0,2,7,6,53,31,14,12,7,6,1,5,33,22,80,39,36,12,11,9,1,6,33,25,34,18,15,7,3,4,3,6,24,28,45,19,15,10,2,4,0,1,32,15,25,11,16,10,3,3,0,1,17,12,104,45,34,19,11,9,1,6,38,32,465,327,269,160,113,114,12,90,352,413,14,6,8,1,0,0,0,0,5,3,17,11,4,2,1,1,0,2,5,3,3,3,0,0,0,1,0,0,2,2,435,205,153,63,41,43,2,15,148,116,3,1,0,0,1,0,0,0,2,0,17,8,12,7,4,3,0,0,4,4,158,76,54,17,10,15,1,4,55,45,111,56,32,22,8,17,1,4,39,40,66,28,13,13,8,5,0,1,18,17,38,22,12,9,5,2,1,2,15,14,48,27,21,7,6,2,0,3,15,12,718,393,268,142,106,95,6,37,297,293,147,52,48,37,19,16,2,6,52,51,24,9,12,6,2,1,1,1,8,6,87,41,20,21,14,16,0,4,39,25,436,205,144,60,39,39,2,23,163,111,155,98,69,32,21,22,2,8,55,51,48,20,11,5,5,6,0,0,15,13,313,155,131,71,44,20,2,12,139,94,208,104,77,26,34,20,1,10,75,62,387,216,135,69,55,34,5,13,155,135,112,58,42,20,18,12,1,2,33,49
269.25,131,72,52,25,13,6,0,7,61,36,3,0,4,1,0,0,0,0,1,1,27,13,7,4,2,3,0,1,4,11,51,55,24,6,8,12,1,1,32,25,73,47,19,20,11,10,1,2,42,21,40,9,11,7,3,11,3,3,17,27,64,20,11,7,4,10,2,1,17,20,14,14,13,5,6,2,1,1,13,14,112,38,44,26,11,13,0,3,49,30,438,329,257,169,126,107,8,70,333,400,13,3,6,2,1,1,0,1,2,5,12,8,7,1,0,2,1,2,5,4,2,1,1,0,1,0,0,1,1,1,434,178,151,76,70,39,4,20,179,125,2,0,0,0,0,0,0,0,0,0,22,9,4,3,2,1,0,0,12,3,146,89,65,30,23,19,0,6,75,36,114,47,50,17,20,11,0,9,42,30,68,28,17,13,3,4,0,3,25,11,46,14,12,7,5,5,0,1,17,13,56,22,21,14,7,8,0,3,22,16,667,390,310,141,109,97,9,50,340,279,151,75,58,21,16,21,1,7,49,48,26,13,16,2,1,0,2,1,9,4,86,40,30,11,9,13,1,4,42,27,403,196,147,66,52,24,1,18,167,113,172,85,62,28,16,21,4,9,71,43,49,18,9,4,2,4,0,2,11,11,342,151,142,70,36,45,2,17,135,101,211,92,66,40,25,23,3,13,75,51,442,179,141,77,72,59,5,20,167,125,97,53,46,21,14,10,0,9,48,26
269.75,139,59,54,25,15,12,0,8,47,37,7,4,0,0,0,0,0,0,2,2,33,11,6,6,3,4,0,3,7,10,51,35,22,7,3,13,1,3,28,26,75,39,33,12,12,17,0,2,28,22,27,11,12,5,5,5,1,5,24,35,40,14,18,6,4,3,0,3,16,24,19,14,10,6,5,6,0,0,9,10,102,52,43,14,17,9,0,6,50,39,457,320,240,156,104,101,13,78,318,434,9,7,4,1,1,0,0,0,2,4,24,7,4,2,2,1,0,2,7,2,3,1,0,1,1,0,0,0,0,1,437,181,168,93,55,44,0,21,162,143,0,2,1,0,0,0,0,0,1,0,14,12,3,1,2,1,0,1,7,9,150,78,50,23,21,9,2,9,73,41,104,59,36,28,24,8,1,9,54,46,66,28,20,11,10,4,0,1,19,12,40,18,12,7,4,2,0,3,20,21,54,25,13,6,11,7,1,2,20,20,733,334,248,145,104,93,9,43,304,283,159,69,46,29,20,24,0,6,62,48,22,14,14,4,3,3,0,0,11,5,92,44,32,10,9,11,2,10,41,27,437,195,157,64,65,39,6,25,177,131,171,89,63,26,18,19,1,8,71,42,42,17,14,8,6,5,0,5,15,6,319,173,136,85,36,36,2,10,134,122,234,109,78,44,25,27,1,10,72,54,395,207,164,70,48,58,4,24,170,136,109,56,54,20,11,19,0,6,38,34
270.25,138,71,46,20,16,14,2,4,63,39,4,1,3,1,0,2,0,0,0,1,22,17,12,5,2,2,0,1,9,7,62,20,31,9,9,8,1,5,26,19,102,34,29,11,8,5,0,7,41,29,26,27,19,9,6,4,2,7,14,28,45,27,32,9,8,3,0,2,22,10,20,13,13,8,2,1,0,1,13,6,116,46,39,19,11,8,3,11,50,26,469,271,243,151,104,145,6,74,321,408,13,8,4,4,0,4,0,0,4,1,12,8,4,5,0,0,0,1,9,3,4,1,2,0,0,0,0,0,0,0,380,214,141,86,45,45,1,16,153,142,1,0,1,0,0,0,0,0,0,1,16,9,9,1,4,4,1,1,7,4,165,76,49,25,23,14,3,8,76,48,117,46,33,16,13,11,2,7,40,42,60,44,23,15,10,3,0,1,20,15,46,11,19,6,8,4,0,6,20,10,61,22,22,9,10,5,0,7,23,13,675,360,296,159,104,112,12,51,337,283,143,62,67,21,17,15,0,6,54,41,17,13,10,6,2,1,0,2,6,9,77,40,39,19,13,2,2,10,34,29,461,196,174,72,48,50,3,21,162,104,201,88,66,31,23,20,0,10,74,52,35,26,15,9,4,3,0,0,11,15,326,143,130,61,52,32,3,22,147,109,227,112,78,41,22,16,1,7,101,55,410,195,153,76,51,39,3,24,185,154,117,49,49,21,17,12,2,5,39,31
270.75,134,53,56,23,22,20,4,9,48,56,5,2,3,3,1,1,0,2,2,0,35,11,9,3,1,5,1,1,6,3,66,32,24,17,10,4,2,7,34,22,92,43,33,18,11,12,0,4,36,27,30,21,16,9,8,2,0,6,30,37,52,18,20,14,11,9,0,3,22,28,22,8,7,4,5,2,0,0,7,11,120,69,59,22,7,9,0,6,57,43,432,307,223,162,100,111,19,79,337,404,13,5,2,3,2,0,0,2,4,1,14,9,6,3,2,1,0,0,8,3,3,2,2,0,0,2,0,0,1,0,415,218,162,76,61,58,6,22,174,146,3,0,0,0,0,0,0,0,1,0,24,9,6,4,4,3,0,1,9,6,149,76,70,28,15,19,2,4,59,53,119,47,38,22,14,14,5,3,50,41,60,26,21,9,9,6,1,1,23,27,46,22,16,8,8,8,0,2,24,10,55,25,25,9,10,6,0,4,25,18,662,375,306,159,100,100,7,45,322,292,156,86,72,19,27,11,1,6,68,62,30,11,11,2,4,1,0,4,7,10,83,44,34,16,12,9,3,6,29,39,455,229,173,87,68,60,2,18,160,119,197,96,68,35,23,17,0,9,71,53,48,21,14,4,2,4,1,3,25,14,326,175,122,72,47,50,1,22,145,109,259,108,89,29,23,11,1,5,98,56,420,203,153,77,47,55,2,22,169,144,126,51,38,25,13,12,1,11,44,40
271.25,135,86,55,30,26,12,0,6,51,29,1,0,3,0,0,1,0,0,2,0,30,10,14,5,3,1,2,0,11,5,56,39,30,7,9,14,3,4,21,27,109,40,31,13,11,8,0,2,37,24,29,9,14,8,9,10,0,3,23,24,48,27,32,8,7,10,0,3,12,8,21,7,9,4,2,7,0,2,9,7,103,61,41,32,13,11,0,6,35,31,409,309,217,146,100,136,12,64,296,422,17,5,2,4,3,0,1,1,3,3,10,5,8,7,1,2,0,0,9,2,2,1,1,0,0,0,0,0,3,2,421,191,167,82,68,50,4,19,179,148,1,3,1,1,0,0,0,0,0,0,19,9,5,3,2,5,0,1,5,1,165,77,59,30,29,20,3,4,58,55,111,55,48,18,14,17,0,5,39,42,61,25,17,14,3,11,0,5,38,22,47,19,16,8,6,6,0,1,20,7,63,26,25,16,8,9,0,5,14,21,700,399,282,120,105,88,4,62,355,336,152,76,61,26,23,13,1,10,73,49,23,8,8,3,6,1,0,0,13,10,77,34,44,16,16,17,1,5,29,36,471,252,163,91,61,38,11,21,174,126,206,101,71,22,24,20,5,11,85,54,34,22,8,7,5,3,0,3,20,15,346,166,138,70,36,40,4,16,160,126,211,118,75,46,24,27,2,15,92,66,404,250,168,68,63,41,4,26,172,163,119,63,56,28,11,14,0,7,40,34
271.75,167,72,66,23,19,13,1,9,59,50,3,2,3,1,1,0,0,0,0,0,30,11,15,2,3,0,0,1,11,4,60,43,29,16,8,12,1,9,35,26,70,44,31,20,15,9,2,5,35,35,25,24,22,5,4,6,0,0,14,34,48,27,15,13,7,5,0,3,24,22,26,14,7,3,3,4,0,3,6,7,113,56,52,21,15,8,1,6,49,43,392,301,227,143,106,107,7,77,295,403,6,8,7,4,0,1,0,0,7,4,14,5,2,3,0,2,1,0,5,6,2,1,0,1,1,0,0,0,3,2,454,234,184,86,48,61,4,19,199,161,2,0,0,0,0,0,0,0,0,0,19,8,9,7,1,1,1,1,12,14,170,85,52,36,28,25,0,3,52,51,118,58,43,19,18,17,1,7,36,46,72,36,19,15,6,4,1,6,30,13,44,13,17,9,8,0,0,2,19,16,50,25,28,7,10,7,0,3,32,22,682,348,312,151,112,116,11,56,360,304,163,73,67,39,20,17,4,8,54,60,21,11,7,5,4,4,1,2,9,10,75,40,28,19,12,16,2,10,44,33,458,244,167,64,55,54,2,22,177,125,207,91,79,37,22,24,4,10,87,55,46,24,20,10,8,4,1,3,30,12,321,149,114,65,50,31,4,21,139,139,214,94,95,48,31,26,2,13,104,62,430,207,201,94,61,55,3,18,197,170,119,54,46,21,12,10,1,9,58,54
272.25,128,87,60,27,12,14,1,2,65,45,3,2,1,1,0,0,0,0,1,2,31,14,11,3,6,1,1,2,15,6,45,32,21,11,8,11,1,6,29,24,90,48,37,18,17,6,0,5,44,39,23,16,16,6,8,6,2,3,14,30,52,31,16,9,4,7,0,2,23,21,20,10,6,7,7,6,0,2,11,8,120,51,52,29,22,9,0,5,47,45,353,257,187,137,107,123,19,100,319,444,9,5,4,3,2,1,0,0,5,6,17,3,6,1,5,2,0,1,4,1,2,1,1,0,2,0,0,0,0,0,419,200,172,78,52,49,5,27,179,124,1,1,1,0,0,0,0,0,1,0,17,9,6,7,5,3,1,1,4,3,179,77,59,32,21,20,0,8,69,50,104,63,47,29,21,18,1,4,59,47,57,39,36,11,12,5,0,1,17,18,59,29,17,11,8,4,0,7,11,15,44,36,36,16,7,6,0,8,23,22,683,418,275,169,108,94,11,57,346,286,167,74,79,34,18,17,2,8,65,61,23,9,12,2,3,3,0,3,11,6,74,60,31,12,12,16,1,7,36,35,449,231,183,81,69,56,3,27,196,130,208,103,83,40,30,30,1,5,108,54,36,23,16,7,9,2,0,1,17,17,327,165,144,69,53,40,4,19,142,126,225,102,88,55,30,22,0,7,111,77,444,223,153,88,61,68,3,25,206,171,108,49,43,25,14,15,2,7,36,47
272.75,137,66,58,30,22,22,1,6,65,51,4,1,3,1,0,0,0,1,1,3,22,11,14,8,7,5,0,2,13,9,46,33,21,14,9,8,0,7,40,20,75,45,25,15,15,13,0,10,35,28,33,19,10,5,9,8,1,5,13,36,42,21,31,13,6,5,2,3,28,30,29,12,9,4,5,0,0,2,5,8,110,53,42,22,13,12,0,6,41,36,353,287,205,138,96,100,12,86,324,386,12,8,5,3,2,1,0,0,7,4,16,3,7,3,3,0,0,0,3,7,1,2,1,0,0,2,0,0,1,1,446,201,166,93,76,52,7,21,180,156,0,2,2,0,0,0,0,0,0,0,25,12,10,4,1,5,2,1,6,9,162,81,72,34,19,29,3,11,60,49,113,54,49,33,10,11,1,7,67,43,66,36,36,20,9,11,0,3,28,18,49,29,18,7,7,6,0,3,20,9,54,25,17,11,8,14,1,5,31,20,628,383,298,178,133,92,10,61,354,313,160,93,50,31,22,28,2,6,59,52,30,10,17,2,2,4,0,4,10,13,87,42,34,18,14,6,1,3,45,39,436,229,202,80,59,57,4,13,187,147,218,103,66,39,37,24,0,10,59,62,43,25,22,8,4,6,0,3,18,18,329,197,140,59,44,43,5,14,138,116,203,116,107,49,28,21,0,15,86,91,429,237,164,92,62,52,4,25,202,166,122,67,42,29,20,15,3,9,53,38
273.25,136,73,68,42,24,17,1,6,63,54,9,1,1,1,1,0,0,1,1,0,20,18,13,7,5,10,0,0,12,8,55,29,27,13,9,5,0,2,30,32,102,40,24,12,9,12,0,8,43,37,27,20,10,10,6,11,2,5,16,29,65,31,19,6,7,6,1,5,25,23,21,9,15,2,2,5,1,1,6,14,110,59,38,24,21,13,3,3,49,48,338,248,192,131,94,100,15,82,330,436,4,6,4,3,4,1,0,1,3,2,15,9,4,6,3,3,0,1,7,7,3,4,1,0,0,1,0,0,2,2,429,237,178,83,73,55,5,33,193,148,4,0,0,2,0,1,0,0,2,0,21,12,17,0,3,3,0,0,10,5,162,77,63,42,29,14,0,11,76,70,100,59,58,25,11,13,2,9,46,45,66,35,34,12,5,10,1,6,43,14,42,18,21,15,7,9,1,8,17,10,58,20,13,11,8,11,0,4,31,14,665,372,286,184,113,85,13,63,364,348,168,90,61,32,26,14,2,12,72,62,25,21,10,9,4,4,0,1,17,13,103,33,31,19,9,11,1,6,49,33,474,203,188,90,61,64,5,25,231,159,201,98,89,48,29,22,0,14,92,74,43,17,19,6,12,8,0,2,25,18,363,166,135,62,41,41,0,21,137,106,195,108,91,56,36,37,2,6,94,76,450,201,185,82,68,49,7,29,240,163,125,45,53,19,16,13,0,5,60,49
273.75,151,73,48,28,16,16,1,5,77,54,5,2,2,2,0,1,0,1,2,4,28,11,11,6,7,2,0,1,20,12,57,28,32,15,13,6,2,6,36,33,108,55,43,21,9,16,1,14,42,37,23,16,10,7,9,5,0,2,18,30,74,28,24,22,8,4,1,2,17,18,21,14,11,6,3,5,1,1,13,9,113,50,70,23,13,20,2,10,67,48,342,232,194,122,84,132,13,64,322,451,14,7,5,3,0,3,0,1,4,4,14,12,9,0,1,3,0,0,6,4,5,0,2,2,0,0,0,1,1,2,419,234,172,100,67,60,6,26,226,151,4,0,1,0,1,0,0,0,0,0,20,8,5,4,6,1,0,3,10,9,160,75,72,29,19,20,0,10,63,56,115,63,55,27,12,20,1,7,56,46,69,24,11,18,13,10,0,3,28,19,51,24,26,7,10,10,0,2,26,21,54,34,31,5,5,10,0,2,28,18,659,400,268,165,110,117,8,66,327,374,188,82,58,43,30,24,2,11,75,59,26,13,9,6,7,3,0,2,11,9,103,52,31,7,9,11,1,8,26,40,490,217,167,86,54,51,4,22,224,136,194,90,80,43,26,30,2,6,84,66,40,21,18,4,2,9,0,2,21,17,297,191,163,89,48,33,5,15,153,160,236,122,94,39,33,26,0,12,98,82,451,219,166,107,75,48,9,30,212,192,120,57,45,22,13,11,2,9,57,28
274.25,136,85,61,29,25,15,1,13,64,50,6,3,2,2,1,0,0,0,3,2,32,15,12,7,6,1,0,3,11,13,50,23,30,15,8,8,2,3,35,20,66,46,35,18,15,11,1,3,30,35,16,11,6,9,5,7,1,9,15,23,43,27,16,12,6,9,1,2,24,18,20,14,9,4,4,3,1,4,14,12,124,51,44,15,20,14,4,9,44,59,344,210,193,128,104,86,19,81,308,434,16,5,8,3,0,2,0,1,9,6,13,10,8,4,2,2,0,1,8,10,4,1,2,1,0,0,1,0,1,1,421,236,183,79,52,72,5,34,236,156,3,3,0,1,0,1,0,0,1,0,28,9,10,6,6,0,1,1,8,7,161,104,58,41,25,18,2,8,85,69,115,64,50,31,15,15,1,11,55,42,75,40,25,12,14,5,0,3,32,16,40,33,23,10,9,4,0,2,27,16,73,29,24,14,5,6,0,6,29,10,608,384,315,151,94,104,16,55,364,358,151,87,75,33,17,23,2,5,83,66,23,12,13,3,4,4,0,1,11,12,85,41,34,31,9,9,3,10,56,30,471,222,173,85,71,52,3,27,199,154,201,81,68,44,21,32,3,9,100,67,40,20,17,10,7,1,0,3,12,19,379,177,130,79,60,45,1,12,164,128,211,104,94,57,35,29,3,9,114,78,463,226,199,97,65,68,5,18,226,178,104,71,62,33,14,15,1,7,52,44
274.75,152,64,49,25,24,29,1,5,73,63,4,2,2,1,1,0,0,1,3,0,27,10,10,8,3,2,1,2,17,10,63,33,22,14,10,9,2,7,33,32,80,46,37,19,12,16,2,7,45,44,19,13,18,14,3,6,1,4,14,33,58,30,27,12,13,8,1,3,21,24,28,11,6,7,3,5,0,2,9,14,116,47,45,16,23,11,1,5,55,39,339,211,147,140,87,120,12,60,284,427,16,12,9,1,0,4,0,0,9,4,10,7,6,5,2,4,0,1,4,4,3,0,1,1,0,1,0,0,2,1,427,241,183,108,67,57,6,29,190,171,1,0,2,0,0,0,0,0,0,0,26,9,10,5,3,2,0,3,10,5,176,73,65,36,15,21,0,14,80,66,145,54,38,38,10,10,4,8,61,42,62,28,26,11,8,6,1,3,31,34,51,33,17,13,10,8,1,3,14,11,65,37,35,11,5,7,0,2,27,18,619,373,323,181,121,109,7,64,335,377,156,75,73,32,33,15,0,10,67,59,26,10,14,6,2,3,0,0,7,8,79,41,29,17,13,9,0,9,49,24,472,236,209,80,59,65,4,36,210,159,223,104,76,35,39,31,2,12,96,66,47,22,17,7,12,5,0,1,25,16,370,174,153,70,59,46,3,23,181,129,234,125,107,39,29,32,1,22,110,96,442,237,189,100,66,64,5,28,197,209,130,80,52,20,21,25,1,8,53,45
275.25,130,69,65,30,24,15,1,13,67,62,4,3,4,0,2,1,0,0,1,0,31,18,12,7,10,6,0,2,13,5,47,33,19,19,9,10,2,5,20,33,95,50,35,15,11,9,3,3,30,30,18,12,12,12,2,6,1,5,12,35,64,27,29,13,8,3,1,3,28,31,22,14,15,9,3,5,0,3,12,9,141,58,53,20,17,21,2,5,56,51,322,207,175,109,81,85,18,77,268,406,10,4,7,0,1,1,0,0,6,3,14,10,4,6,2,1,0,1,14,10,4,2,2,2,1,0,0,2,2,1,422,225,187,89,70,49,9,39,197,189,2,0,2,0,1,0,0,0,1,1,26,9,7,8,1,3,1,4,5,7,142,85,71,32,18,28,1,4,87,65,117,67,59,38,13,11,4,11,51,68,64,37,16,17,1,9,3,7,24,32,53,28,24,7,2,9,0,2,20,25,74,23,20,18,8,5,0,1,32,22,643,369,267,166,124,105,6,77,389,392,166,95,69,33,31,21,2,13,59,62,25,15,18,6,5,1,2,2,8,13,80,56,44,17,22,12,2,7,38,36,462,269,182,99,83,53,6,35,197,177,230,98,88,35,30,27,2,15,78,68,44,20,19,8,4,6,0,4,27,14,363,192,121,55,52,46,3,28,174,133,224,120,105,54,37,28,3,18,108,99,444,241,190,98,62,71,3,34,171,189,123,55,44,32,13,12,1,8,57,58
275.75,142,82,58,31,24,17,1,12,68,56,7,1,4,1,1,0,0,0,2,3,31,12,14,8,5,8,0,1,11,21,64,25,27,13,13,10,2,6,23,36,106,43,37,22,9,7,0,8,46,45,19,14,15,11,1,7,1,6,23,22,60,32,27,9,8,6,0,2,33,22,25,10,9,6,3,1,0,2,14,9,131,70,55,19,30,18,3,9,53,57,279,201,184,141,82,102,15,92,262,417,8,6,6,2,4,0,0,1,4,4,13,6,6,0,2,4,0,2,1,8,3,1,1,1,1,0,0,1,0,1,434,251,186,95,68,67,7,36,219,202,2,1,0,0,1,0,0,0,0,1,29,13,7,3,5,4,0,0,5,8,173,90,76,36,19,15,2,5,62,61,131,67,47,20,23,16,4,8,63,39,69,33,22,11,4,8,1,5,26,23,52,18,28,11,9,6,0,5,20,19,60,32,23,15,5,6,0,4,20,22,616,359,276,155,131,111,13,48,376,395,187,89,87,38,34,19,2,14,75,68,34,14,10,8,8,6,0,2,16,9,80,40,39,18,13,13,1,6,39,41,468,264,179,109,75,70,5,25,227,178,191,104,84,45,31,16,0,15,102,86,45,28,19,8,9,11,1,1,21,20,345,185,139,59,56,54,5,25,158,151,226,112,100,40,41,22,2,16,103,79,451,231,167,107,69,76,7,35,198,173,121,68,45,31,28,10,0,12,59,45
276.25,135,83,71,32,25,16,1,7,63,60,5,6,2,1,0,0,0,1,2,3,23,16,6,3,5,7,0,0,14,14,48,32,34,11,4,9,0,7,36,42,96,45,37,23,8,16,0,4,42,34,16,13,13,9,5,3,2,5,19,31,47,38,17,10,16,7,0,4,22,31,19,10,8,11,6,0,0,3,13,11,111,54,54,23,27,17,0,10,43,45,279,189,167,100,98,104,21,105,257,429,15,6,7,1,1,0,0,2,7,7,15,8,2,4,1,0,1,1,5,10,1,1,1,1,0,0,0,0,3,1,438,249,174,104,68,69,3,24,205,167,3,1,2,0,0,0,0,0,1,0,20,11,13,6,4,5,1,3,8,8,142,92,58,31,33,19,6,10,58,80,130,68,49,30,28,13,1,11,56,54,59,30,37,19,6,8,0,3,38,27,55,33,20,13,6,11,1,4,25,17,54,42,28,18,11,4,1,6,28,29,609,344,289,172,125,113,19,66,358,391,152,98,61,35,20,20,3,12,72,72,36,14,7,5,5,5,0,5,9,11,93,59,36,20,8,12,4,5,39,31,484,261,181,99,65,69,5,33,212,175,192,123,77,32,44,35,3,15,93,81,44,13,23,11,13,8,0,1,17,16,363,203,144,77,67,50,6,30,148,145,239,123,79,53,47,30,4,18,105,87,446,251,179,100,75,59,7,35,235,193,139,78,45,25,22,15,2,7,58,63
276.75,120,77,54,24,19,26,1,12,62,60,4,2,1,3,2,0,0,0,0,1,27,12,14,7,5,6,1,3,21,9,49,32,23,9,13,9,1,3,34,34,92,63,31,18,13,15,0,4,55,39,20,19,8,6,5,5,2,2,16,22,52,28,16,9,7,7,3,8,25,23,32,10,11,13,2,1,1,3,12,10,115,64,62,41,23,19,3,9,53,43,272,186,152,119,94,91,14,71,248,412,17,4,6,1,3,2,0,0,6,3,11,7,7,3,1,1,1,1,9,3,4,2,0,0,1,0,0,0,2,4,425,223,194,84,63,75,6,30,227,193,1,0,0,2,2,0,0,0,1,1,26,15,12,6,4,4,0,0,13,13,166,71,77,38,27,16,3,16,76,59,127,72,64,24,10,13,1,4,60,51,78,41,27,10,12,4,0,3,30,18,61,28,22,11,7,1,1,5,25,22,44,33,28,16,14,10,0,4,29,27,588,366,315,171,100,106,14,60,335,374,159,91,62,36,27,15,4,5,88,71,25,12,14,5,2,4,0,2,14,14,73,57,37,16,11,13,1,4,52,35,443,239,185,103,69,49,2,40,203,199,203,110,98,28,24,42,1,10,94,82,34,27,14,12,10,6,0,3,18,18,339,195,142,54,51,44,5,28,148,147,234,133,112,45,29,28,4,11,106,108,439,225,199,86,74,52,7,31,239,210,118,63,50,26,21,26,3,5,63,49
277.25,161,72,48,20,18,24,2,5,72,65,9,4,1,1,0,1,0,0,2,1,31,13,13,3,8,3,0,1,12,8,39,33,29,14,11,12,0,11,28,35,84,51,46,11,16,7,1,6,46,40,19,12,9,5,12,6,1,3,17,25,41,36,20,10,10,7,0,4,36,22,20,14,17,5,4,5,0,1,16,13,115,52,46,33,27,25,1,8,42,61,254,209,173,106,81,73,11,90,246,378,20,8,5,4,4,2,0,1,5,4,17,10,6,5,4,0,0,1,8,2,3,2,2,0,0,1,0,2,1,0,447,242,199,100,68,59,6,30,243,194,1,2,0,0,0,0,0,0,4,1,24,14,11,7,4,1,0,0,7,9,169,93,70,34,33,24,5,14,84,81,120,63,56,29,17,18,0,3,53,50,61,35,28,19,11,7,0,6,33,25,44,26,24,14,5,7,1,0,21,21,68,37,22,10,9,9,1,7,43,26,619,370,287,169,107,108,9,68,376,390,145,91,74,28,28,30,2,10,68,67,30,11,9,9,4,3,0,2,12,9,70,45,33,22,20,8,1,4,36,46,464,282,206,125,80,59,4,15,234,186,208,97,91,45,38,31,5,8,106,90,37,25,17,12,2,5,1,1,20,17,346,185,144,71,64,55,5,22,171,176,243,128,87,63,30,47,3,16,97,113,447,230,199,93,69,75,6,41,208,209,118,61,61,26,20,18,2,5,70,60
277.75,143,84,61,35,28,25,2,12,70,66,5,3,1,1,3,0,0,0,1,2,27,18,3,4,3,6,1,1,14,14,39,19,18,17,9,9,0,5,32,22,104,51,44,20,12,8,2,8,49,49,14,8,14,4,4,4,0,12,10,29,59,36,21,15,5,10,0,4,31,27,35,10,9,5,9,3,0,1,12,13,97,75,52,35,21,22,1,9,60,59,221,201,156,114,69,88,19,79,215,446,13,8,5,3,2,1,0,1,3,7,17,8,3,3,2,2,0,1,12,8,4,1,0,1,1,0,0,0,1,0,370,256,199,102,57,80,7,26,201,205,1,2,1,0,0,1,0,0,0,0,23,13,6,1,1,2,0,0,12,7,163,84,81,40,28,25,0,9,91,75,137,58,59,27,14,21,3,15,62,61,74,42,36,14,13,8,0,3,36,30,55,22,27,14,15,5,0,3,21,26,56,36,24,11,8,8,0,4,38,23,545,357,281,150,118,105,13,63,362,417,187,88,65,45,26,38,2,13,79,74,29,13,14,10,7,8,1,0,13,13,80,32,29,15,15,19,3,9,57,47,452,268,185,109,68,78,9,33,237,194,209,114,80,42,31,32,5,21,101,92,28,20,16,12,5,5,1,1,16,22,365,168,144,97,51,50,4,21,191,141,241,133,97,56,37,37,2,11,108,89,434,230,187,93,71,52,2,33,203,217,109,59,52,27,17,27,1,10,83,57
278.25,166,63,66,37,28,17,2,9,82,50,8,4,4,2,1,3,0,0,1,4,34,12,10,6,3,6,0,2,14,15,42,23,24,16,10,11,1,2,31,36,84,58,35,15,5,5,0,6,45,38,15,13,10,8,3,7,1,6,16,28,54,19,24,13,6,9,0,7,23,23,17,17,11,6,2,6,1,3,11,14,130,61,41,26,17,18,5,12,47,58,223,182,114,106,82,92,19,87,225,425,12,3,3,6,1,4,0,1,12,8,14,5,6,3,2,0,0,2,7,7,0,1,0,0,1,1,0,0,0,2,422,243,186,120,112,61,6,30,214,187,3,0,1,0,1,0,0,0,2,0,13,10,6,5,6,4,0,2,12,12,173,88,61,50,15,30,4,7,94,70,143,77,42,29,24,15,1,9,62,81,80,50,26,7,11,8,0,4,35,34,44,29,16,7,10,9,1,2,24,23,59,31,20,7,10,4,2,3,23,38,594,363,252,169,126,125,7,75,385,370,143,102,96,49,25,34,1,14,94,59,22,16,14,6,6,3,0,2,9,10,85,48,38,19,15,24,0,13,44,44,446,240,197,108,82,77,5,34,253,166,210,106,76,50,35,26,4,20,112,95,30,23,20,7,7,6,0,5,24,20,305,192,144,72,66,58,5,22,169,175,236,113,114,38,31,54,1,10,119,103,426,258,190,112,76,57,7,36,207,217,111,66,48,29,28,10,0,10,67,59
278.75,122,79,59,42,30,17,2,13,70,83,7,1,4,4,1,4,0,0,3,0,16,12,12,6,7,3,0,0,15,12,41,26,21,20,15,8,1,5,19,32,96,60,40,23,17,10,1,8,38,54,13,11,8,10,3,4,1,6,11,30,63,25,31,7,9,6,0,5,30,30,13,20,10,6,3,4,0,3,14,12,135,56,52,24,13,25,2,6,47,57,196,169,140,118,74,76,15,90,199,403,14,10,5,2,5,3,0,1,4,4,14,5,6,3,4,2,0,1,4,8,3,3,6,1,0,0,0,0,2,2,407,226,181,88,67,71,7,35,245,208,2,1,0,0,0,0,0,1,0,1,20,9,7,5,0,1,0,1,9,8,161,76,71,43,31,17,2,13,85,82,135,67,52,28,27,17,2,10,64,59,60,25,26,19,8,10,0,4,33,29,45,23,19,11,5,12,0,5,24,20,59,21,30,11,11,9,0,7,32,29,563,353,272,186,120,121,10,67,352,397,175,87,82,54,38,24,1,12,83,74,31,15,16,9,7,6,0,1,18,18,81,55,38,22,13,15,1,6,35,57,456,260,209,98,83,69,3,30,233,226,213,138,97,53,41,26,0,10,97,101,37,19,19,12,6,6,0,4,22,17,324,170,167,84,56,56,6,35,181,137,238,110,107,48,43,33,1,13,110,109,491,245,206,83,92,58,9,41,218,220,107,70,54,31,17,23,1,14,62,59
279.25,146,79,64,33,18,24,3,5,74,63,8,1,2,2,0,0,0,0,2,2,19,14,11,4,4,5,1,4,10,23,35,22,25,16,9,14,1,3,28,27,95,41,33,23,12,12,0,5,53,46,17,12,4,5,9,10,1,8,19,34,33,27,23,14,3,9,0,10,34,27,16,13,4,9,7,4,0,2,7,8,102,71,63,28,23,23,2,10,52,52,196,172,131,98,77,75,14,80,218,404,11,5,10,1,1,4,0,1,10,7,8,13,8,8,2,4,0,0,6,8,2,1,1,1,0,1,0,1,5,2,408,237,161,130,78,79,9,40,198,227,4,2,1,2,0,1,0,0,0,0,19,6,10,8,1,5,0,1,14,10,163,82,81,39,22,26,2,9,114,75,126,66,54,26,21,15,0,10,67,65,64,37,27,19,12,10,1,6,40,21,53,17,24,10,5,7,2,1,23,20,62,27,26,19,10,8,0,6,29,25,538,317,289,180,120,133,11,56,369,427,149,69,74,39,26,22,2,14,81,85,36,12,15,11,4,4,0,1,14,9,88,37,40,23,19,14,1,12,47,50,475,257,192,108,76,76,9,32,257,218,221,141,91,38,40,22,2,13,97,88,48,17,15,8,7,3,1,3,24,15,325,199,166,77,63,59,4,34,196,179,223,115,87,58,35,44,2,11,132,112,429,235,173,115,76,84,4,38,212,207,116,75,60,31,25,16,0,13,59,56
279.75,134,76,80,22,21,26,3,12,79,74,5,4,6,1,0,0,0,0,2,2,18,21,9,9,6,5,0,2,11,16,39,20,13,11,6,13,1,5,28,29,94,75,47,24,15,13,1,8,49,53,17,11,5,6,4,5,1,7,10,39,45,27,28,13,10,7,2,5,25,36,14,15,8,4,8,6,0,0,15,15,135,55,64,31,19,14,1,14,49,62,179,170,120,124,75,88,13,80,213,406,14,4,3,1,1,3,0,4,6,5,12,5,4,0,2,4,0,1,15,5,2,1,1,1,0,0,0,0,0,2,392,247,153,98,80,54,4,37,229,219,1,3,1,0,2,0,0,0,0,1,21,7,6,5,3,6,0,0,13,5,147,92,70,39,25,28,4,15,75,80,113,81,53,37,17,19,3,6,50,69,61,35,37,14,5,10,0,5,39,22,47,29,26,13,13,8,1,2,24,38,52,39,34,10,11,10,0,7,18,41,525,316,277,168,126,117,14,88,380,433,141,80,75,42,35,35,3,15,81,74,24,12,9,6,6,4,0,4,18,14,65,49,41,22,13,14,3,8,52,52,423,247,226,108,78,70,4,43,216,233,200,116,83,53,32,38,6,16,104,78,35,24,20,7,7,5,1,3,23,20,368,171,171,75,66,53,8,28,196,187,210,127,114,79,33,32,2,30,101,94,460,261,190,108,92,71,10,37,229,228,100,75,39,24,23,16,2,8,71,60
280.25,153,93,54,28,31,14,0,8,76,65,8,6,3,2,0,1,0,0,2,3,18,14,14,2,7,2,1,3,8,15,58,29,24,14,10,12,0,7,26,25,101,42,41,24,16,13,0,7,70,43,15,13,7,3,5,5,0,9,12,23,53,24,24,14,13,9,0,5,27,25,14,9,8,5,4,7,1,2,13,13,107,64,58,30,26,12,2,13,68,61,196,171,121,104,71,96,12,82,219,402,23,16,8,4,1,0,0,1,5,7,13,8,10,1,2,0,0,2,8,9,6,1,1,2,1,0,0,0,2,3,372,220,179,97,72,90,9,32,259,247,2,2,2,0,0,0,0,0,1,2,20,11,11,8,1,2,0,2,9,13,164,91,76,46,27,21,3,13,72,76,114,75,50,29,14,23,2,9,61,54,62,34,39,20,12,14,0,8,50,37,57,31,19,15,10,6,1,5,27,17,50,36,20,18,11,10,0,4,30,27,554,310,248,190,132,112,15,74,360,466,151,85,74,40,33,20,4,17,66,85,24,15,16,6,8,9,0,2,7,14,74,45,23,21,10,17,2,12,52,56,448,257,203,123,84,75,2,36,250,203,219,112,71,40,33,33,2,27,105,111,37,28,20,8,8,11,0,0,14,15,354,188,144,89,61,50,7,38,148,182,233,131,105,50,46,20,1,24,127,120,392,246,207,102,77,65,9,36,253,236,117,50,61,28,30,17,1,10,74,71
280.75,129,86,55,42,28,21,3,11,91,91,5,1,6,1,0,2,1,0,4,2,26,15,16,7,4,9,2,2,11,15,37,21,16,14,13,5,0,4,17,40,108,41,31,22,8,14,2,5,46,50,9,9,10,7,3,2,0,10,12,23,71,26,24,18,12,7,0,10,30,25,14,11,9,3,4,3,0,2,9,19,114,55,53,23,19,18,2,9,70,70,161,128,109,90,54,78,14,73,221,391,11,13,1,5,7,0,0,0,3,8,18,8,4,2,4,1,0,0,9,4,2,3,2,0,2,1,0,0,1,2,409,228,187,104,93,56,3,32,213,214,3,0,0,0,0,0,0,0,1,0,22,21,9,4,0,3,0,1,9,14,147,98,67,50,22,27,4,16,79,99,126,77,48,20,23,14,2,12,65,58,61,36,21,23,15,6,1,9,39,39,39,26,22,9,9,8,0,5,23,22,67,28,19,21,10,7,2,5,29,32,532,379,242,163,120,98,8,62,371,420,167,88,76,36,35,31,1,16,86,91,22,18,13,6,6,6,0,2,14,15,78,46,41,22,11,9,2,9,41,49,462,270,195,120,97,67,5,36,231,212,199,104,96,34,38,32,2,20,120,103,35,28,23,15,11,6,0,1,19,18,325,213,147,95,55,58,7,22,175,179,246,124,89,43,29,27,2,19,127,123,432,251,195,95,70,75,4,27,235,260,108,65,41,28,13,24,3,9,55,75
281.25,152,70,57,41,26,27,2,14,91,67,6,4,2,1,1,1,0,0,6,1,22,20,11,6,2,4,1,2,15,8,34,28,18,15,4,10,3,5,31,36,96,65,46,21,15,9,1,5,36,47,13,7,10,8,2,4,1,9,17,24,60,25,29,16,11,12,1,2,31,34,22,8,7,6,6,7,0,1,12,8,139,59,64,28,17,23,1,11,70,51,161,120,103,93,64,74,14,87,200,397,14,12,7,2,2,4,0,3,9,9,13,6,5,5,0,6,0,1,8,7,2,2,3,1,0,0,0,0,1,0,345,220,178,103,82,77,10,39,231,243,3,0,0,1,0,1,0,0,1,2,19,10,14,4,0,2,0,2,9,10,145,66,77,47,26,16,1,12,79,71,118,67,70,31,23,18,0,7,75,64,68,40,24,11,10,12,1,2,42,38,50,25,18,11,11,10,0,6,23,25,61,47,23,11,9,12,0,3,30,37,545,320,259,145,106,113,15,91,364,430,146,84,63,36,26,28,2,19,86,61,24,11,10,2,2,3,1,1,7,14,79,35,32,15,16,6,3,16,58,42,439,252,186,122,78,70,7,44,281,261,224,110,96,42,35,43,1,20,109,113,35,21,15,12,6,8,1,3,19,17,358,227,169,80,60,50,7,35,186,185,237,117,97,57,52,33,5,14,119,118,434,238,204,114,88,83,12,50,270,254,113,53,52,27,21,19,2,7,73,60
281.75,133,74,58,35,33,46,1,12,71,87,6,2,0,1,2,0,0,0,3,3,33,10,10,11,5,3,0,2,13,10,30,19,23,12,7,7,1,8,22,43,102,50,42,22,16,13,2,9,49,43,12,15,7,4,1,5,1,3,12,35,56,29,25,11,3,13,1,6,32,24,18,10,8,5,2,4,0,1,14,11,120,69,48,38,30,23,4,5,51,70,167,135,92,77,53,81,14,92,195,426,17,3,5,3,2,1,0,1,7,7,13,5,12,7,1,2,1,2,8,6,3,1,1,0,0,2,0,0,3,2,379,215,152,93,70,72,7,32,241,225,0,0,2,0,1,2,0,0,2,1,18,10,12,9,7,3,0,2,14,12,150,85,74,40,31,21,3,17,78,83,137,59,49,37,21,22,4,7,63,81,63,29,27,14,13,12,0,3,29,26,53,22,14,17,6,12,2,3,16,18,62,38,18,17,9,13,2,2,32,29,537,321,237,136,95,127,10,72,327,401,156,96,70,32,37,23,1,10,98,83,30,17,13,12,5,4,1,4,7,16,62,60,41,20,8,8,0,12,48,50,430,289,206,114,73,78,10,37,256,247,188,108,95,51,32,34,3,18,113,117,48,17,17,13,4,12,3,3,24,28,355,191,130,93,69,58,5,37,187,189,238,142,113,60,43,43,2,13,99,123,499,271,195,109,92,78,5,28,243,252,114,64,59,29,25,29,4,16,58,66
282.25,137,79,54,33,19,30,4,15,70,83,8,3,4,2,2,0,0,1,3,0,26,17,14,7,2,4,1,1,15,23,31,22,17,14,8,10,2,8,32,34,92,46,49,19,24,16,1,10,56,40,7,14,1,7,4,3,0,3,12,30,41,34,22,14,8,10,0,9,17,32,21,19,6,7,6,5,0,3,12,10,122,90,59,29,17,15,2,14,61,66,156,133,110,83,53,69,12,79,155,374,12,8,3,3,1,4,1,0,10,6,14,7,7,1,3,1,0,0,6,4,3,0,4,2,0,2,0,0,0,2,401,236,171,95,86,76,5,38,232,234,0,1,0,0,0,0,0,0,2,1,25,13,10,2,2,3,0,1,13,15,163,82,60,39,19,30,5,13,95,82,122,80,55,26,17,20,1,12,63,62,60,33,27,20,12,7,2,6,33,42,52,24,17,17,5,9,1,6,25,30,61,32,29,16,11,6,0,5,36,35,523,261,269,131,112,128,11,65,359,472,168,93,72,37,29,38,0,16,98,95,29,14,10,8,7,5,1,1,15,13,65,44,37,22,17,10,0,8,56,39,458,235,200,93,71,72,6,43,254,251,202,118,98,46,40,39,3,21,98,98,35,17,12,7,6,8,0,6,13,24,360,180,147,98,55,74,9,32,197,230,234,126,104,77,44,38,6,25,114,104,436,264,196,104,90,99,9,50,251,250,127,62,42,31,17,33,1,8,63,70
282.75,136,92,63,48,21,19,3,11,89,94,4,6,3,1,1,3,0,0,6,0,30,18,11,7,3,5,1,4,12,14,41,26,14,9,5,7,1,11,20,33,105,58,50,21,24,18,1,9,48,49,7,8,4,8,0,5,0,4,20,24,66,26,22,17,13,8,2,0,24,29,18,13,6,3,3,4,1,5,13,14,112,53,45,41,25,23,0,10,66,52,157,135,90,84,53,71,12,54,171,399,18,12,8,3,0,1,0,0,14,10,21,14,7,2,4,3,1,1,4,14,2,4,2,0,1,0,1,0,0,0,393,224,183,113,59,79,8,38,249,242,3,2,5,1,1,1,0,1,2,0,22,9,9,5,4,2,1,1,10,8,166,86,83,41,21,36,3,11,84,93,147,70,59,29,18,20,0,12,57,84,57,21,36,15,13,8,0,7,29,31,41,25,29,6,12,6,0,3,30,19,62,43,26,14,10,14,2,6,28,33,494,332,270,150,100,93,19,73,359,442,186,83,57,47,32,26,1,15,86,97,17,11,8,9,5,5,0,1,12,10,80,35,32,23,18,12,0,9,32,57,488,243,185,123,87,77,9,47,255,247,237,103,89,43,26,28,3,18,135,103,44,21,15,7,4,10,2,8,25,27,341,225,166,83,64,55,4,41,194,192,235,127,103,67,36,31,4,25,144,118,450,258,174,100,73,90,8,43,254,256,107,50,50,27,24,17,2,13,58,67
283.25,130,78,72,37,28,23,3,11,71,69,5,2,2,3,1,1,0,0,2,3,36,10,13,4,8,1,0,3,19,20,44,27,14,13,8,7,2,8,23,40,97,50,51,22,16,16,1,11,47,50,9,10,6,2,5,4,0,3,9,27,48,26,27,13,15,7,1,4,22,45,10,9,9,6,3,7,0,2,13,11,109,55,50,31,23,22,1,14,62,71,145,117,101,78,65,70,21,83,166,381,17,5,12,3,2,3,0,0,10,7,11,4,8,4,2,1,0,4,7,9,3,1,0,0,0,0,0,0,1,2,389,257,184,83,74,74,4,34,223,249,2,0,0,1,0,0,0,0,1,0,26,12,8,7,4,1,1,2,17,14,214,93,59,42,26,16,5,14,83,86,133,62,51,26,21,11,3,12,63,80,75,40,26,15,5,8,1,8,33,30,56,21,23,8,5,5,1,5,23,31,74,34,31,18,13,8,1,5,41,26,522,349,254,140,113,118,18,87,310,412,174,82,91,39,37,40,3,17,98,82,22,15,8,7,3,2,0,7,20,17,56,51,37,21,12,18,2,7,49,55,451,241,188,113,83,76,7,41,255,269,225,121,100,64,44,32,1,19,108,115,54,25,15,9,8,6,0,4,24,24,364,187,132,88,53,60,11,40,181,187,249,124,80,56,39,35,2,30,117,140,492,237,196,130,74,81,8,55,226,262,129,71,54,26,23,22,1,11,54,73
283.75,123,84,60,33,25,23,2,19,85,71,4,6,6,0,0,0,0,0,5,2,34,8,16,9,5,6,0,1,12,13,46,24,21,10,5,9,2,5,29,40,105,74,37,27,18,10,1,12,46,45,9,7,5,6,5,4,3,3,9,20,45,37,32,15,5,6,3,3,25,36,14,5,9,6,3,4,2,4,12,14,131,65,50,30,20,18,5,8,61,68,161,105,76,88,53,66,10,76,168,367,26,11,5,1,0,2,0,0,10,10,12,10,10,3,6,4,0,1,3,12,4,0,0,1,0,0,0,0,3,2,374,196,163,99,77,64,8,51,245,266,2,0,0,0,0,0,0,0,1,0,31,12,5,6,3,3,0,0,14,16,162,86,75,28,26,26,2,12,78,110,132,59,49,33,25,21,1,12,66,70,63,37,24,18,13,9,1,4,24,35,56,31,20,15,7,14,0,5,37,26,58,27,32,17,8,12,2,4,38,37,555,310,236,137,116,117,12,59,334,471,142,89,78,46,20,37,5,20,85,90,26,10,9,9,1,4,0,6,14,15,79,35,37,32,20,15,0,9,41,52,451,259,213,126,73,72,7,42,204,258,224,127,103,51,34,49,2,13,95,113,38,26,16,5,4,5,1,7,30,25,368,189,149,94,64,71,6,26,200,203,229,117,103,65,35,40,1,25,115,145,455,218,181,114,68,87,9,51,260,257,129,67,42,25,19,18,2,10,64,64
284.25,115,89,57,37,29,34,4,18,84,103,10,0,3,1,2,0,0,0,3,4,35,20,9,4,4,4,0,4,13,14,38,24,22,9,5,6,0,8,17,26,91,46,42,25,20,15,0,6,41,59,7,2,10,5,0,6,1,4,8,28,56,28,21,15,15,5,0,2,23,32,18,11,5,7,4,5,2,4,8,18,135,65,49,36,27,24,1,6,65,65,145,115,87,51,49,62,8,70,159,343,28,12,9,3,4,2,0,2,12,7,14,8,6,4,3,1,0,2,3,8,2,3,1,1,0,1,0,0,1,2,368,229,166,113,63,69,9,43,228,232,3,0,1,0,0,0,0,0,0,2,24,19,5,6,2,6,0,4,7,18,187,104,75,32,32,20,1,16,86,113,134,84,69,31,19,22,1,17,61,63,75,33,26,25,8,10,1,6,29,35,63,24,19,10,5,4,2,7,19,13,44,27,24,13,12,18,0,6,39,36,529,297,234,171,112,136,11,87,330,411,170,83,60,35,33,31,3,18,92,85,29,17,12,5,8,2,1,2,11,14,76,43,42,12,11,21,3,8,46,48,454,250,203,101,82,75,11,41,235,267,216,116,93,63,38,35,0,27,96,97,39,13,23,6,11,7,2,2,20,26,346,181,164,99,64,59,6,47,188,218,225,134,119,52,42,51,4,19,123,132,435,271,190,110,85,68,9,43,239,261,114,50,58,29,14,21,4,13,65,82
284.75,141,76,51,28,27,17,3,15,89,83,8,2,5,2,1,2,0,0,2,7,33,21,6,5,3,7,0,2,17,14,34,19,15,19,11,8,1,6,38,49,94,49,34,25,19,18,1,8,53,49,9,7,9,7,2,2,1,4,12,21,52,38,24,14,5,18,0,9,47,22,23,13,11,3,1,4,1,2,10,11,134,67,58,29,26,22,2,9,61,58,122,99,71,75,51,61,16,90,142,338,18,11,10,7,2,2,0,0,4,9,13,4,6,2,2,2,0,1,6,8,3,3,0,2,2,1,0,0,1,1,372,226,176,109,67,62,7,40,213,233,1,1,1,4,0,0,0,0,0,3,23,18,5,8,7,3,0,2,12,10,164,104,82,42,31,18,5,13,90,80,143,57,54,33,19,25,4,15,60,71,72,54,26,13,13,16,1,6,29,33,53,21,22,13,14,11,1,4,25,39,72,26,24,11,10,8,1,5,22,37,490,328,242,133,111,123,7,79,304,448,183,85,72,45,24,32,2,26,88,110,24,10,9,10,6,9,1,3,18,21,69,40,30,27,14,18,1,9,43,56,448,220,211,93,68,86,8,39,255,233,233,119,76,68,23,30,3,15,120,134,42,19,13,15,8,4,0,3,20,16,362,186,159,93,64,57,8,28,166,211,247,121,106,53,55,34,3,22,119,146,442,283,216,114,83,78,12,64,254,274,121,61,59,29,21,28,3,7,63,62
285.25,147,67,68,39,25,32,2,14,79,112,8,2,2,1,1,1,0,0,5,4,40,14,18,4,3,7,1,2,20,12,36,32,17,10,9,9,1,3,33,35,82,52,38,29,17,29,0,10,51,55,13,4,4,4,3,1,1,4,15,18,54,39,24,12,19,8,0,6,31,32,19,10,5,2,3,5,1,3,13,14,130,69,58,28,28,17,2,13,67,74,118,107,74,56,52,51,15,83,137,339,21,6,4,7,4,2,1,0,5,14,15,6,12,6,4,4,1,0,11,9,5,0,2,1,0,2,0,0,2,4,407,225,140,86,83,92,9,49,265,266,1,1,1,0,1,3,0,0,1,2,16,14,14,3,2,1,2,2,13,12,195,102,64,50,35,24,4,16,90,87,164,66,62,36,25,15,1,12,87,84,73,42,34,19,7,17,1,5,34,36,62,21,25,11,5,12,0,1,19,31,79,40,27,8,9,7,0,10,36,43,478,305,243,149,98,98,16,69,338,448,162,86,61,49,22,30,10,24,77,85,27,17,15,5,4,6,0,3,16,13,67,36,39,23,17,22,2,10,47,64,444,256,215,119,65,63,9,39,262,276,224,131,87,42,35,40,5,15,123,132,40,27,14,15,7,9,2,6,21,21,314,205,149,92,55,71,10,34,202,181,258,114,106,59,45,36,4,23,109,153,470,269,204,98,57,98,15,37,271,248,131,48,55,29,21,17,2,10,49,60
285.75,135,75,48,21,26,35,3,14,73,104,5,4,2,2,1,0,0,3,0,4,32,15,21,6,2,3,0,4,13,15,31,26,18,9,3,8,2,3,27,37,106,70,52,25,14,14,1,11,53,51,13,10,7,2,3,2,0,3,10,23,53,25,26,14,15,9,1,8,31,48,18,18,12,4,2,1,0,2,13,14,113,74,53,35,28,24,1,14,69,64,145,106,79,76,40,63,12,73,150,331,19,6,11,3,2,2,0,1,6,6,16,4,6,4,4,1,0,0,6,7,1,3,2,1,0,0,0,0,3,4,369,194,188,101,76,64,13,50,248,260,5,1,0,1,0,0,0,0,0,1,21,17,12,1,4,0,1,1,17,13,194,96,62,48,31,41,3,16,79,82,157,71,52,30,17,23,3,14,68,71,83,30,30,15,6,7,1,8,35,46,59,29,24,14,9,4,0,8,29,24,60,32,27,18,10,7,2,4,29,42,463,290,248,156,88,111,12,81,337,488,152,98,69,41,36,25,4,23,73,105,17,14,10,7,4,3,0,5,16,16,70,30,26,25,17,15,3,8,38,59,486,233,230,114,86,86,9,46,230,273,265,138,101,47,42,31,1,21,113,128,38,30,12,8,9,3,1,4,18,21,343,191,170,115,48,60,6,45,175,230,257,126,125,63,44,39,5,18,130,134,473,235,204,108,77,78,10,53,243,270,135,84,51,27,19,11,4,10,66,48
286.25,132,86,62,34,18,29,1,13,76,72,4,7,2,0,1,0,0,0,4,1,38,17,16,6,7,3,1,6,15,14,46,21,22,9,13,6,0,8,21,36,121,51,45,38,17,15,1,10,63,53,12,6,6,9,7,4,1,5,12,35,62,23,20,12,6,14,2,4,29,28,12,12,4,6,4,4,0,2,11,17,135,65,55,35,17,17,1,8,66,78,111,101,87,49,46,71,16,60,166,360,17,6,3,5,6,1,0,1,8,6,14,9,4,5,0,5,0,1,9,7,3,0,0,0,1,0,0,0,0,1,358,206,179,102,65,79,11,43,213,288,2,3,0,0,1,0,0,0,0,0,27,12,10,5,7,5,1,3,5,9,166,104,80,32,26,25,3,20,73,93,153,86,67,31,26,26,1,15,67,76,78,25,28,14,15,10,1,9,48,38,46,28,24,18,7,11,2,3,17,30,73,35,28,16,11,10,2,5,38,40,484,315,241,149,90,92,17,81,311,461,162,77,79,34,26,29,3,19,91,95,37,10,9,7,4,5,0,4,9,10,69,50,37,20,11,10,2,7,41,66,508,263,204,107,102,80,5,39,243,271,243,134,81,53,36,29,4,20,114,120,38,21,22,8,9,5,0,2,24,37,365,191,144,78,42,71,10,26,194,224,245,135,96,64,46,45,6,21,114,133,494,266,208,106,84,85,11,46,277,272,143,58,66,37,23,12,3,18,56,78
286.75,151,98,47,45,29,20,1,26,87,120,12,4,3,1,2,0,0,1,3,3,39,20,18,8,5,5,1,2,11,19,34,24,20,11,6,7,5,8,20,36,114,54,36,27,20,18,1,7,58,48,9,6,2,1,4,5,0,8,4,15,57,28,25,19,9,12,1,2,29,44,11,14,6,6,2,5,0,3,10,12,117,69,51,25,31,31,3,14,65,69,99,79,54,59,31,54,14,69,133,355,24,8,11,3,5,1,0,3,9,15,22,12,5,2,7,3,0,0,9,6,6,1,0,0,0,0,0,1,2,0,411,218,178,104,71,68,6,51,214,282,2,2,1,1,0,0,0,0,2,2,24,5,10,5,3,4,0,1,10,14,173,90,74,55,38,30,1,22,80,97,132,79,67,32,22,30,2,17,78,68,66,23,42,18,12,6,2,6,32,37,61,29,24,9,9,8,0,6,34,32,62,27,21,15,4,9,1,4,36,35,501,282,205,171,110,107,12,91,321,455,189,91,79,46,29,25,3,8,86,100,30,9,16,2,2,5,0,4,17,17,75,43,30,24,20,12,4,7,36,65,483,249,200,108,97,97,6,67,256,286,243,136,86,54,43,37,4,21,110,124,48,20,14,8,8,9,0,6,12,24,381,177,162,105,50,67,5,49,228,212,289,122,108,47,52,52,2,25,134,150,495,230,197,98,75,66,10,50,213,277,135,82,55,21,18,20,0,9,64,72
287.25,141,73,52,44,29,21,3,10,65,102,8,4,3,2,1,4,0,0,2,2,27,19,14,11,2,4,0,2,14,26,29,16,20,9,5,3,0,9,28,30,108,50,37,21,26,18,1,13,59,58,6,10,2,4,3,2,0,7,6,20,57,23,21,9,4,11,0,6,26,36,25,8,2,5,2,0,1,4,12,13,115,56,43,29,23,30,3,11,60,62,110,82,68,55,34,56,18,74,125,316,22,7,12,4,3,3,0,1,7,8,26,12,14,1,4,4,0,2,8,10,2,2,1,0,0,0,0,0,1,2,378,200,163,109,69,70,8,54,198,264,1,0,2,1,0,0,0,0,2,0,30,9,13,5,2,5,1,3,10,14,215,103,82,51,31,28,2,12,109,83,135,85,53,35,25,20,0,12,61,57,72,39,33,19,14,13,1,8,26,36,57,32,26,18,8,8,1,5,33,45,62,29,35,23,13,13,0,6,33,37,459,287,232,123,92,101,15,88,322,406,174,102,74,40,38,32,6,18,85,96,22,14,11,6,3,1,0,5,14,12,58,31,28,14,17,18,5,6,51,54,495,236,211,113,78,83,5,36,228,280,237,118,79,45,43,25,8,15,122,124,35,23,20,10,13,9,1,8,27,30,347,211,161,71,69,51,4,38,157,220,268,140,106,75,53,62,5,26,117,135,476,243,187,127,84,59,10,46,260,311,141,61,55,35,23,26,0,17,62,63
287.75,148,81,49,37,24,19,2,17,74,94,5,4,3,2,0,2,0,0,4,3,32,16,13,8,7,4,0,1,16,10,39,21,13,8,13,11,0,5,25,40,103,79,53,21,13,9,1,12,43,61,11,9,7,5,6,3,0,4,8,21,60,27,33,13,10,14,0,8,29,36,24,9,9,7,4,2,0,5,16,24,111,72,57,39,20,20,6,11,64,79,113,80,62,58,39,56,12,65,115,290,20,8,7,2,4,3,0,2,4,8,17,7,3,4,1,3,0,3,8,14,2,4,2,0,0,0,0,0,3,1,396,241,185,101,74,69,6,42,229,296,2,1,0,0,1,0,0,0,2,0,31,12,9,0,5,3,0,2,9,20,188,112,66,44,29,27,5,17,105,111,145,74,56,48,28,20,2,14,73,76,86,41,32,17,11,14,2,10,30,45,56,45,22,11,5,6,1,8,18,23,59,39,29,16,3,9,2,6,33,45,445,291,242,143,101,131,14,72,312,451,167,84,87,46,28,21,4,14,82,112,26,10,14,2,3,6,0,0,13,9,65,32,27,22,17,18,0,14,36,61,517,271,199,124,91,76,6,44,226,298,251,137,111,46,32,48,4,24,133,108,43,34,17,8,3,8,0,3,16,37,373,182,160,107,71,47,3,38,188,226,267,137,121,55,48,48,3,23,117,127,520,237,236,111,97,68,4,49,240,291,141,78,48,33,24,25,1,14,65,95
288.25,150,71,49,40,19,26,4,11,82,101,13,6,1,3,2,2,0,0,2,3,39,18,11,16,7,2,1,3,18,17,37,19,17,21,13,6,1,8,33,32,105,58,37,29,16,20,1,12,64,54,3,7,4,1,3,1,0,4,9,21,49,26,33,14,11,11,3,7,23,38,12,10,5,1,3,2,1,3,16,15,126,68,61,39,18,16,3,14,64,66,92,77,46,59,43,44,15,76,101,321,25,12,7,4,2,2,1,3,8,6,21,10,8,4,2,1,1,2,12,10,6,1,2,0,2,0,0,2,1,5,322,200,195,106,66,65,9,43,190,294,1,1,1,0,0,0,0,2,1,1,20,15,11,3,4,3,1,1,11,13,197,97,89,44,26,25,2,16,92,93,158,78,61,32,22,27,2,9,63,63,71,47,32,15,8,13,0,4,23,45,58,26,26,16,13,5,2,7,42,34,70,32,35,20,19,8,1,5,29,39,474,283,230,130,100,99,14,99,331,456,164,85,68,39,26,33,5,17,95,117,32,19,9,4,5,4,0,2,6,17,76,43,31,22,15,9,0,11,31,68,533,277,183,115,80,88,7,46,287,304,226,142,105,47,42,27,7,16,128,136,36,15,16,13,7,9,2,6,30,23,388,196,174,85,60,64,8,44,195,214,280,133,113,57,36,37,1,28,139,156,549,253,215,118,94,77,5,53,246,278,136,60,59,30,27,17,1,15,54,79
288.75,136,67,53,33,24,32,5,17,72,86,8,4,1,1,2,0,1,1,3,4,35,14,18,9,4,4,0,0,21,11,38,19,15,12,10,6,1,2,23,33,107,58,32,22,21,17,0,8,46,66,8,2,6,1,3,4,0,2,16,26,68,32,23,13,19,6,1,5,39,35,13,6,8,2,2,2,0,1,5,15,124,57,60,28,25,20,0,9,52,89,111,68,66,50,32,53,9,68,114,317,24,13,4,4,3,5,0,1,13,10,19,7,10,7,1,3,0,3,11,10,5,0,1,1,1,0,0,1,0,1,392,206,152,105,68,69,13,45,213,305,0,1,0,1,2,1,0,0,2,1,22,12,17,8,4,3,0,0,14,15,208,105,77,52,27,22,1,16,91,99,142,73,67,26,33,17,1,13,82,73,93,42,31,16,7,10,0,6,43,36,48,37,21,11,12,7,1,7,21,24,67,38,29,17,14,12,4,9,29,52,492,274,231,155,84,111,22,102,292,475,194,83,84,25,25,30,2,15,95,110,38,15,15,6,5,7,3,3,16,15,64,45,28,23,12,7,3,8,34,65,497,248,217,113,91,91,16,49,265,288,243,123,95,50,38,38,4,26,107,125,40,30,14,4,7,12,1,6,20,25,405,221,175,116,62,59,10,39,195,239,250,133,110,66,37,47,5,23,120,137,506,259,199,112,79,93,4,42,274,287,136,58,53,33,29,22,5,22,57,80
289.25,130,71,45,35,22,18,3,17,68,104,7,5,1,1,2,0,0,2,4,1,39,14,14,9,4,7,0,5,16,24,34,27,10,11,6,11,1,8,12,43,123,62,48,31,12,28,2,8,66,56,5,2,3,1,3,5,1,4,9,23,44,19,19,19,12,13,3,4,30,50,16,6,7,2,0,0,0,6,15,13,126,73,49,32,26,27,1,13,59,88,99,80,68,43,25,27,11,76,92,317,28,16,11,6,3,1,0,4,11,13,19,12,13,7,5,1,0,1,13,10,3,4,1,0,1,0,0,0,1,2,383,203,176,109,65,87,7,57,212,268,1,1,2,1,0,0,0,0,1,1,29,14,12,8,3,4,0,5,8,14,194,88,91,46,29,36,5,21,108,119,121,75,71,23,21,27,1,16,71,78,77,45,35,18,15,12,1,6,40,37,68,28,25,12,13,4,0,4,32,31,61,36,29,15,11,10,1,5,30,50,465,252,206,122,94,93,9,81,327,445,180,104,68,49,36,39,6,18,92,120,38,12,12,11,5,2,1,2,17,9,78,34,43,13,17,17,1,12,34,66,519,276,195,114,83,81,6,55,266,277,233,153,118,66,37,43,7,28,133,123,43,34,15,13,7,7,4,3,23,25,395,196,167,96,64,50,8,35,196,212,269,141,109,67,45,38,3,20,143,132,521,261,209,127,79,106,9,67,241,319,158,66,54,34,17,17,2,13,63,76
289.75,132,78,58,28,24,16,2,14,69,90,7,2,3,1,2,3,0,0,7,6,40,29,11,5,7,2,3,1,21,13,33,22,18,4,7,13,0,6,15,31,118,55,47,20,16,16,3,15,59,75,5,3,3,0,2,3,2,3,5,27,61,25,21,19,6,10,1,2,28,30,24,11,11,5,2,3,0,1,7,12,136,85,49,33,28,24,5,9,66,80,99,69,62,40,31,40,10,60,101,311,17,15,9,2,5,2,0,0,14,7,23,9,10,4,6,5,0,1,10,7,4,2,4,1,0,1,0,0,2,5,347,227,159,116,64,57,9,52,238,269,0,1,0,0,0,0,0,0,2,1,32,17,9,10,6,2,0,2,13,13,188,105,68,50,34,36,1,19,102,118,156,73,62,34,19,23,1,13,61,73,96,47,41,20,12,6,0,8,31,34,78,49,21,11,11,7,0,7,37,22,71,49,33,16,19,7,1,7,44,37,513,279,208,169,113,76,14,86,251,417,183,87,58,42,36,32,1,24,90,107,30,19,13,11,6,2,1,3,16,31,76,31,30,15,19,11,4,8,43,61,528,263,218,114,86,107,10,61,284,319,274,129,93,70,33,31,3,18,135,147,50,22,12,11,9,6,0,5,25,26,395,190,153,102,75,58,4,47,211,226,284,141,121,71,39,43,2,24,146,156,485,263,226,118,81,60,8,48,255,297,113,75,55,28,28,28,0,8,64,85
290.25,145,91,75,33,20,30,4,18,71,98,6,4,0,1,3,1,0,0,5,5,34,18,23,4,8,6,0,2,20,18,33,11,20,9,7,5,2,6,31,40,108,54,33,19,17,22,2,16,56,75,4,3,2,4,3,3,4,4,8,16,62,39,25,12,8,6,0,7,28,39,19,7,8,2,2,2,0,0,6,22,119,77,49,30,25,31,1,18,88,70,99,70,52,33,27,41,10,63,98,299,24,5,15,3,5,2,0,0,13,8,18,8,4,4,3,3,1,1,7,14,4,1,2,0,0,0,0,1,3,5,378,220,159,88,73,75,10,54,202,282,2,0,0,0,0,1,0,0,1,2,34,11,7,5,2,1,2,2,9,9,218,102,86,45,28,34,1,23,93,129,141,73,65,32,27,26,1,12,74,97,87,49,43,22,13,18,1,9,45,45,66,27,28,15,13,10,0,8,28,39,66,33,27,18,10,13,1,8,31,39,475,292,206,157,103,92,13,74,291,473,186,87,79,38,33,31,3,23,104,110,30,11,11,9,8,4,0,2,14,17,81,38,27,24,13,12,1,9,35,74,476,289,216,116,76,103,9,47,239,313,257,150,104,46,38,34,8,25,136,151,54,18,13,9,6,10,0,4,24,21,413,196,173,111,74,78,10,31,164,241,299,148,119,58,50,43,3,25,115,153,528,285,230,107,109,67,6,68,233,310,133,78,50,44,23,24,5,14,65,87
290.75,137,77,53,37,26,28,5,18,83,89,3,0,2,2,2,1,0,0,1,4,40,18,20,6,5,4,0,3,17,20,32,13,18,6,5,12,0,13,21,32,92,66,54,27,17,20,1,6,69,51,8,3,2,3,3,4,0,3,4,18,62,26,31,13,6,7,1,6,24,45,20,6,9,4,3,0,1,2,13,13,125,65,52,29,20,27,2,14,62,102,83,61,59,35,38,41,12,79,101,284,26,17,7,5,6,7,0,1,9,9,20,6,10,4,1,4,0,3,9,11,3,1,1,1,0,1,0,0,1,2,373,204,153,95,65,87,13,53,196,293,0,2,0,0,1,0,0,0,0,2,25,10,11,9,4,7,0,1,9,13,190,103,78,59,26,27,4,25,104,119,161,71,60,37,24,27,3,20,78,85,90,34,38,23,18,9,0,6,35,47,69,32,34,12,9,12,1,2,33,27,65,36,22,13,10,12,1,3,23,34,425,260,225,150,93,106,15,73,313,485,180,117,76,38,36,35,4,29,98,110,30,20,14,7,3,10,0,3,18,17,73,39,43,25,14,16,1,6,32,41,469,275,213,136,81,85,11,41,297,304,286,107,95,56,58,41,3,23,139,129,47,32,13,8,6,5,3,3,23,38,385,223,171,102,66,68,10,29,194,264,281,143,106,55,48,42,8,20,134,146,551,264,217,115,92,88,8,58,240,298,119,77,76,24,19,29,6,13,74,83
291.25,125,70,62,29,15,17,3,10,91,85,7,1,2,1,1,2,0,1,3,4,43,21,13,10,3,5,0,5,17,22,38,22,16,20,12,5,0,8,13,37,110,63,37,24,17,8,1,14,61,63,5,8,2,0,1,4,2,9,7,18,64,24,15,22,9,6,3,4,32,33,20,7,13,6,4,7,0,6,11,11,116,69,53,33,29,25,3,17,82,77,85,65,55,41,24,37,17,59,71,288,24,14,10,2,1,3,0,1,9,8,15,7,2,6,3,5,0,1,6,8,10,1,2,3,2,0,0,0,1,2,391,225,173,81,69,59,12,63,214,287,1,0,0,0,0,0,0,0,0,2,36,13,9,4,5,3,0,4,17,15,217,116,96,41,29,27,3,17,108,97,157,87,62,38,24,21,2,28,85,93,85,38,44,16,12,11,1,6,37,36,65,40,26,12,18,10,0,12,30,38,72,29,21,7,8,16,3,11,45,25,498,297,185,144,85,90,15,67,293,408,179,89,73,55,22,29,5,27,80,98,32,17,10,4,6,5,3,6,14,20,64,47,26,16,13,19,3,7,36,51,509,255,208,93,88,75,11,66,270,305,298,137,107,56,40,47,9,13,117,142,52,27,22,9,4,8,2,2,25,29,392,190,146,92,60,48,7,34,195,218,243,158,131,54,33,47,6,29,132,144,546,294,236,114,89,89,8,62,264,321,133,84,59,34,23,21,6,9,63,85
291.75,125,77,59,26,21,28,2,27,65,109,2,8,4,2,1,1,0,0,4,2,52,16,9,14,7,2,0,6,19,12,40,16,17,5,3,4,1,11,21,43,118,50,46,16,21,25,3,7,48,64,10,4,4,0,1,3,0,3,8,13,56,31,22,16,15,13,3,8,20,38,22,11,13,1,8,5,0,1,9,15,130,74,64,31,16,27,1,11,51,81,101,63,53,41,30,27,6,55,114,276,29,11,9,5,5,2,1,3,7,7,16,10,11,3,2,3,0,0,5,6,9,2,1,0,0,0,0,0,2,2,396,219,146,104,73,66,12,52,202,268,1,0,0,0,0,1,0,0,0,2,31,13,10,11,6,8,0,4,13,9,241,125,91,37,24,31,3,25,93,115,140,90,67,46,27,26,3,14,77,91,102,42,29,29,19,11,0,9,51,45,80,37,39,17,10,7,2,7,28,30,66,34,24,14,5,7,2,9,23,42,449,254,227,126,90,94,20,86,305,448,208,89,89,65,30,24,8,19,87,99,33,18,20,7,7,7,0,1,12,24,50,27,30,18,9,13,2,7,36,55,475,287,216,113,71,85,14,67,249,296,271,147,99,56,47,35,6,24,103,138,33,35,24,10,8,8,0,4,29,26,411,216,181,72,65,71,4,34,204,273,290,160,108,67,43,30,5,24,114,162,531,267,204,115,105,94,7,51,239,294,150,67,66,33,21,17,1,17,68,80
292.25,152,75,61,33,21,20,5,21,87,89,12,5,2,1,2,0,0,0,4,7,47,19,12,6,8,3,1,5,18,22,29,17,15,15,7,8,2,10,20,40,105,55,44,25,18,10,5,16,62,66,5,1,7,2,1,3,1,1,6,14,50,37,28,16,8,12,0,5,25,31,23,9,5,8,2,3,0,2,7,12,120,77,79,30,20,15,1,25,76,79,99,71,44,48,28,40,11,71,67,267,41,14,5,3,8,2,0,4,16,9,17,8,8,6,1,5,0,2,10,7,4,3,3,0,1,2,0,1,3,4,367,230,176,79,73,73,4,57,209,300,1,0,1,0,0,0,0,0,0,2,37,17,18,12,4,5,0,0,10,12,212,117,89,60,27,38,2,11,132,110,155,62,54,37,27,24,5,18,76,86,71,48,33,13,13,9,2,2,45,39,61,37,25,16,10,9,0,5,30,25,78,39,16,20,6,14,0,4,37,29,432,268,209,137,92,113,9,97,288,492,187,110,82,42,33,30,4,23,80,108,29,12,12,10,5,4,0,5,18,15,71,43,29,16,7,13,0,13,43,52,472,276,218,132,92,77,9,53,241,334,221,137,121,42,38,40,5,25,125,134,45,21,24,9,7,2,1,8,30,27,418,216,163,86,63,67,6,42,199,263,310,155,126,79,50,37,3,43,156,161,611,291,259,124,66,104,13,57,269,308,143,75,67,42,14,27,2,15,58,84
292.75,128,70,65,35,20,21,2,16,75,89,4,1,2,0,1,1,1,1,4,3,36,22,17,5,9,12,1,7,21,24,35,21,13,10,9,7,0,4,16,37,99,50,38,17,19,24,1,8,72,62,8,3,2,2,1,1,0,4,4,22,49,37,24,19,4,11,1,6,32,33,19,14,6,8,4,5,0,4,11,13,128,54,49,22,21,21,1,10,69,67,92,71,53,48,18,35,11,46,80,258,25,21,11,6,1,7,0,1,11,15,20,8,3,7,1,2,0,1,6,10,3,0,2,3,1,1,0,0,4,3,385,195,171,119,72,80,13,42,215,283,0,0,0,1,0,0,0,0,1,1,35,18,10,1,4,4,0,6,14,9,201,93,75,55,30,28,4,18,108,118,152,100,63,30,34,24,4,7,96,87,83,48,28,21,21,24,3,7,42,53,79,47,32,13,7,22,0,5,36,29,71,42,33,11,11,10,1,7,33,31,437,283,195,129,84,115,13,88,298,443,192,97,75,41,30,23,4,22,88,100,33,23,14,7,6,7,0,9,16,13,64,50,41,22,14,19,0,9,36,52,484,304,190,108,87,73,6,53,266,304,239,127,94,51,41,42,2,16,137,143,57,23,21,5,6,10,0,4,20,28,436,229,191,104,70,83,10,47,212,232,303,154,100,67,62,38,11,29,142,143,609,300,257,132,83,80,12,56,254,304,137,71,59,30,22,20,2,13,78,79
293.25,142,77,70,26,20,19,3,23,92,90,5,3,6,1,0,2,0,2,0,4,55,13,20,9,5,6,0,3,17,24,28,17,20,12,7,8,1,8,22,45,112,68,36,32,11,16,2,12,51,61,4,1,1,5,1,3,0,1,4,21,70,27,31,13,7,5,2,6,29,33,14,20,6,8,4,1,0,2,7,14,129,63,41,31,19,24,1,12,65,98,87,67,52,29,35,27,10,56,83,234,30,11,10,7,4,5,0,0,10,13,20,11,16,1,2,0,0,2,6,15,2,1,3,2,2,2,0,0,2,2,359,224,170,83,65,70,10,52,228,298,0,3,0,0,0,0,0,0,0,1,26,14,14,6,2,6,1,3,20,20,197,101,82,53,34,22,4,23,111,121,155,87,75,36,27,28,1,18,83,77,87,44,29,25,19,18,1,7,30,45,80,33,24,17,10,8,0,6,36,37,90,31,31,15,14,13,2,6,48,47,466,274,216,143,88,79,9,75,281,422,195,130,70,35,30,39,1,20,98,101,34,17,14,11,6,4,1,5,19,12,67,27,31,15,14,10,1,16,40,43,495,282,213,130,91,74,18,63,276,332,274,153,99,62,36,38,1,24,122,135,57,21,12,5,6,8,1,5,26,47,422,240,163,92,59,51,11,54,205,228,299,146,136,60,53,45,6,26,145,149,605,324,262,133,82,90,5,68,254,313,142,76,57,32,30,20,2,14,86,103
293.75,146,69,72,28,26,22,2,25,82,95,12,1,1,1,0,2,0,0,5,5,35,25,21,7,11,7,0,5,11,22,31,24,15,10,7,8,2,10,20,40,120,51,55,25,12,21,1,9,63,55,5,6,3,1,3,2,1,2,4,14,54,31,41,20,12,8,1,8,34,37,25,10,6,2,3,2,0,4,6,8,138,74,51,27,30,14,0,15,61,79,75,63,50,38,20,28,10,52,73,270,22,15,13,11,1,4,1,0,14,7,18,4,5,5,6,4,1,0,5,3,2,3,3,1,0,2,0,0,1,3,397,200,177,117,80,76,11,56,237,324,0,1,1,0,0,1,0,0,1,3,24,21,11,11,4,2,0,3,10,17,230,112,89,46,28,26,7,17,80,134,158,72,56,42,27,28,2,15,89,84,106,37,39,22,21,13,0,2,42,58,79,33,25,16,15,13,3,3,37,45,80,29,35,13,14,7,1,4,41,57,462,255,198,116,86,84,8,95,289,485,205,100,68,39,39,37,4,22,100,117,24,16,17,6,8,4,0,4,12,21,74,35,35,24,11,16,3,13,40,67,504,286,202,114,92,82,9,51,286,345,286,142,96,65,45,40,10,30,141,139,45,26,28,16,9,4,0,10,21,30,489,201,181,70,66,67,9,55,182,264,292,162,127,72,46,48,4,29,169,177,555,319,224,138,96,98,12,49,291,317,117,72,54,39,25,26,3,10,71,74
294.25,125,87,57,35,32,28,5,19,76,100,5,3,1,0,3,1,0,1,5,3,52,25,16,10,7,8,0,5,18,21,30,17,7,6,8,7,2,10,20,40,104,81,53,19,18,19,3,12,58,64,5,5,3,2,0,1,3,6,2,20,64,36,26,10,10,15,0,6,16,41,26,12,13,2,6,3,0,2,15,16,146,64,51,25,13,24,3,18,77,65,91,51,35,31,19,30,8,40,74,284,25,18,11,5,6,7,2,2,11,7,17,12,10,3,2,2,0,3,14,9,3,1,1,0,0,0,0,0,1,1,347,201,159,108,71,70,8,70,211,262,1,0,0,0,0,0,0,0,0,2,31,23,15,6,4,2,1,3,16,19,221,107,96,47,30,40,3,19,108,119,157,80,72,32,18,29,3,15,69,96,72,39,29,16,14,14,1,8,43,43,72,38,33,18,14,10,2,4,37,38,89,52,31,13,13,13,1,5,31,32,445,256,197,119,84,78,17,83,238,414,192,87,84,40,30,30,5,17,102,110,30,9,11,5,7,8,0,3,15,17,84,37,27,21,17,12,3,15,26,60,502,252,224,101,103,102,17,41,258,335,271,149,119,57,40,50,2,29,119,146,38,22,16,16,4,3,0,5,25,18,440,217,160,101,87,54,9,53,223,248,339,158,126,52,60,60,6,38,146,167,606,289,236,118,98,90,12,56,283,336,148,69,51,30,23,24,2,20,61,89
294.75,146,62,76,33,28,26,6,18,75,99,3,8,3,1,1,1,0,0,3,5,41,21,21,6,6,2,2,4,15,29,33,21,12,10,6,14,1,5,10,31,115,63,46,30,23,17,0,19,63,84,8,2,1,0,1,0,4,3,3,18,66,31,24,12,6,11,0,2,27,38,21,6,9,3,6,6,0,3,16,16,127,79,61,27,19,15,0,25,70,95,70,58,40,31,18,20,7,47,75,269,25,16,14,7,3,2,0,1,13,14,28,9,10,4,2,1,0,2,10,6,3,1,1,3,1,0,0,1,2,3,360,182,185,91,68,58,5,54,222,301,1,1,0,0,0,0,0,0,1,1,39,17,19,4,7,5,2,5,17,18,227,114,91,50,41,24,5,16,96,113,160,87,61,40,36,24,4,16,70,94,78,56,37,19,10,6,2,7,47,48,80,45,35,14,7,7,1,7,32,41,73,34,31,18,7,9,1,9,36,38,453,261,197,120,98,107,18,87,281,429,192,113,92,38,38,33,7,27,79,133,26,20,13,4,6,1,0,3,17,19,54,34,31,15,13,10,2,4,45,53,483,280,228,133,77,79,11,59,296,327,311,181,96,48,46,42,3,33,127,145,45,28,25,11,9,10,0,2,22,36,434,230,200,97,57,54,5,42,202,289,316,145,134,66,54,45,3,24,147,188,595,282,271,132,87,79,9,64,273,341,148,81,71,26,33,15,4,19,68,88
295.25,150,65,54,40,30,30,4,17,72,107,4,7,2,1,2,2,1,1,4,2,44,20,15,11,10,5,0,6,23,16,36,26,23,9,4,6,2,2,26,40,119,61,50,23,23,20,1,7,74,77,4,4,3,2,0,1,0,3,4,13,63,50,27,19,15,9,1,7,28,43,18,11,7,7,2,5,0,4,14,22,154,79,58,42,20,26,4,13,66,84,77,56,32,45,23,32,11,49,69,247,39,14,12,8,2,7,0,0,15,6,22,10,12,4,3,0,1,1,11,17,3,0,1,3,1,0,0,2,2,3,341,189,183,103,55,62,14,52,191,279,1,2,0,0,0,0,0,0,0,0,30,21,19,4,2,7,0,1,20,21,252,112,103,49,31,21,2,22,91,127,175,95,62,41,35,32,3,16,76,99,93,58,48,15,14,9,3,5,43,55,61,42,28,15,10,12,2,7,28,34,94,46,22,18,14,6,2,9,40,34,464,247,204,125,90,100,13,96,261,450,235,112,71,48,39,25,6,23,116,108,30,16,22,12,3,3,1,4,17,19,75,29,31,13,10,16,1,6,37,52,493,264,252,120,91,67,22,63,274,314,291,159,114,67,38,34,6,25,155,130,62,26,12,12,5,4,3,5,27,34,396,221,161,101,78,52,9,44,219,269,267,164,123,66,61,55,5,29,162,154,599,314,241,157,92,98,11,48,289,355,157,73,65,41,23,29,0,9,69,90
295.75,146,64,71,49,27,31,2,23,70,98,9,2,5,0,1,2,0,0,4,4,35,29,20,9,6,10,0,3,20,14,39,20,15,15,3,6,2,10,26,28,127,57,37,24,24,21,2,11,57,72,4,5,2,1,1,2,1,4,5,16,59,26,28,15,5,6,1,7,39,41,26,12,8,8,4,5,0,0,5,22,131,75,72,34,22,30,4,17,59,78,69,63,57,32,23,27,11,53,71,240,29,12,10,4,6,3,0,1,7,11,25,10,8,3,4,3,0,1,4,10,2,3,4,1,0,1,0,1,0,4,380,196,137,94,78,75,7,60,197,293,2,1,1,1,0,0,0,1,2,3,39,17,15,9,2,3,1,2,19,15,238,107,85,50,34,44,0,20,109,128,133,97,79,29,25,22,1,26,77,106,99,48,43,13,22,16,0,12,34,49,79,38,29,18,14,13,2,1,46,36,85,45,36,17,16,12,2,13,37,52,430,241,187,127,95,82,13,72,274,414,207,105,98,42,34,45,5,20,104,134,28,20,15,11,4,11,0,1,13,19,61,30,26,20,14,16,1,9,35,47,495,296,218,152,107,95,12,58,273,357,270,153,119,61,38,36,4,21,167,147,45,26,26,12,13,8,0,2,25,41,438,220,188,113,63,60,9,37,221,224,298,171,134,76,46,52,4,34,140,163,582,282,235,152,112,87,16,75,289,324,142,68,65,32,20,15,5,17,68,84
296.25,141,77,72,40,14,19,2,22,77,91,7,3,4,2,2,0,0,0,4,4,43,22,23,15,7,10,0,0,20,29,26,18,18,15,3,9,1,10,14,41,86,63,56,18,18,17,2,12,49,73,5,6,3,0,0,1,0,4,5,9,59,34,29,18,8,6,1,5,32,39,24,17,9,4,4,2,0,3,7,12,169,79,43,38,21,21,0,19,88,68,65,59,26,33,17,22,11,53,69,222,30,22,12,5,3,0,1,4,14,12,24,17,13,2,2,2,0,0,19,7,3,4,3,2,0,1,0,0,1,0,323,213,165,84,64,74,8,54,212,261,2,0,1,0,0,0,0,1,1,0,25,18,23,10,7,4,0,2,19,22,256,142,103,57,31,29,2,19,129,145,162,79,72,36,24,26,3,20,78,88,97,40,44,22,21,19,3,7,50,50,86,35,29,18,13,11,0,9,24,27,88,53,48,18,16,15,1,9,42,50,398,256,207,124,84,96,16,78,287,458,193,121,87,45,37,32,4,30,103,118,25,23,17,9,6,3,2,7,19,13,55,33,34,23,13,13,3,11,26,69,498,262,217,136,97,95,13,66,267,334,269,166,125,53,51,48,1,30,141,155,54,27,21,16,9,11,1,5,25,24,443,224,179,136,83,65,10,43,228,272,319,162,123,76,50,49,8,34,148,172,587,310,243,122,98,99,7,64,309,344,151,83,59,45,15,18,4,13,62,80
296.75,114,78,57,33,29,18,2,12,91,89,11,2,5,1,1,2,0,0,8,5,41,20,20,13,7,12,1,8,19,22,28,14,12,11,8,6,1,1,24,31,120,68,41,27,12,14,1,12,71,72,5,5,3,2,1,1,1,2,7,17,60,43,23,18,10,3,0,7,34,36,20,8,10,4,3,2,0,4,11,15,129,72,72,30,23,26,2,16,74,92,77,43,44,31,13,30,8,50,85,225,28,10,8,8,5,2,0,3,13,18,11,21,9,10,5,4,1,4,11,9,3,1,2,0,0,1,0,0,3,3,384,211,163,108,84,60,9,54,218,303,4,1,0,0,0,0,0,0,0,1,41,13,12,8,7,5,1,4,10,15,233,125,103,66,29,36,4,18,97,136,156,100,64,40,29,22,0,17,91,84,97,56,50,17,15,16,2,9,41,50,92,55,34,14,10,14,3,6,30,43,87,32,32,14,19,16,2,7,36,38,386,262,180,98,101,90,17,76,249,402,211,99,91,44,36,32,4,28,92,151,34,17,4,9,7,10,1,0,16,13,71,40,24,13,10,17,3,5,42,55,448,294,207,140,73,72,9,58,284,321,313,126,107,73,38,47,6,29,141,161,53,30,15,12,11,11,3,11,23,31,434,259,178,94,71,62,11,50,236,254,315,184,125,64,35,57,8,31,141,183,660,308,246,163,104,94,20,49,256,350,145,81,61,36,25,22,1,21,69,82
297.25,138,90,72,41,22,20,6,16,83,115,8,3,2,1,1,1,0,1,2,8,65,21,14,13,2,11,2,5,20,18,32,22,20,9,11,6,0,4,16,36,104,66,47,26,30,27,3,12,53,61,4,3,4,3,0,3,1,2,3,13,61,27,29,15,19,20,2,14,36,44,21,13,8,2,3,6,0,6,5,21,146,74,60,33,23,21,5,17,50,75,59,53,40,29,14,11,6,63,71,230,21,11,17,5,3,5,0,2,16,12,20,10,10,4,4,2,0,0,13,15,3,0,2,3,0,0,0,1,1,2,329,202,185,119,74,85,15,63,218,309,3,0,0,0,0,0,0,0,1,1,38,13,18,5,5,3,0,3,11,24,219,117,100,43,38,36,2,20,117,142,164,80,76,40,25,32,4,15,89,83,94,55,44,15,18,15,0,8,44,60,66,45,30,9,10,9,1,9,47,47,85,44,23,19,14,14,1,4,36,44,410,272,182,113,86,90,13,72,259,418,207,120,93,46,27,28,3,22,110,101,36,14,16,4,6,10,3,4,12,19,74,49,35,12,5,11,2,12,36,57,464,251,236,128,77,95,13,77,263,323,290,166,115,58,59,29,7,26,140,154,40,27,15,11,6,11,0,5,26,44,387,269,195,97,89,83,9,50,208,268,317,168,146,58,70,45,11,35,154,162,568,334,247,118,90,80,8,60,288,353,145,73,66,45,21,26,5,22,94,85
297.75,114,69,62,27,18,27,5,20,66,109,7,4,3,1,2,0,0,1,4,6,51,32,22,11,3,6,1,6,23,21,26,19,15,9,7,8,0,6,17,31,120,55,43,20,20,15,2,14,50,73,8,1,3,1,2,1,0,5,4,7,60,34,24,19,8,13,2,6,38,45,19,9,8,4,5,3,0,5,13,12,142,71,52,32,23,11,4,21,92,114,59,47,37,44,22,22,8,36,73,231,30,19,14,9,4,1,0,4,16,15,28,8,8,7,6,7,0,2,6,8,3,2,2,2,0,1,0,0,7,3,320,204,154,99,62,75,9,63,222,311,0,3,1,0,1,0,0,0,1,0,32,24,15,9,6,6,0,2,17,16,216,125,98,66,25,41,7,24,96,117,171,101,70,39,36,28,6,12,69,88,113,40,36,29,17,16,2,8,49,54,85,38,27,13,11,5,1,8,47,35,80,48,36,17,9,11,1,10,41,49,389,243,185,118,92,89,10,85,264,428,199,92,82,33,37,30,3,25,115,90,40,22,10,7,7,6,1,5,14,9,67,50,27,23,10,14,1,11,44,57,461,253,230,116,90,77,5,58,274,356,276,162,132,56,46,47,3,40,178,161,46,32,22,9,10,7,1,6,22,34,412,240,204,93,59,91,10,40,243,275,294,171,139,72,59,49,2,36,172,169,624,342,256,135,129,103,17,56,308,330,162,76,42,29,25,25,3,12,84,91
298.25,128,74,68,39,21,20,4,21,63,114,7,4,5,1,2,2,0,1,5,8,44,12,25,13,9,5,0,8,24,27,28,29,12,7,9,3,0,5,19,22,105,69,54,34,23,22,0,5,56,80,6,2,1,2,3,2,0,5,8,15,62,38,23,12,11,12,2,2,27,44,31,13,9,6,2,6,0,3,8,16,145,85,65,28,23,26,4,11,61,80,64,45,36,31,21,16,9,54,48,206,31,13,11,8,7,6,0,5,17,16,21,13,11,9,3,2,1,3,8,6,3,2,2,1,1,0,0,0,1,3,343,196,153,91,60,51,10,48,207,266,3,0,0,2,0,0,0,0,2,2,45,13,17,6,5,2,0,2,16,18,239,119,112,50,43,24,3,18,123,136,164,79,66,43,26,34,4,17,68,98,86,48,38,23,10,19,2,3,43,47,98,50,41,14,14,12,3,12,38,40,96,38,28,20,10,12,1,3,32,46,403,233,188,113,82,112,12,78,281,428,214,106,86,42,43,31,3,22,118,124,39,15,20,3,9,1,2,6,19,9,71,35,25,16,16,17,1,17,35,66,459,265,214,127,102,78,12,67,268,351,306,156,118,57,55,49,6,27,149,184,63,20,17,13,7,2,0,10,25,29,438,255,184,105,59,81,12,51,190,251,272,162,116,76,48,44,2,28,135,166,604,314,249,132,90,89,11,65,331,322,124,77,71,31,25,21,5,17,84,108
298.75,127,79,65,27,29,17,5,19,79,105,9,4,1,2,0,5,0,1,2,4,55,34,20,8,4,6,0,5,19,24,33,15,13,8,13,3,0,6,20,28,112,55,34,27,15,13,2,15,62,78,7,3,2,1,2,1,0,0,2,11,59,33,30,19,12,7,4,10,44,43,21,11,7,1,3,1,0,2,9,13,135,67,61,27,21,27,1,16,83,88,65,41,36,19,19,27,7,40,51,207,41,14,19,4,4,8,2,6,14,16,28,14,11,6,6,5,0,5,11,14,6,3,4,2,1,0,0,0,2,5,339,178,150,109,72,81,9,57,196,338,4,1,0,1,0,1,0,0,0,1,27,17,11,6,14,3,0,3,11,14,220,135,106,56,38,31,7,25,109,150,155,88,73,29,32,19,0,19,98,105,108,55,37,35,13,10,1,11,41,60,75,51,33,16,17,10,1,2,44,47,85,47,44,26,9,19,2,3,41,50,369,224,218,122,83,91,20,78,252,458,195,124,86,41,34,49,3,27,110,129,36,12,20,10,4,4,1,5,10,18,70,26,29,23,13,9,1,5,40,36,495,287,200,127,105,108,12,60,269,327,270,160,139,66,36,50,8,25,170,170,57,28,17,12,6,11,0,5,29,50,432,224,181,91,62,62,6,50,184,274,318,175,143,73,52,59,7,32,155,186,571,323,239,122,98,101,8,55,313,378,169,81,69,42,28,27,3,18,83,95
299.25,129,66,49,50,33,23,4,18,75,95,6,7,2,3,1,0,0,1,2,4,48,25,22,13,7,12,0,2,18,17,30,20,15,8,5,14,0,6,19,41,124,49,49,31,17,19,1,12,53,79,1,5,5,1,2,6,1,0,6,13,72,27,21,13,14,4,1,6,44,43,17,12,6,5,5,6,1,2,6,10,135,92,61,36,22,21,4,13,74,100,48,44,30,20,18,17,6,39,48,195,32,18,11,10,5,7,0,7,13,8,23,9,10,4,2,1,0,4,10,13,6,1,0,1,0,0,0,0,0,4,300,205,171,87,72,64,9,59,205,300,1,0,1,1,0,0,0,0,1,2,28,18,13,10,6,7,1,3,15,13,217,120,99,55,42,37,1,20,105,140,154,74,68,37,31,32,2,20,81,106,94,53,37,18,18,22,1,14,61,53,97,38,40,11,17,14,3,6,45,50,79,55,33,15,14,10,4,6,48,35,418,202,207,145,91,85,10,95,263,370,184,101,99,47,31,33,1,34,99,121,39,17,16,9,7,5,1,3,12,18,64,40,35,26,11,7,1,11,34,74,432,260,206,143,94,97,14,65,283,356,330,163,128,68,51,31,8,28,153,177,61,30,17,8,7,8,0,11,33,25,432,253,177,112,73,69,2,53,255,255,320,165,109,74,52,48,6,37,184,192,628,354,238,123,91,98,9,76,306,392,137,89,76,39,26,23,1,20,70,94
299.75,134,68,63,28,33,30,4,25,83,105,10,3,1,3,1,0,0,1,7,3,44,28,16,13,7,5,0,3,27,23,37,30,11,4,6,6,4,13,15,46,116,56,40,31,20,11,5,23,59,72,8,4,3,2,6,0,0,4,3,15,41,31,21,8,13,9,2,8,28,30,21,11,11,4,3,1,1,1,12,15,149,74,53,34,29,23,0,14,94,91,48,47,31,22,20,16,5,33,61,203,33,15,13,3,4,5,0,2,15,18,27,14,3,4,5,6,0,2,8,22,3,5,0,0,0,0,0,0,1,2,292,178,135,92,77,78,16,67,231,304,1,1,0,0,0,0,0,0,2,3,42,15,16,6,9,5,1,1,24,22,264,131,98,44,38,30,3,19,133,130,148,92,73,45,20,28,4,19,88,108,89,44,37,19,15,10,2,9,57,42,88,36,29,16,21,12,3,6,48,40,89,51,27,20,6,19,4,15,40,48,417,230,189,104,91,107,14,98,274,438,211,127,71,53,39,31,4,22,117,126,29,21,18,5,5,11,2,3,20,29,56,39,29,21,13,11,0,12,50,55,423,273,224,127,94,81,5,61,238,332,258,173,124,61,52,41,8,32,163,158,54,25,27,8,5,12,0,6,31,23,416,258,187,92,82,64,7,41,262,261,308,192,125,87,60,48,5,35,180,177,586,324,261,166,107,79,15,65,319,347,164,73,62,33,23,25,2,16,70,86
300.25,145,81,58,57,23,21,4,27,72,103,13,3,10,2,1,0,0,1,4,5,33,25,17,18,11,4,0,5,17,19,29,17,10,6,2,4,1,3,29,28,124,79,56,28,18,23,2,15,66,77,2,3,3,3,2,3,1,5,6,10,57,38,28,13,8,20,1,8,32,42,20,13,15,5,5,0,0,4,9,12,128,78,53,33,25,16,2,15,77,80,63,25,27,21,16,18,7,44,48,207,35,17,13,7,4,2,1,0,14,14,24,10,13,5,6,5,0,2,14,12,5,2,1,2,0,0,0,0,1,2,333,183,141,117,70,82,16,40,187,274,3,2,0,0,0,1,0,0,1,2,31,16,15,14,5,9,1,2,16,17,248,137,108,71,38,39,3,26,137,154,148,79,72,35,26,28,3,17,81,111,107,53,46,19,10,15,2,13,46,67,82,39,28,19,21,22,1,7,39,56,100,43,45,27,17,9,9,9,32,50,358,242,176,132,78,100,13,82,261,433,221,117,102,58,40,36,4,26,117,139,36,17,19,13,6,6,0,5,23,26,61,33,28,17,15,13,3,10,35,60,441,233,187,114,85,100,4,78,255,318,310,163,142,73,56,49,3,37,164,165,51,29,22,10,8,6,1,7,32,31,426,231,174,106,67,71,5,39,254,244,297,139,144,69,51,51,7,41,158,183,581,351,281,139,109,98,10,71,287,340,161,69,85,44,29,29,6,16,78,85
300.75,121,65,53,26,20,31,5,19,82,103,8,6,8,3,1,3,0,1,5,6,51,16,28,8,6,4,1,3,22,20,36,14,14,7,7,12,2,9,22,31,89,74,38,28,18,19,2,5,66,93,2,3,3,3,1,3,1,4,2,12,52,23,18,18,12,8,1,8,29,39,20,18,13,0,5,6,0,2,10,18,140,81,75,37,28,19,2,25,70,85,54,45,29,30,12,22,3,44,54,174,36,18,18,11,2,3,1,4,14,21,25,9,5,7,1,2,0,2,10,19,3,4,1,1,0,1,0,1,0,2,290,169,160,94,59,50,15,70,204,299,0,0,0,0,0,0,0,1,0,1,30,13,13,16,8,7,0,7,14,19,224,144,105,73,41,29,3,22,113,133,151,88,59,53,33,31,3,19,93,107,76,55,31,18,16,17,3,9,56,50,80,39,33,14,8,21,3,9,39,39,102,36,57,17,15,8,2,2,44,64,339,246,163,101,96,64,19,85,243,377,203,134,81,53,36,42,3,13,108,140,34,18,13,7,4,6,1,1,24,31,63,37,28,16,7,11,1,11,38,56,437,268,213,133,97,107,13,65,291,368,299,156,130,84,44,35,7,27,151,152,54,26,27,4,11,13,2,5,39,34,418,245,174,114,75,70,9,45,251,289,289,182,140,64,47,62,4,41,177,183,608,300,283,147,82,86,15,87,333,345,153,88,63,37,33,35,5,24,85,99
301.25,136,76,54,44,28,28,3,12,61,114,8,5,5,2,3,2,0,1,5,3,43,28,23,8,11,8,1,4,25,21,24,16,9,14,8,7,1,3,21,25,126,64,56,15,23,16,2,15,69,78,3,2,2,2,0,2,1,2,3,8,61,29,28,19,11,11,2,7,36,40,18,11,7,3,6,5,2,4,20,8,155,78,57,27,26,36,5,18,60,93,48,44,39,22,19,21,9,39,59,202,29,17,19,7,1,5,1,0,12,17,18,12,13,5,6,4,1,5,9,16,2,2,4,0,0,0,0,1,3,2,273,200,154,107,75,74,10,60,165,285,0,3,0,1,1,0,0,1,0,1,43,17,9,10,10,4,0,4,14,19,233,106,95,58,40,35,4,29,128,134,145,86,70,37,34,29,3,25,112,99,95,47,40,23,8,15,3,14,44,69,96,46,36,19,15,17,3,11,42,51,85,46,43,25,21,15,1,9,39,53,333,249,178,116,80,77,21,77,229,412,207,108,80,47,41,29,2,31,102,134,37,11,10,8,9,5,0,1,11,26,63,32,28,16,6,11,0,13,36,48,433,244,187,118,99,88,9,61,254,334,285,146,124,80,52,43,4,32,159,189,40,32,32,12,15,6,3,5,25,30,429,194,162,96,83,63,11,61,243,295,298,151,144,80,55,45,8,41,171,211,581,321,278,150,124,97,12,76,294,328,154,76,55,34,33,27,1,19,73,99
301.75,120,67,62,45,29,22,3,14,70,103,5,2,7,0,1,1,0,0,2,6,56,29,25,12,13,3,0,3,17,36,11,20,12,4,7,14,1,7,26,31,109,60,47,31,28,21,5,17,47,72,7,2,3,2,1,2,1,5,3,11,58,40,23,19,13,12,1,9,29,56,27,10,8,9,3,8,0,2,9,17,125,83,60,29,29,30,1,16,71,77,43,36,33,15,18,20,6,35,46,165,29,16,7,9,7,4,1,3,15,9,17,13,7,8,4,5,0,4,11,19,3,1,1,1,4,0,0,1,2,7,283,189,133,87,68,71,4,66,200,321,2,0,0,0,0,1,0,0,1,1,33,20,10,1,3,4,0,2,15,22,223,144,90,56,37,38,7,31,144,148,136,100,75,39,35,24,2,23,92,104,105,56,46,22,20,14,2,6,65,53,58,44,50,18,14,18,2,7,35,42,96,56,42,20,17,10,1,7,46,45,375,220,197,129,75,97,26,76,250,412,206,110,96,59,32,50,4,27,113,121,40,20,14,9,3,3,0,6,18,27,59,28,22,18,16,10,3,9,43,60,390,281,201,120,78,95,8,69,264,345,276,141,130,75,51,43,8,37,144,188,52,13,25,13,4,3,0,6,18,31,412,233,186,109,88,62,14,55,220,259,260,163,165,68,47,54,10,37,160,183,638,315,237,128,101,87,10,55,303,368,134,64,67,40,23,23,4,17,68,92
302.25,138,66,54,23,20,22,4,21,63,104,6,2,1,1,5,1,1,1,3,4,38,26,26,11,5,10,1,4,26,32,27,18,14,11,7,8,0,10,20,24,122,55,68,26,11,15,2,14,55,67,8,4,0,3,1,0,1,2,2,8,43,21,24,17,5,7,0,9,43,45,26,8,7,4,3,6,1,2,11,12,127,64,59,41,24,23,3,27,73,93,48,35,25,24,23,15,7,35,49,188,29,18,19,5,8,6,0,0,20,16,17,10,7,5,1,7,0,3,7,13,3,1,1,1,3,0,0,0,4,1,325,163,137,95,42,57,11,51,184,292,0,2,1,0,0,0,0,0,2,1,36,13,12,9,6,8,0,2,20,13,229,132,108,75,46,31,7,26,127,145,139,91,78,38,31,30,5,14,81,116,95,52,48,18,15,16,0,11,42,60,87,31,34,18,21,12,0,8,39,36,74,54,39,23,15,7,0,5,43,46,349,216,166,117,82,84,14,81,237,393,190,116,87,64,36,29,6,25,92,140,31,15,20,9,7,5,0,5,23,23,55,32,31,13,8,12,2,11,35,60,416,260,194,143,81,85,8,66,284,364,271,163,127,60,49,68,9,32,124,175,62,32,27,19,12,10,2,10,14,29,381,229,198,110,81,86,12,40,209,270,302,164,125,70,48,51,9,25,178,195,587,352,273,149,100,115,14,67,313,400,125,84,70,40,20,17,5,15,71,100
302.75,128,73,50,27,25,23,2,16,83,117,6,4,3,3,4,2,0,0,0,2,41,24,17,14,11,9,1,11,39,28,22,11,10,8,3,4,1,4,8,26,114,52,58,31,23,19,3,13,62,72,6,6,2,0,1,2,1,2,2,7,52,35,20,10,7,17,1,9,24,37,27,15,6,5,2,3,0,3,11,15,120,78,50,33,27,24,2,11,81,101,53,32,26,31,14,22,7,34,52,176,37,19,15,7,7,2,1,3,20,15,28,9,4,4,4,3,0,2,18,6,3,3,1,4,0,1,0,1,5,2,266,191,146,96,51,79,13,60,170,275,0,2,0,0,0,0,0,0,1,0,42,24,12,8,8,6,1,1,17,26,228,139,115,58,33,29,5,26,123,132,141,89,75,33,21,22,3,21,77,106,120,65,45,24,24,13,3,7,30,62,78,38,29,20,19,10,3,8,34,55,97,54,34,23,6,17,2,5,45,55,354,228,168,97,72,82,22,81,224,384,187,112,78,46,21,34,4,31,113,138,35,26,28,7,6,5,1,6,13,25,51,51,30,14,8,11,2,11,37,50,375,261,191,121,98,82,12,64,286,384,269,152,120,61,46,36,8,30,149,166,54,25,29,8,7,12,1,6,24,32,403,222,181,114,64,92,9,36,212,308,302,182,141,87,73,59,5,35,147,192,628,314,263,144,106,98,9,57,338,356,156,90,65,36,27,26,3,23,72,87
303.25,99,67,48,31,20,17,1,18,73,94,11,4,3,1,0,1,1,0,2,3,53,18,15,19,9,6,0,3,28,28,30,6,14,9,7,9,1,4,13,27,112,61,58,24,23,18,4,13,56,69,3,2,2,1,3,1,0,1,5,17,49,19,17,9,15,8,2,6,43,40,21,15,10,3,3,1,0,3,11,19,123,75,45,26,27,32,5,17,85,86,51,37,17,19,16,19,9,37,49,195,39,16,10,7,1,5,0,4,7,16,19,20,5,5,6,5,0,3,5,12,4,4,2,0,1,2,0,0,3,2,299,178,148,78,63,77,11,43,186,294,2,0,1,0,0,0,0,1,4,1,28,26,19,6,9,4,0,4,18,19,266,120,103,60,48,39,6,30,158,142,156,94,52,30,32,30,3,21,92,119,83,48,45,24,21,14,2,12,48,63,81,36,23,17,12,17,0,8,47,33,72,60,26,17,15,11,2,8,40,48,345,219,186,118,75,76,14,88,239,406,203,90,80,55,32,37,2,27,100,136,35,24,15,6,6,5,0,3,14,30,50,30,18,22,16,14,2,11,39,62,374,250,193,115,76,66,13,78,305,377,304,154,128,87,50,41,5,36,150,186,51,29,29,10,7,4,1,6,27,39,434,243,177,101,76,75,9,53,235,276,272,186,130,103,60,55,9,44,171,206,656,338,235,136,111,102,12,71,322,428,139,91,66,34,18,22,7,16,85,95
303.75,100,69,71,38,22,16,3,16,71,94,9,2,4,2,1,1,0,1,3,4,39,34,22,12,11,9,1,2,16,19,31,16,16,3,4,8,1,5,22,32,103,63,55,30,15,24,3,12,65,81,2,4,1,1,2,5,0,2,3,11,43,31,25,17,10,5,1,4,38,43,24,6,8,9,4,4,1,4,6,21,124,66,54,29,26,24,5,23,79,83,34,30,25,17,18,20,7,33,42,152,38,17,20,7,8,5,1,2,14,12,20,5,9,5,7,2,0,3,8,15,4,2,2,2,1,1,0,3,1,2,251,181,156,84,68,56,7,52,196,279,5,0,1,0,0,0,0,0,0,1,42,20,14,7,2,7,0,7,16,22,227,125,98,53,41,43,1,22,110,158,133,80,68,27,26,35,1,20,79,110,120,57,41,22,16,19,1,15,58,61,76,53,40,24,18,16,3,13,40,45,93,46,43,21,16,11,0,11,45,54,337,206,162,116,77,91,14,83,197,407,194,132,89,45,34,27,6,20,116,142,34,19,16,8,5,2,1,6,22,27,53,33,26,17,15,8,4,11,40,47,352,211,205,118,76,101,10,61,250,380,265,135,105,60,50,61,3,39,131,174,59,31,21,12,8,10,1,4,32,40,375,227,188,109,74,90,8,49,218,254,283,133,114,71,41,55,6,40,141,200,616,348,267,168,107,95,17,65,326,368,146,81,75,51,27,31,3,25,84,82
304.25,122,80,61,37,24,27,6,22,71,95,9,2,5,2,0,2,0,2,8,4,44,18,21,15,9,11,1,4,19,31,22,19,18,13,5,8,1,7,17,40,119,67,45,34,22,25,1,9,57,59,2,2,4,0,0,0,0,3,2,20,44,35,28,20,14,12,2,13,33,43,26,18,13,4,2,5,0,1,12,11,127,65,61,33,17,31,3,22,82,111,31,40,22,14,17,19,6,37,26,133,42,19,15,9,4,4,0,3,13,24,19,9,15,3,2,2,2,3,15,18,5,0,1,1,0,2,0,0,1,3,249,161,126,94,57,55,17,72,199,288,2,0,1,0,1,0,0,0,0,0,29,23,15,11,5,9,3,3,18,14,239,119,95,64,40,44,4,28,118,138,154,94,72,40,24,25,7,21,93,102,102,53,53,25,17,16,2,13,53,65,86,47,33,12,14,26,2,6,41,42,110,45,31,34,13,17,4,12,51,45,342,220,159,94,77,85,13,78,254,423,192,112,88,50,35,26,2,23,122,137,27,24,14,13,3,4,3,6,20,29,61,39,37,16,13,8,2,8,31,54,353,247,172,94,80,83,6,71,244,378,280,153,133,65,59,56,5,43,142,196,53,26,19,15,12,7,2,6,30,39,398,216,179,108,72,72,7,47,208,295,291,152,148,64,52,61,7,44,163,206,600,346,269,162,105,109,14,65,334,394,173,82,67,34,28,26,4,17,94,94
304.75,102,67,60,33,40,31,5,14,81,100,6,5,1,5,2,2,0,2,5,6,47,22,20,4,4,9,0,4,30,30,23,24,8,7,3,6,3,6,20,30,111,60,38,25,18,15,3,16,76,72,6,2,1,0,0,0,1,4,2,8,60,36,26,10,13,7,2,7,25,44,23,11,13,4,4,4,0,1,15,13,124,76,63,39,28,21,2,21,74,86,33,31,20,27,14,18,5,37,47,141,40,21,13,7,7,9,0,1,15,26,26,9,7,1,2,6,0,3,12,15,2,0,1,1,0,1,1,0,2,1,255,186,133,86,60,65,8,63,175,301,0,0,1,0,1,1,0,0,0,0,33,19,16,5,7,6,0,7,11,25,199,133,94,63,36,36,3,21,108,139,117,88,61,45,30,32,9,21,85,107,110,63,40,24,16,13,1,11,66,63,66,48,42,17,8,13,2,11,41,51,93,56,46,24,10,11,3,14,55,60,274,198,159,97,70,86,11,77,210,366,165,112,93,44,32,24,2,18,97,126,42,16,8,10,10,6,1,2,20,29,59,36,21,15,9,17,1,14,37,62,386,206,179,131,85,92,10,66,272,382,275,161,113,80,47,62,7,41,150,189,51,21,22,9,10,8,1,4,33,24,372,233,182,112,96,70,6,54,242,273,279,173,125,93,47,54,8,27,146,195,618,345,268,134,114,113,8,74,331,443,170,78,74,41,26,23,2,13,60,98
305.25,129,84,60,43,29,23,3,15,71,93,7,4,3,1,3,4,0,2,4,3,49,31,14,8,8,7,0,7,25,29,28,18,6,4,4,4,0,7,14,24,122,61,48,35,20,17,2,17,60,78,6,2,0,5,1,0,2,1,3,7,54,28,29,15,5,9,1,8,25,33,21,16,12,9,3,3,3,3,12,12,126,79,50,32,23,15,1,21,70,94,36,21,24,9,10,22,8,28,34,143,43,20,15,10,2,3,1,0,23,26,20,12,10,7,3,2,0,3,10,10,1,2,1,0,0,0,0,0,1,2,256,200,134,79,44,63,13,55,176,282,1,0,0,0,0,0,0,0,1,1,27,19,16,6,7,11,1,6,26,28,238,123,114,49,53,31,4,28,109,148,141,81,63,38,28,32,3,20,72,111,91,60,52,24,15,16,1,6,45,58,86,33,44,21,19,15,4,8,40,46,89,44,34,24,7,15,3,11,53,56,298,210,152,95,82,63,9,90,236,382,207,103,89,48,46,37,4,30,122,123,37,26,22,11,5,6,0,4,20,19,57,42,29,18,15,17,2,11,45,64,361,226,170,129,83,102,15,80,225,342,275,145,117,68,43,51,11,36,148,184,50,28,24,15,12,7,1,10,33,39,405,216,171,111,57,77,7,51,237,293,286,139,137,76,50,59,7,30,172,205,559,336,268,140,102,94,14,76,326,414,153,80,58,47,22,28,3,13,82,97
305.75,111,78,58,22,23,21,4,20,63,121,7,5,7,1,0,1,1,3,4,7,52,31,22,5,5,7,2,3,17,29,22,12,17,6,6,2,4,8,16,30,91,61,55,33,22,18,2,11,68,85,3,2,0,1,0,2,0,2,2,9,63,24,25,10,13,9,1,3,38,55,24,13,1,4,3,2,1,2,20,14,127,112,49,39,26,20,5,21,79,85,42,21,25,16,7,14,2,33,34,153,25,19,19,6,3,4,0,5,21,15,23,12,11,7,5,3,0,1,13,10,3,4,0,1,0,1,0,0,2,4,257,155,139,91,61,63,11,58,189,285,3,3,3,1,0,0,0,0,0,0,37,16,18,4,7,7,0,3,19,18,217,131,94,56,40,29,4,23,140,137,162,73,58,34,28,20,5,16,87,133,130,44,46,30,18,18,4,13,39,41,76,37,32,29,13,12,7,6,37,47,89,50,34,17,8,16,1,12,39,53,310,209,163,95,71,90,17,80,218,413,215,116,79,45,41,44,3,20,109,151,31,13,15,11,3,5,0,3,20,33,50,32,31,17,9,15,3,13,35,60,304,232,166,108,86,74,12,65,273,398,235,174,115,79,57,44,2,40,174,188,50,31,27,6,13,13,1,8,19,32,394,220,175,86,72,81,12,59,228,302,294,151,135,73,62,40,7,40,172,194,513,339,268,132,117,107,13,73,285,391,120,78,61,43,30,14,3,19,85,121
306.25,112,57,51,33,28,34,3,9,58,116,12,3,4,2,4,2,1,0,4,4,44,25,26,11,12,9,1,6,19,30,19,14,15,11,7,9,1,3,18,32,102,68,52,32,20,26,2,11,51,89,1,4,2,2,0,1,0,3,5,4,50,30,26,11,9,10,2,10,25,31,26,21,6,5,6,3,0,0,17,14,124,79,50,35,24,27,7,16,88,107,37,20,18,14,13,12,9,36,30,124,39,15,17,11,7,7,1,4,17,12,14,12,15,4,0,1,0,4,12,15,0,3,0,0,0,0,0,0,1,0,252,173,125,83,49,81,3,57,175,303,1,2,2,2,0,0,0,0,1,1,38,23,17,7,5,4,0,5,16,24,216,148,98,56,45,43,4,29,112,143,164,83,66,45,25,20,8,24,82,113,103,54,55,26,20,25,1,10,58,61,90,50,37,16,16,4,0,11,49,46,79,49,40,21,14,14,1,10,58,39,339,197,130,114,51,74,8,69,224,400,181,115,87,50,39,33,4,35,114,158,44,14,16,7,6,15,0,5,16,24,70,29,29,16,19,8,1,7,26,54,346,212,198,98,81,99,12,97,239,358,265,149,117,79,57,42,3,31,178,176,53,28,24,11,8,11,0,10,26,29,415,224,191,100,56,70,7,55,227,315,278,157,120,77,55,52,7,42,161,216,607,346,240,155,100,114,9,81,324,424,150,78,81,33,33,23,4,16,85,110
306.75,105,63,53,34,21,25,4,19,55,94,4,7,0,0,2,1,0,2,1,5,40,18,15,13,5,8,2,5,23,29,22,12,5,4,3,2,3,3,23,25,116,61,51,35,16,13,4,15,63,96,2,1,4,0,0,1,0,3,1,13,48,29,26,11,10,14,0,9,29,53,22,21,4,5,2,3,0,5,12,14,118,80,60,39,23,31,1,21,71,84,37,20,15,17,14,19,3,32,42,143,50,28,15,14,6,5,0,6,18,9,22,13,17,9,4,1,2,2,8,9,8,4,0,1,0,1,0,0,4,1,251,149,127,77,64,48,8,57,207,257,1,0,0,0,1,0,0,1,1,1,28,17,17,7,6,8,0,5,19,26,222,130,95,47,49,41,8,34,131,138,131,72,60,39,33,28,2,23,81,113,88,66,45,26,18,23,2,12,58,56,60,41,27,19,12,29,0,10,35,49,88,47,43,27,9,17,2,8,48,51,305,196,148,93,57,79,9,90,260,423,190,112,84,44,36,35,7,26,112,128,38,19,20,14,3,7,0,3,17,16,64,27,30,8,7,12,1,7,46,41,329,211,167,106,84,81,14,67,258,363,266,140,128,63,50,65,10,33,145,207,48,32,26,11,10,13,0,5,17,38,402,224,175,103,79,82,7,52,235,337,240,171,151,91,52,59,6,34,147,213,591,356,241,150,93,114,12,75,335,437,149,89,66,32,21,35,3,18,69,97
307.25,121,75,62,27,29,34,8,29,86,106,7,5,4,2,1,1,0,1,4,2,42,18,27,12,5,4,1,4,26,33,28,12,8,7,7,5,2,10,18,40,108,73,45,35,20,22,4,20,57,89,2,2,3,1,1,1,0,0,1,6,48,32,19,18,12,10,2,8,39,45,17,16,11,3,6,2,0,5,17,24,132,80,72,35,22,18,3,26,75,99,26,26,23,21,5,12,6,31,36,126,34,22,13,11,9,9,0,8,20,15,20,10,9,8,4,6,0,4,5,9,2,2,1,0,0,0,0,0,3,3,216,144,107,73,50,48,10,58,178,279,0,1,2,0,0,1,0,0,1,1,25,22,11,9,4,6,0,6,26,21,229,129,104,41,48,47,5,27,120,172,126,75,62,34,30,22,6,23,98,148,95,52,40,35,24,20,1,17,49,72,80,51,44,20,13,9,3,15,32,45,112,43,26,16,14,12,0,6,47,50,294,165,163,92,58,57,12,95,224,379,232,92,86,46,35,40,6,24,97,136,26,23,16,18,8,4,1,8,16,24,68,42,18,12,11,20,2,8,38,57,322,242,176,109,69,82,13,73,223,335,249,166,135,55,65,51,4,25,135,201,55,23,33,19,5,9,3,7,28,18,387,225,204,104,86,55,9,79,227,288,318,156,152,60,60,49,11,43,168,214,589,296,273,151,124,90,8,75,366,437,161,74,53,38,43,19,2,15,84,102
307.75,118,51,43,38,28,29,2,15,65,116,9,4,3,1,1,0,0,2,4,5,38,26,22,11,11,4,1,6,21,33,23,17,8,7,7,1,0,5,20,30,79,67,49,34,19,28,4,12,69,76,8,3,1,3,1,0,1,1,3,3,44,31,21,15,11,13,2,9,32,49,25,13,11,6,5,2,2,4,12,21,117,71,47,27,18,19,4,20,72,119,39,30,21,13,11,16,9,23,36,130,48,19,21,7,5,4,0,2,28,18,16,18,15,5,4,4,0,2,13,16,2,1,0,0,1,0,0,0,1,3,244,151,119,81,61,67,8,58,182,289,1,0,0,1,0,0,0,0,1,2,44,15,13,8,6,3,1,2,25,24,234,135,102,60,29,40,3,26,110,148,152,66,56,34,30,37,6,26,71,121,109,51,44,17,12,13,5,9,71,61,87,52,44,13,17,15,3,7,46,57,81,45,45,20,14,6,3,9,31,69,313,195,128,107,81,63,14,73,186,412,204,111,101,66,46,36,2,21,138,128,40,17,21,11,12,6,0,2,25,17,47,39,32,19,10,10,0,10,37,47,355,228,145,97,102,85,17,81,228,330,242,151,122,75,43,53,3,32,152,175,46,24,20,9,14,6,2,12,25,35,356,196,180,112,79,64,13,59,235,297,272,168,107,76,60,51,3,36,176,214,553,332,265,148,114,124,11,75,336,404,151,94,69,34,31,33,2,14,80,101
308.25,101,58,47,27,29,20,5,14,73,107,6,7,7,2,1,1,0,2,4,6,35,28,12,17,5,11,1,5,31,23,25,11,10,7,4,5,2,5,14,31,101,56,58,32,15,23,3,14,74,108,4,0,3,1,2,0,0,3,2,8,58,36,22,16,8,15,4,9,27,39,33,12,9,8,1,3,1,4,18,15,127,83,50,30,20,29,2,23,67,112,30,30,18,9,7,13,6,17,31,136,29,17,21,7,9,8,1,3,18,20,21,9,2,6,5,6,1,4,13,12,3,1,3,0,0,0,0,0,2,2,232,137,130,76,49,63,4,70,185,303,1,0,1,0,0,0,0,3,0,2,37,15,15,9,1,5,2,3,19,21,214,127,107,48,42,46,7,26,112,159,129,94,53,31,18,28,2,28,85,108,89,45,45,34,17,10,4,14,56,63,90,47,30,15,20,14,0,16,54,63,96,51,34,16,20,14,2,12,54,65,287,182,136,113,57,66,15,61,216,365,184,109,96,50,39,36,5,31,107,162,26,16,12,11,3,5,0,1,11,18,54,27,24,25,8,5,4,10,34,51,311,186,152,96,65,95,16,71,242,358,240,159,122,65,39,45,4,42,130,188,62,26,20,17,6,8,0,6,30,42,379,232,172,97,76,73,3,42,242,312,281,149,131,75,69,50,5,48,172,232,561,309,252,156,100,118,14,60,318,419,164,91,64,42,30,22,5,19,97,89
308.75,93,64,52,36,17,34,3,21,63,103,8,6,4,3,4,2,0,1,6,3,45,27,21,7,6,9,1,4,28,29,28,20,11,11,3,6,1,5,12,25,109,50,45,35,28,20,4,21,69,81,3,0,1,0,1,0,0,1,6,10,43,36,28,10,9,5,0,13,26,36,20,16,8,7,6,3,1,0,16,16,131,71,56,37,18,21,0,16,81,99,18,21,13,15,9,9,6,27,23,121,35,22,16,13,11,4,0,3,17,30,18,12,10,6,3,4,1,1,10,15,2,1,2,2,0,0,0,0,4,2,221,147,98,78,56,51,11,53,155,288,2,0,1,0,1,1,0,0,2,2,40,21,12,11,9,5,2,6,18,19,229,130,120,58,42,32,7,34,123,159,118,75,66,37,17,22,5,20,96,96,100,51,44,29,18,16,2,14,48,78,94,53,35,29,17,15,2,12,50,47,80,56,37,29,8,8,1,13,57,75,255,178,122,78,67,81,19,84,192,370,184,100,83,53,33,37,9,36,94,155,34,11,8,8,11,5,0,3,23,30,53,39,24,10,12,6,2,12,30,45,266,206,166,100,82,79,13,59,231,355,258,133,98,75,50,51,8,30,151,174,59,29,24,19,14,14,0,7,34,26,379,239,157,106,68,73,11,53,252,321,298,160,119,78,65,60,5,49,168,229,570,315,246,171,110,109,14,80,310,427,154,74,60,35,25,35,5,20,68,96
309.25,90,77,46,30,19,29,0,20,65,102,5,3,4,1,3,5,0,2,3,8,47,20,13,11,12,9,1,8,24,24,20,11,11,6,6,3,2,13,9,26,103,81,49,24,20,20,4,12,59,78,3,3,1,1,1,1,0,1,3,9,46,19,17,20,11,8,2,6,25,49,29,11,11,6,3,6,1,4,20,23,117,77,59,30,23,16,3,15,93,89,21,19,14,12,9,16,9,34,32,118,42,18,19,11,7,6,1,4,23,21,23,7,12,8,2,3,1,2,11,14,1,0,3,0,1,1,0,1,1,3,212,139,116,82,61,56,11,63,166,304,4,0,0,0,0,1,0,0,1,4,34,17,25,3,2,8,4,2,23,17,228,121,100,60,36,44,9,31,119,162,141,62,62,39,25,26,5,17,81,103,94,54,38,23,15,20,0,9,55,62,65,43,46,23,19,18,1,8,49,54,81,55,32,21,16,8,3,20,57,54,238,164,153,85,69,80,9,64,182,388,195,105,96,44,44,44,8,29,96,148,26,10,20,8,8,2,0,3,7,20,55,31,28,14,13,10,0,6,30,71,307,192,148,88,78,90,11,54,207,362,250,166,113,81,55,61,6,43,151,184,45,37,26,15,10,8,1,5,42,32,365,211,147,111,70,71,9,50,253,325,266,157,108,85,54,70,7,41,156,185,567,335,237,140,125,104,10,88,318,396,149,95,84,49,29,31,3,24,72,116
309.75,90,55,62,37,13,27,4,25,67,110,7,3,4,3,0,2,0,3,3,5,44,21,27,9,9,9,1,5,28,26,22,14,13,4,7,1,2,5,12,39,96,56,34,30,21,9,6,11,52,97,4,5,2,1,3,2,0,0,1,11,33,36,21,12,13,12,7,7,36,43,22,14,11,8,2,9,1,2,13,13,116,72,48,34,22,21,2,12,53,112,29,11,12,11,6,6,4,28,19,131,43,19,14,8,8,7,0,4,18,20,14,4,11,6,5,5,1,4,13,14,2,2,0,1,1,0,0,1,1,1,178,142,114,68,69,52,13,46,151,284,0,2,1,1,0,0,0,0,1,0,30,23,9,15,8,7,1,5,21,25,228,121,94,69,40,54,6,20,132,146,129,76,62,33,24,29,5,20,91,117,91,49,45,29,20,16,1,9,66,64,90,43,21,24,15,10,2,15,49,42,93,73,45,17,22,11,1,11,49,64,238,174,122,89,72,77,12,80,190,356,167,112,84,47,27,36,5,31,118,128,31,18,14,6,7,8,1,5,16,34,43,25,31,14,7,12,2,8,30,57,284,204,127,99,74,81,15,69,234,364,231,147,114,80,60,42,6,41,158,213,68,43,29,15,6,10,2,4,29,40,354,226,197,113,79,90,12,63,234,316,223,178,117,67,57,54,8,41,158,196,539,343,270,155,123,95,11,90,324,441,138,76,70,40,42,37,4,16,94,89
310.25,86,62,33,31,24,20,3,31,60,105,9,8,4,5,2,1,0,1,3,3,42,24,21,10,7,5,0,5,16,33,15,13,9,9,3,4,1,5,18,24,105,45,37,29,25,32,3,9,72,86,3,1,2,0,1,2,1,1,6,13,52,34,35,9,10,11,3,13,36,43,29,11,11,5,4,1,0,3,21,13,112,78,48,35,23,24,3,18,75,97,22,20,11,16,6,15,4,29,33,94,40,28,18,8,7,5,0,4,11,19,25,16,9,10,8,2,2,2,12,15,4,0,0,1,1,0,0,0,1,2,177,114,99,63,55,55,13,53,169,296,4,0,1,1,0,1,0,0,1,1,31,14,15,7,2,6,0,4,24,12,189,126,88,55,41,56,3,15,119,169,129,55,59,40,31,24,1,30,74,112,100,58,45,19,11,18,3,11,43,83,81,45,31,25,14,22,2,12,49,66,88,46,45,25,23,17,3,15,52,70,267,194,126,64,56,60,12,66,188,359,186,135,75,51,38,33,6,24,104,131,27,21,12,16,5,11,3,6,24,29,61,30,32,15,19,13,1,10,29,50,260,190,143,90,64,77,18,74,190,364,215,137,105,73,44,53,4,44,188,209,53,30,17,19,11,5,1,6,22,36,382,209,177,94,65,83,14,73,241,313,238,138,134,74,42,59,11,45,170,228,560,336,255,154,96,108,17,74,343,422,139,97,68,30,21,27,2,16,88,98
310.75,97,76,54,37,25,22,2,25,65,100,9,1,3,1,3,2,0,3,4,6,39,28,23,17,5,6,0,4,19,26,27,12,5,3,5,6,0,7,17,24,114,55,53,27,16,24,3,14,64,88,2,3,1,2,0,1,0,0,1,8,44,31,25,11,16,9,1,9,28,39,24,15,13,5,2,3,0,7,20,16,100,79,46,40,24,28,4,22,75,101,17,19,11,13,15,5,5,16,33,140,33,33,18,11,6,6,0,1,22,17,18,14,4,4,4,5,0,3,11,13,2,3,1,1,0,0,0,2,0,0,172,142,117,65,55,56,5,57,151,290,1,1,1,0,0,0,0,1,0,1,36,19,23,7,5,6,1,6,17,17,226,117,93,57,40,49,2,29,132,148,146,84,67,27,15,27,4,13,64,98,81,50,50,26,14,12,3,15,53,51,73,54,54,19,10,11,1,5,41,53,91,53,43,24,16,14,0,12,48,64,250,135,124,98,68,60,13,80,199,382,187,119,80,53,36,36,3,28,115,139,31,15,14,4,3,10,0,6,21,17,37,28,31,19,22,8,0,18,34,56,257,181,125,94,61,69,15,58,215,359,221,132,119,64,50,44,7,40,149,171,52,30,19,24,5,10,2,6,50,42,321,252,183,112,95,73,10,60,232,323,245,125,121,71,57,90,4,41,161,215,537,306,276,152,127,114,14,84,364,439,128,104,78,41,28,21,1,28,85,106
311.25,93,58,42,28,23,21,3,21,74,80,6,6,3,3,2,3,0,0,6,4,50,17,19,15,9,1,0,5,21,34,12,13,7,2,2,6,0,8,13,30,97,73,59,20,18,17,6,11,65,94,2,3,3,0,1,1,0,0,1,12,35,24,22,12,8,13,1,6,29,48,23,17,5,6,1,3,0,3,10,16,109,61,44,31,20,20,0,17,83,99,27,12,10,10,5,11,7,18,30,107,34,17,11,9,10,4,1,2,20,22,18,13,15,8,5,5,1,6,11,18,5,1,0,1,0,2,0,0,0,3,189,126,96,62,38,53,8,53,149,250,2,1,0,0,0,0,0,0,0,4,38,17,10,8,6,5,1,8,20,18,194,123,100,53,50,36,7,32,152,181,136,84,66,41,27,21,3,21,74,123,86,51,38,29,24,26,1,20,52,78,93,34,37,33,14,9,3,6,33,61,88,37,47,27,15,17,1,5,46,57,263,153,130,96,61,76,11,69,179,393,203,112,96,45,42,40,5,30,125,145,31,15,9,14,4,13,3,8,19,24,46,29,25,20,8,9,1,18,35,59,248,181,145,102,48,89,12,64,200,363,205,132,110,66,45,52,7,41,159,212,55,27,28,9,15,10,2,4,27,41,356,209,155,96,74,73,7,58,202,320,229,145,113,69,38,71,10,37,135,213,526,286,243,173,113,108,15,80,353,394,141,91,75,30,36,34,4,34,90,116
311.75,80,55,34,35,20,30,3,18,61,120,3,1,4,3,0,2,0,2,2,6,49,26,12,11,14,7,2,7,22,39,18,11,8,0,5,5,1,6,13,17,98,63,46,29,13,22,3,13,62,91,0,3,1,2,3,1,1,3,1,6,44,22,18,14,6,10,3,13,29,39,16,19,12,6,3,1,0,4,10,21,130,52,47,35,21,28,6,23,77,92,28,20,13,6,9,8,2,26,14,116,40,21,14,7,4,1,3,1,19,27,20,8,6,5,7,4,0,1,13,10,3,3,1,0,0,0,0,1,3,4,197,117,89,82,47,55,9,57,155,263,1,1,0,0,0,0,0,0,0,3,41,17,19,10,5,6,1,8,19,14,219,106,97,65,41,48,3,40,132,144,118,94,67,27,22,25,0,20,83,100,118,56,42,29,10,27,2,12,52,72,73,51,41,11,17,15,2,10,40,50,99,49,39,23,21,10,1,9,60,73,229,168,125,86,52,58,12,69,171,363,166,111,95,45,31,40,4,18,125,151,33,14,18,5,6,3,0,8,19,19,40,30,27,16,13,17,2,12,24,56,234,162,134,104,67,62,12,60,179,315,227,123,107,56,63,58,6,43,150,211,50,31,27,14,8,17,0,10,17,34,345,168,156,98,65,82,6,58,198,349,218,140,126,64,66,43,6,37,156,232,516,316,257,154,99,106,16,81,318,402,118,85,70,37,30,31,4,22,92,122
312.25,96,63,48,21,18,23,2,22,65,100,5,5,4,4,1,1,0,4,4,5,48,11,21,9,13,9,2,11,21,29,24,12,7,5,4,2,1,1,9,26,96,49,36,24,16,19,3,16,56,77,5,0,1,1,2,0,0,0,0,4,43,24,21,16,10,9,0,7,23,54,22,10,6,4,2,1,0,2,13,25,118,57,39,24,26,18,5,15,65,93,16,21,12,11,5,2,5,23,30,105,41,15,9,9,2,10,1,5,18,22,20,7,12,3,5,5,1,11,13,19,2,0,1,0,0,0,0,0,3,3,176,113,95,61,62,50,8,58,136,257,3,0,1,0,0,0,0,0,0,1,40,27,18,7,6,3,1,7,15,30,185,100,91,50,45,31,6,34,136,183,129,58,54,39,32,32,2,19,100,108,109,50,43,23,21,13,1,13,56,69,79,45,42,18,11,19,2,12,46,53,99,47,43,25,19,24,3,9,64,71,243,163,120,90,66,52,18,64,200,360,184,97,73,55,45,38,2,17,107,153,29,18,16,5,6,7,0,4,23,20,55,28,16,12,12,16,1,11,33,45,268,176,154,103,67,59,5,69,171,351,219,165,105,63,47,49,4,46,161,217,47,34,20,13,8,8,4,7,28,31,319,225,174,113,74,69,10,37,222,298,234,128,92,77,52,53,10,48,156,210,550,272,248,160,112,107,15,71,333,393,163,71,60,47,29,30,3,22,82,124
312.75,85,58,39,28,29,31,3,17,63,123,7,3,2,1,2,1,0,1,9,4,44,31,14,12,13,14,0,5,26,22,8,13,11,3,6,6,2,10,10,26,85,51,53,29,18,18,2,24,72,70,0,2,1,1,2,5,1,1,1,3,47,38,20,15,12,11,3,3,30,31,19,17,12,4,6,3,2,3,14,17,105,59,45,28,24,27,3,22,68,108,20,15,14,9,10,13,1,16,24,128,36,17,14,7,9,5,0,2,14,20,17,8,4,3,4,6,0,1,14,18,2,3,0,2,0,0,0,0,1,3,181,110,86,73,58,56,8,56,135,264,4,1,1,0,0,0,0,1,1,0,34,12,24,8,2,7,3,3,21,27,190,119,82,52,45,32,1,25,141,144,117,87,66,46,24,31,2,26,69,113,96,49,43,24,19,16,1,12,65,68,63,41,32,20,19,18,2,5,49,60,77,44,56,18,18,18,1,9,48,54,209,151,124,88,35,60,8,71,161,343,170,87,88,55,32,31,3,25,101,150,26,7,18,3,11,5,0,4,14,41,49,30,22,20,10,12,3,17,34,46,239,165,142,106,67,75,11,69,194,332,201,127,90,69,56,54,7,32,139,200,52,33,31,15,8,7,0,7,34,41,337,188,164,116,79,82,9,55,205,299,227,139,118,70,50,50,4,43,157,200,480,322,236,151,109,113,13,76,328,451,126,77,59,37,21,23,5,26,78,117
313.25,79,53,48,29,20,16,1,28,66,92,6,3,3,1,3,0,0,2,4,8,34,26,15,12,7,6,3,7,19,30,11,13,8,6,1,2,1,6,11,25,72,51,51,23,23,16,4,18,69,80,0,3,2,0,1,1,0,4,2,6,45,21,17,5,12,10,2,8,31,39,21,13,13,4,4,1,0,3,15,16,94,61,49,31,18,21,3,17,69,115,25,11,21,7,5,4,6,25,16,93,45,21,16,10,4,8,0,2,16,29,18,10,13,5,4,4,0,2,8,17,2,2,3,0,1,0,0,1,3,2,155,130,83,93,36,49,10,54,128,262,2,3,3,0,0,0,0,0,0,0,35,27,10,18,5,4,0,4,16,23,183,126,109,33,41,44,10,33,119,189,123,63,51,45,28,28,3,19,77,102,92,54,44,29,22,21,3,5,56,70,67,50,30,25,13,10,1,8,41,39,83,56,39,29,13,12,1,8,47,67,205,130,125,78,45,73,16,65,170,349,176,105,87,47,35,32,6,35,95,145,28,11,14,10,11,6,0,5,13,13,38,24,20,19,12,12,0,7,28,66,259,153,121,74,72,82,15,70,205,327,208,157,111,66,58,40,3,40,150,204,44,25,24,14,10,8,2,7,21,29,310,205,151,98,60,66,8,61,207,295,216,151,129,64,50,57,8,41,139,189,507,315,270,144,121,113,22,78,283,413,136,80,58,52,30,25,7,23,74,116
313.75,96,46,40,34,26,19,4,21,60,109,5,3,1,2,0,3,0,0,4,5,45,28,23,16,9,13,0,7,25,30,23,10,10,7,2,4,0,4,17,22,92,57,36,30,23,19,4,16,53,90,2,2,0,0,3,2,0,2,1,4,44,22,22,10,9,7,2,17,20,50,28,15,10,6,2,2,1,7,14,21,97,67,52,20,11,20,1,20,70,108,22,17,16,11,14,11,6,26,20,98,37,21,13,10,6,9,0,4,26,15,18,12,7,8,4,5,0,2,7,12,2,3,3,0,0,1,0,1,5,2,146,107,95,63,44,41,5,49,120,273,2,2,0,1,0,0,0,0,0,2,38,14,13,14,12,6,1,3,26,22,188,117,84,62,43,47,3,26,116,147,106,67,51,34,24,20,5,16,67,99,102,54,41,22,17,18,3,16,39,64,61,55,32,22,18,14,4,13,52,49,77,49,35,30,11,20,5,10,47,52,200,138,109,94,52,62,7,67,154,324,174,130,87,42,45,45,2,27,117,146,25,15,12,9,3,6,2,4,15,26,41,23,26,16,4,13,3,12,33,45,224,169,119,87,65,60,13,71,179,358,190,146,103,63,45,48,7,32,142,215,55,32,17,16,11,20,1,10,28,39,304,186,161,105,81,67,6,54,221,274,229,123,104,59,51,40,6,45,151,221,489,307,215,143,114,129,16,95,340,424,126,69,46,32,36,31,5,29,83,129
314.25,77,63,38,25,16,17,3,16,61,96,7,3,1,2,0,2,1,0,6,5,32,16,20,7,6,18,2,7,31,39,16,10,12,9,4,4,0,5,19,22,75,48,37,27,20,12,1,18,43,93,0,0,1,0,0,1,1,1,5,6,51,23,21,9,12,14,0,7,35,32,29,8,8,11,2,6,0,3,17,17,85,61,50,23,24,16,2,14,74,77,22,18,9,8,7,9,2,17,12,95,31,30,19,9,10,8,2,2,21,26,21,12,8,3,2,5,3,2,10,19,1,1,1,2,0,0,0,1,3,2,151,102,80,69,44,53,12,44,133,264,1,0,1,1,0,0,0,0,2,0,31,15,27,6,11,4,0,1,19,31,170,130,90,62,49,40,3,33,122,155,115,69,52,47,37,33,4,30,63,117,95,62,47,20,17,18,1,12,41,80,67,40,40,18,14,18,5,11,52,40,73,45,28,17,26,13,0,9,51,70,207,147,109,84,51,59,12,70,181,382,172,104,78,56,35,32,9,32,115,132,29,18,15,17,4,7,0,7,14,21,38,38,22,7,11,8,2,9,36,52,219,161,118,98,59,72,12,81,187,334,182,114,116,68,54,59,11,38,131,214,47,25,31,29,15,8,3,7,30,38,301,198,165,98,67,69,8,59,198,340,208,143,116,76,52,47,6,31,143,225,430,333,236,138,106,112,12,79,315,456,133,94,70,48,29,36,5,26,78,102
314.75,80,53,42,30,26,21,4,31,68,100,11,2,3,1,2,1,0,2,5,5,44,26,17,13,6,7,0,10,27,43,11,11,11,6,2,4,3,3,21,29,71,42,37,39,27,23,3,11,55,75,0,2,2,3,0,0,0,3,4,4,45,22,20,9,6,14,0,6,25,43,16,13,13,7,5,0,1,3,15,22,88,70,61,27,25,20,1,12,81,111,25,13,7,10,4,7,9,11,16,92,53,17,18,9,4,8,2,5,20,23,15,13,11,4,4,7,0,4,12,20,1,0,1,0,0,0,0,0,1,4,138,101,91,50,52,50,9,48,130,250,2,0,0,1,0,0,0,1,1,0,32,21,21,10,7,10,1,5,24,21,182,105,84,52,39,35,6,25,97,181,117,63,60,39,21,23,4,16,71,117,85,64,45,31,21,12,0,13,45,82,54,31,34,23,21,18,3,10,49,70,77,50,27,21,20,23,3,10,44,53,187,139,117,88,56,51,11,70,211,339,160,97,71,55,45,27,6,34,91,153,25,16,17,9,3,12,1,4,14,30,38,23,22,14,13,15,0,13,32,52,222,146,106,91,47,70,15,86,177,331,184,132,97,37,43,49,4,45,142,209,36,37,25,16,9,11,2,7,30,31,291,198,143,110,84,62,14,61,195,337,205,117,121,74,47,48,8,37,147,216,465,285,228,146,82,106,20,93,273,439,104,83,55,43,27,36,4,21,82,94
315.25,81,54,34,28,13,28,3,20,64,112,4,2,2,2,1,2,0,0,1,5,42,22,17,8,10,16,2,6,24,27,14,7,9,9,5,6,0,2,18,22,79,52,27,21,18,19,3,20,54,70,1,4,1,0,2,0,0,0,2,2,43,21,23,17,11,13,0,6,24,42,23,11,13,8,1,10,1,1,4,22,117,57,52,36,15,27,1,23,78,108,18,17,14,11,8,13,4,28,22,86,23,21,17,10,8,11,0,3,24,25,20,5,3,5,6,3,0,3,12,14,1,1,2,0,0,1,0,0,1,3,155,100,90,65,45,60,8,39,131,247,2,3,0,0,1,0,0,0,1,2,29,18,15,13,4,7,0,7,21,23,177,82,73,38,36,40,6,34,121,161,111,58,56,33,28,19,3,22,92,135,92,48,50,26,12,17,1,13,62,74,67,35,21,19,16,13,3,13,39,41,62,49,42,34,15,18,1,15,39,57,190,134,108,76,48,62,8,68,176,309,158,105,79,43,35,44,5,40,120,152,29,11,7,8,5,4,2,9,9,24,27,20,14,21,14,13,2,8,39,53,210,152,112,73,67,65,12,59,169,349,199,143,96,49,60,43,10,34,149,221,42,30,30,18,9,10,1,8,22,37,308,181,121,110,70,56,7,56,235,294,215,122,103,68,45,36,7,36,151,209,465,283,225,134,107,97,19,83,326,461,133,75,54,40,21,28,2,18,83,126
315.75,88,53,31,21,17,15,1,18,53,108,7,3,3,4,2,0,0,1,3,3,30,35,28,10,6,10,0,10,24,30,14,6,4,9,5,1,1,4,12,20,84,48,46,24,16,23,5,17,53,66,2,0,0,1,1,1,1,1,2,7,48,22,28,11,9,10,1,7,35,46,17,5,8,6,1,2,0,5,17,20,73,78,36,28,27,20,1,16,61,107,20,11,12,6,10,5,2,20,23,80,34,19,13,3,11,3,0,3,22,22,19,18,10,10,2,4,1,3,16,19,1,3,0,1,0,0,0,0,0,5,145,90,65,46,31,56,6,47,128,218,4,2,0,0,0,0,0,0,1,0,42,20,10,9,12,4,2,5,9,27,166,118,93,77,39,53,6,32,131,163,100,79,50,34,30,24,4,31,74,116,93,65,30,22,13,15,3,21,56,77,69,50,25,14,15,16,3,14,65,52,79,46,38,27,19,13,4,11,51,73,197,117,108,91,58,46,14,62,138,347,138,100,88,50,26,31,3,21,125,158,18,11,16,9,7,9,1,2,10,25,50,20,25,11,3,13,3,13,28,50,202,131,115,67,61,63,11,66,188,258,175,110,93,59,37,37,8,34,128,187,47,20,24,11,15,6,2,13,35,44,266,185,156,111,64,97,11,56,184,296,219,135,99,59,38,53,6,47,139,228,447,283,194,150,111,108,17,98,316,436,95,70,57,35,26,28,11,10,90,135
316.25,89,52,36,25,10,15,3,22,63,92,6,3,6,0,1,4,1,3,4,6,46,26,18,14,9,8,2,6,25,37,9,8,17,8,4,6,0,3,11,24,75,58,32,23,10,27,3,16,57,79,3,0,1,0,1,0,1,1,4,6,42,23,15,12,7,11,0,7,32,43,15,15,15,6,9,0,0,4,13,11,100,63,42,24,20,21,2,9,69,85,18,10,13,4,5,6,5,12,19,95,39,23,19,13,6,4,0,8,22,29,11,11,9,8,1,2,1,5,17,15,0,0,1,2,1,0,1,0,2,4,112,100,84,57,33,44,8,45,107,274,2,2,0,4,3,0,0,0,1,1,20,20,16,12,5,2,0,3,15,24,177,107,74,50,35,32,4,27,111,193,95,66,62,27,23,30,3,25,61,119,98,36,44,31,19,17,1,12,47,72,51,32,31,19,11,20,1,7,50,51,59,45,45,27,27,18,3,14,39,49,168,127,112,64,47,49,19,56,162,292,161,89,99,53,28,34,5,27,103,136,23,10,7,10,2,7,0,8,11,22,35,19,15,12,15,15,3,10,24,55,183,151,107,83,62,74,12,55,182,357,170,115,79,64,48,47,11,35,145,189,40,23,21,11,12,4,1,5,33,46,266,182,143,76,63,62,12,67,222,311,209,128,114,66,58,50,9,47,124,215,428,276,214,124,98,93,9,77,311,465,121,70,62,34,18,29,4,19,69,110
316.75,59,50,38,23,16,17,6,13,50,103,3,3,1,2,1,2,0,1,4,9,31,27,12,12,11,5,0,3,38,39,20,6,5,8,6,2,1,3,7,24,69,48,32,22,18,17,1,24,61,84,1,0,2,0,0,0,1,2,1,9,40,33,23,13,8,9,0,8,18,49,29,6,9,9,1,3,0,2,20,15,86,76,33,27,24,25,2,21,75,102,18,6,14,6,6,3,3,13,17,86,35,20,15,9,7,4,0,4,21,26,16,8,6,8,4,3,0,3,15,17,0,1,2,0,2,1,0,0,0,4,125,96,67,40,34,44,6,49,130,259,3,3,4,0,0,0,0,0,3,1,28,21,18,9,5,5,0,5,16,23,178,91,91,47,34,36,4,29,95,184,105,79,56,31,26,30,3,27,69,130,78,48,51,29,22,17,1,11,46,65,51,34,30,20,17,16,1,10,38,49,60,49,37,25,22,19,0,7,42,78,161,130,88,57,36,49,19,87,156,305,143,87,77,59,37,41,2,19,92,142,24,26,11,4,3,3,0,3,14,26,41,22,29,12,10,8,3,11,18,56,163,118,89,66,55,53,19,68,173,360,170,97,78,50,33,61,4,34,127,205,42,21,20,10,9,12,2,10,39,47,292,154,148,79,54,68,9,67,199,352,202,127,98,76,51,34,6,42,135,216,457,293,221,131,98,114,12,106,319,424,96,69,57,29,30,31,3,19,84,116
317.25,68,52,45,23,18,24,3,24,50,80,8,6,2,3,1,2,0,1,2,6,24,30,16,8,6,6,1,5,25,34,9,10,6,5,2,10,1,7,7,32,75,46,34,16,9,19,4,19,63,85,0,3,0,1,0,1,1,1,3,6,31,23,20,16,10,9,3,11,18,38,18,13,10,4,9,2,0,6,16,17,80,50,31,34,16,18,3,15,64,113,13,15,12,8,5,10,5,34,13,83,38,19,13,9,11,2,1,3,18,30,14,10,7,1,5,4,0,0,11,16,1,2,0,1,0,1,0,0,0,0,137,73,68,64,32,40,16,49,93,257,1,0,2,0,1,1,0,1,2,1,37,10,14,13,5,10,0,3,7,25,184,97,82,56,38,43,8,27,141,186,110,62,59,35,19,32,7,17,85,108,90,59,40,18,21,22,5,6,59,65,52,35,47,11,19,20,1,9,38,70,77,40,34,15,17,20,2,9,52,68,162,95,108,64,44,52,15,62,136,333,147,105,63,39,26,28,4,28,114,146,19,8,17,8,7,2,1,5,13,27,41,26,20,8,9,13,2,11,19,43,190,114,109,67,55,57,8,70,145,310,173,121,103,71,38,55,3,32,131,186,47,26,17,14,9,9,1,4,30,36,245,185,170,91,48,79,5,68,188,328,185,109,106,67,42,51,11,48,113,225,399,277,205,148,120,112,16,70,318,465,89,63,48,24,21,21,7,24,78,118
317.75,69,51,39,29,20,14,2,18,57,95,4,6,5,1,0,1,0,1,2,6,44,15,19,9,5,3,2,8,33,27,5,6,11,3,4,4,0,4,6,28,64,46,39,16,15,23,1,9,37,74,1,0,0,1,1,3,1,1,4,6,40,16,12,8,9,9,0,13,23,52,19,11,10,5,5,5,0,2,5,18,89,59,38,41,21,30,8,22,76,97,15,9,15,5,4,7,6,20,13,77,32,17,8,10,6,7,0,5,22,22,15,6,6,4,0,4,0,3,14,12,5,0,0,2,0,2,0,0,1,1,136,90,82,58,39,39,5,40,112,255,3,3,3,1,0,0,0,0,1,1,27,13,14,12,4,6,1,10,23,23,144,121,77,46,34,34,4,31,107,176,109,61,48,36,28,24,5,14,64,108,91,54,52,27,24,12,1,9,70,74,66,37,19,17,19,13,6,17,38,47,75,30,33,12,15,23,2,12,62,66,183,108,95,71,46,55,11,64,127,310,164,101,60,52,27,38,10,26,101,156,23,14,14,11,5,2,1,4,16,31,37,33,15,15,8,16,3,11,28,53,177,131,87,86,42,58,7,56,160,301,150,122,79,56,63,38,5,40,126,198,34,26,18,14,4,10,1,10,20,46,246,176,133,90,61,71,15,61,174,303,176,118,93,64,60,52,8,38,162,241,398,273,225,132,99,110,16,92,299,389,95,47,59,33,24,30,6,18,73,100
318.25,62,40,30,24,21,19,4,19,49,80,4,4,0,1,0,0,0,1,5,6,33,21,19,12,4,6,1,10,26,22,14,7,5,4,2,4,1,6,7,23,63,51,34,18,15,10,2,14,62,77,1,1,1,0,0,3,0,3,1,8,30,31,18,13,12,14,2,7,30,37,27,9,8,5,6,6,4,4,18,19,87,37,48,24,13,26,3,34,56,117,24,11,7,6,6,11,6,14,18,71,32,18,15,6,4,8,1,5,19,26,14,12,8,4,4,3,0,0,4,22,1,0,0,1,0,0,1,0,1,2,102,73,71,51,30,46,7,48,110,233,1,1,3,0,0,0,1,1,3,0,28,16,16,8,14,5,0,1,17,28,151,96,98,63,41,40,6,30,107,165,89,47,41,29,18,24,1,24,65,118,72,48,41,25,21,19,3,20,66,75,48,31,23,14,13,9,2,9,27,54,80,43,37,22,23,22,0,9,46,52,179,119,82,61,53,47,9,69,140,348,131,79,63,47,36,31,7,35,93,150,26,13,9,10,2,8,2,1,10,21,31,29,17,16,12,2,2,6,40,43,161,124,107,50,45,43,12,68,157,328,155,89,85,46,41,45,6,57,114,196,39,19,26,15,6,9,2,4,32,32,250,169,116,79,70,76,8,65,189,316,191,116,85,70,45,71,13,51,129,223,395,259,220,114,103,106,21,77,284,443,99,69,42,36,32,20,2,28,69,104
318.75,57,47,23,27,20,20,0,15,43,84,7,3,3,1,1,1,0,0,2,9,31,16,18,10,3,5,1,9,22,29,16,14,6,3,4,3,1,9,9,23,58,45,22,25,11,17,5,21,46,71,0,1,0,0,1,1,0,5,1,8,27,20,12,19,9,5,1,3,18,52,22,16,13,3,1,7,1,3,12,28,77,62,40,20,17,21,2,21,57,100,12,12,11,10,8,6,3,17,11,66,31,24,19,5,7,11,1,5,11,32,16,11,5,4,2,5,1,4,18,15,2,0,4,1,0,0,0,0,2,0,107,90,55,40,36,50,17,39,106,245,0,1,1,1,0,2,0,0,1,0,33,13,14,11,4,5,2,5,16,20,145,95,97,52,44,42,5,26,97,203,92,71,50,37,30,24,2,23,71,109,69,47,40,32,15,18,3,9,56,82,53,40,17,17,14,13,2,12,32,48,85,38,30,25,20,20,1,8,50,81,160,104,91,68,39,47,10,64,146,298,131,80,77,45,39,43,5,23,118,181,24,18,9,4,4,4,0,3,10,27,27,25,12,9,11,7,0,13,28,37,149,129,91,61,44,49,12,60,140,300,146,103,86,61,35,53,6,38,144,211,41,26,14,19,11,4,2,8,28,29,257,162,142,83,63,69,12,79,188,325,182,118,94,52,47,45,11,43,131,195,403,254,191,127,79,85,17,94,287,407,97,63,45,33,22,20,3,28,63,100
319.25,49,32,40,22,8,31,7,23,52,87,5,5,4,1,2,1,0,1,4,5,36,24,17,5,5,6,0,2,25,28,10,12,6,6,1,3,2,3,13,36,66,53,31,22,17,14,2,16,61,87,2,0,3,1,1,0,0,2,2,7,36,27,19,7,8,7,1,7,23,34,31,11,5,7,1,2,1,3,10,15,81,61,45,25,22,21,1,11,63,100,17,10,6,8,5,8,5,9,14,77,29,22,19,9,3,6,0,4,15,15,17,12,8,2,4,2,0,1,7,16,2,1,1,1,0,0,0,2,2,1,103,69,59,48,36,28,10,40,92,226,2,0,0,2,0,0,0,1,1,2,21,21,16,7,5,18,3,6,23,19,170,98,84,44,43,36,6,32,106,167,85,65,57,41,26,31,8,26,64,130,75,40,42,26,18,15,0,9,48,66,47,28,21,21,8,16,1,7,31,70,67,48,51,20,12,14,2,18,47,73,170,108,82,65,43,50,10,62,128,302,119,61,72,47,25,33,7,26,94,156,29,17,10,4,7,7,0,8,31,23,35,27,16,7,7,3,2,9,35,55,130,117,99,56,39,51,14,71,147,323,165,102,96,49,48,39,10,43,125,207,23,27,15,14,12,10,4,3,28,46,271,156,127,76,55,72,10,59,171,330,165,131,97,61,45,44,7,40,123,209,386,277,201,148,93,109,9,72,275,419,92,72,47,15,33,29,6,22,81,130
319.75,43,56,25,27,21,17,3,10,48,95,4,2,3,1,1,4,0,1,4,3,36,20,14,18,5,5,0,8,18,33,13,9,5,6,8,4,0,4,9,26,65,40,34,21,12,12,3,14,49,80,0,0,0,3,0,2,0,0,1,3,33,30,18,13,10,6,0,9,23,32,13,6,9,4,4,3,0,5,10,14,75,61,41,32,14,13,2,27,58,114,13,7,9,2,5,7,3,21,13,65,23,21,8,17,3,2,0,5,21,20,15,11,7,5,5,2,1,1,6,19,0,0,0,1,1,0,0,0,0,4,109,84,69,40,25,31,9,39,106,223,0,1,1,0,0,1,0,1,2,4,36,18,11,11,6,4,1,4,12,31,162,111,75,42,39,41,4,31,104,183,95,58,42,36,21,30,6,20,61,126,74,59,41,28,16,20,3,12,54,69,53,29,19,18,15,9,0,7,44,51,67,54,35,15,10,16,1,18,35,63,159,103,71,55,49,48,14,52,122,303,127,77,53,41,36,41,3,35,78,156,18,14,13,5,4,4,0,11,15,18,31,13,21,9,7,7,2,6,30,45,139,126,95,67,56,63,6,57,131,283,138,94,73,68,33,48,6,43,98,202,34,22,9,16,8,12,0,8,22,51,260,165,120,99,67,46,8,52,197,320,154,133,88,49,26,54,7,28,132,227,388,235,174,110,94,116,14,83,274,436,88,66,65,37,14,31,4,25,73,81
320.25,45,38,34,18,12,19,7,19,49,103,5,2,1,2,2,1,0,1,7,6,30,26,24,12,8,7,1,9,28,33,14,2,2,10,7,3,0,4,13,29,69,41,25,29,20,15,0,13,64,94,1,0,0,0,0,1,0,0,1,8,36,18,21,9,5,13,0,9,29,35,9,8,12,6,3,2,0,1,9,15,66,48,35,18,11,18,2,17,63,82,11,11,9,3,5,6,3,10,13,67,38,12,8,5,1,9,0,6,35,28,15,4,11,4,6,5,0,0,8,11,1,0,1,0,1,0,0,0,0,5,95,73,60,69,33,35,4,47,97,184,2,1,0,1,0,0,0,1,0,3,28,19,18,15,9,9,0,6,20,28,171,110,80,54,30,42,8,34,94,148,82,66,59,29,21,22,0,21,82,112,75,42,36,36,22,14,2,17,39,86,59,40,31,15,7,15,1,11,35,57,62,48,38,25,18,25,1,17,46,61,146,119,98,59,35,56,16,54,125,288,113,87,74,42,27,31,8,20,66,171,26,23,15,8,11,2,0,0,19,20,39,19,11,8,12,9,3,6,16,50,147,93,86,62,53,55,5,59,165,281,151,105,79,56,50,37,8,40,123,194,45,27,21,12,10,9,0,8,26,47,242,159,127,81,64,72,12,72,165,304,172,101,74,65,51,50,6,41,135,207,365,260,192,106,85,83,16,84,300,460,93,51,51,30,28,25,1,21,71,103
320.75,72,51,22,14,13,14,6,26,45,86,9,2,1,2,1,1,0,0,1,6,49,23,19,13,5,7,2,2,25,31,11,9,8,2,3,9,0,4,7,17,64,32,30,15,19,14,4,18,35,88,1,0,0,0,0,0,0,2,0,3,36,19,11,10,7,8,0,9,18,29,18,7,11,2,8,6,0,4,9,12,56,43,34,30,19,19,0,17,58,104,14,10,7,6,5,7,2,12,14,49,26,21,16,4,9,9,0,3,15,28,10,9,8,1,2,2,1,4,13,14,1,2,1,2,0,0,0,0,2,2,83,69,58,43,31,35,13,46,85,217,3,0,0,0,0,0,0,1,1,0,27,13,9,5,7,6,0,3,16,37,144,83,88,54,32,36,7,27,131,168,75,76,54,35,24,21,6,19,58,119,77,43,39,26,8,22,1,7,45,64,51,42,29,18,12,13,2,17,34,57,65,34,35,16,20,20,2,12,58,71,141,105,75,74,46,37,7,69,127,284,131,82,71,35,32,15,6,36,104,150,25,8,6,5,7,5,0,7,22,31,32,25,12,13,9,9,2,15,27,63,134,109,71,52,34,53,11,74,126,291,123,73,81,49,22,41,6,43,126,180,40,25,20,11,5,10,0,9,11,35,232,169,122,89,46,64,9,64,167,264,165,94,86,66,38,57,7,52,138,211,373,247,205,123,83,94,15,85,282,418,100,58,37,44,19,37,1,19,67,98
321.25,57,29,23,17,12,13,4,11,48,90,3,6,3,2,4,0,0,1,3,5,28,22,13,11,10,6,0,8,19,35,13,7,9,4,6,2,0,5,10,18,47,35,45,18,17,7,4,9,46,91,0,1,1,2,0,0,0,2,1,5,38,20,16,7,8,12,2,10,29,45,13,15,10,10,2,2,0,0,9,22,64,51,36,20,21,14,3,21,66,100,16,7,9,5,2,9,4,19,13,64,27,18,18,8,3,4,4,9,26,29,18,8,6,6,8,1,1,4,7,16,0,0,0,2,0,0,0,1,1,1,97,63,58,49,27,42,7,35,100,192,2,0,1,1,1,0,0,0,4,0,21,14,18,8,7,9,1,4,20,31,142,105,82,40,42,30,6,32,116,179,89,51,38,26,24,25,3,30,63,99,76,46,38,30,16,16,0,22,53,68,47,31,19,14,10,15,0,13,38,63,58,33,36,19,13,16,2,13,39,55,138,99,66,65,42,39,12,66,134,284,139,88,76,54,26,38,4,17,84,163,20,23,10,10,7,10,0,2,12,25,27,22,22,9,5,7,1,5,22,40,107,86,80,59,45,60,11,46,134,304,141,86,69,47,26,36,5,33,103,172,34,19,22,2,8,11,1,8,26,40,237,145,117,73,65,56,10,53,191,310,150,105,70,53,38,29,11,37,115,208,355,232,185,136,83,91,12,108,276,409,73,55,51,28,24,17,6,17,62,125
321.75,48,31,31,21,23,14,4,21,52,82,3,2,2,2,2,0,0,1,4,2,22,23,11,11,5,6,0,8,17,38,12,3,9,2,5,5,1,2,13,34,60,45,21,21,14,17,3,16,44,75,2,0,0,0,0,0,0,1,1,6,37,19,25,18,11,7,1,4,27,32,19,18,10,10,2,7,1,4,10,16,63,45,27,17,18,25,4,23,74,95,7,12,6,9,1,10,3,11,13,52,27,23,14,13,7,11,2,1,15,28,20,7,11,4,1,3,2,4,13,20,0,1,0,0,0,0,0,1,1,2,84,65,47,35,27,29,7,47,90,220,1,0,0,0,0,1,0,0,0,6,33,16,16,9,9,9,1,3,27,31,129,83,56,45,37,40,10,29,114,154,75,51,31,23,28,31,7,19,69,109,67,36,42,25,16,13,1,10,60,75,45,34,27,21,9,15,3,8,38,61,53,42,23,22,8,10,1,12,34,59,128,87,91,43,24,44,16,60,110,303,123,68,46,42,29,23,2,33,96,144,19,17,14,8,7,7,3,1,14,22,18,16,15,13,5,6,3,7,28,44,127,86,86,65,36,41,8,59,117,279,137,101,72,40,35,48,2,32,108,182,36,15,16,10,7,13,5,7,23,31,220,144,134,84,63,57,9,50,156,276,146,108,85,50,43,46,6,37,115,236,325,238,190,114,82,79,14,87,234,438,85,43,56,34,29,26,4,22,64,111
322.25,47,33,24,18,15,15,1,20,45,100,1,4,3,3,3,2,0,3,10,3,25,26,15,11,8,5,0,2,25,26,11,5,4,5,4,5,2,3,7,24,69,33,33,20,23,18,2,12,41,82,0,1,0,1,0,0,0,1,0,6,25,17,21,10,8,13,1,6,29,39,15,12,8,3,7,5,0,4,12,10,81,43,39,17,22,15,3,35,54,112,16,6,2,4,6,1,2,11,7,73,31,13,18,6,3,7,1,6,8,30,14,6,5,2,8,6,1,3,7,17,1,0,0,0,0,0,0,0,0,1,95,65,63,44,33,34,7,50,82,239,1,0,1,2,0,0,0,0,0,3,20,17,13,6,10,6,0,2,15,26,137,76,76,52,36,41,5,19,99,167,74,53,43,26,30,19,3,28,58,105,59,41,42,25,21,18,1,8,57,81,61,32,23,19,14,13,3,9,34,53,62,44,31,14,15,18,1,14,56,51,115,74,69,58,36,48,16,53,122,252,126,78,63,38,27,27,2,26,88,163,20,11,10,4,1,5,0,4,16,24,28,18,6,8,5,12,4,13,15,50,122,81,82,72,42,45,10,62,119,283,152,93,72,45,41,43,5,34,91,206,32,25,24,12,5,7,1,5,30,42,208,130,121,73,55,58,10,61,147,287,133,101,72,53,47,43,6,42,111,185,340,232,186,105,82,108,15,85,261,433,102,48,40,29,18,26,2,31,65,103
322.75,46,40,23,14,12,18,0,24,45,80,8,6,4,2,0,1,1,1,2,5,27,18,10,21,8,9,1,4,26,27,14,8,12,5,0,3,0,4,10,22,60,32,30,19,12,21,1,20,42,72,0,2,0,0,0,0,0,0,1,6,28,18,20,11,7,4,1,10,23,34,14,13,5,7,8,3,0,2,12,15,65,50,52,36,19,18,3,16,32,97,16,10,9,8,7,5,3,14,10,50,30,14,12,10,7,5,1,5,24,22,18,8,8,5,4,3,0,0,8,13,0,1,0,0,0,1,0,0,1,2,83,79,49,41,18,40,14,42,91,238,1,1,0,0,0,0,0,0,1,1,25,16,12,10,0,5,1,9,23,27,144,99,61,42,25,46,6,35,98,158,61,44,41,26,15,31,5,14,53,88,71,51,30,25,17,25,0,12,57,71,59,34,29,17,10,13,4,5,45,70,55,27,35,19,17,12,5,19,48,57,138,91,62,41,37,45,12,56,114,253,117,83,47,34,26,35,6,31,92,154,32,18,22,15,4,6,2,3,22,22,27,18,17,11,9,6,4,12,21,43,117,87,91,53,39,42,14,46,124,272,113,73,64,49,33,35,7,31,133,168,23,15,17,12,12,6,2,10,18,40,236,138,106,87,52,49,9,55,163,281,134,99,76,57,41,37,5,38,114,217,348,234,163,127,90,90,14,81,271,406,80,60,40,23,18,29,7,32,54,107
323.25,33,26,21,17,13,17,3,12,54,94,4,4,1,1,0,1,0,2,2,6,20,16,21,9,16,5,3,7,22,24,5,5,4,2,6,1,1,2,9,17,69,42,43,16,14,13,1,10,36,80,0,0,0,0,0,1,0,1,0,3,25,24,17,13,7,5,2,14,25,42,15,12,5,4,8,3,0,3,11,25,69,36,26,22,9,20,4,17,57,84,11,7,10,5,3,3,3,19,14,39,31,18,12,6,6,4,0,5,17,34,11,8,5,6,1,3,0,4,6,18,0,2,0,0,0,0,0,0,0,2,85,61,60,36,23,20,9,42,83,200,1,0,0,0,0,0,0,0,0,2,32,21,12,13,7,5,2,5,16,35,141,94,71,44,34,46,11,40,100,160,85,48,42,24,17,17,5,28,66,121,72,39,34,27,10,20,1,14,41,81,44,39,26,15,10,19,6,16,44,50,55,38,23,23,16,20,1,9,25,56,140,83,71,59,48,45,10,47,107,234,108,79,52,44,34,28,9,29,87,138,27,15,13,10,1,3,0,5,20,18,30,20,17,18,6,10,2,13,31,46,135,89,55,56,43,53,11,55,121,257,129,90,70,41,39,37,4,45,124,192,20,19,16,8,2,7,2,11,20,40,209,143,106,65,62,75,10,56,137,289,154,90,75,46,37,47,9,46,101,222,350,229,166,124,95,86,16,88,257,450,91,53,49,30,19,16,2,18,68,110
323.75,60,38,26,18,11,14,3,18,37,73,3,1,3,2,0,3,0,0,2,5,27,19,16,7,10,6,0,5,31,41,13,4,2,2,2,4,0,5,10,23,63,50,38,16,9,19,1,19,40,92,1,0,0,0,0,0,0,0,0,3,37,15,20,14,9,8,1,6,21,40,22,10,10,5,4,3,1,1,10,22,68,45,32,21,13,15,2,17,51,102,6,5,8,5,1,4,4,11,14,60,45,20,10,5,7,8,0,5,18,29,11,8,5,2,5,6,0,3,5,15,0,0,0,1,1,1,0,1,1,2,78,55,49,38,37,28,7,37,62,210,1,0,1,1,0,0,0,0,0,1,19,15,12,11,4,8,0,7,12,20,119,91,62,51,49,29,6,26,93,176,66,46,26,31,23,22,2,22,72,125,59,45,36,13,22,12,1,13,47,65,50,29,24,15,18,8,2,15,50,47,65,39,28,20,10,15,3,12,29,65,140,94,70,48,33,33,4,64,116,277,87,84,65,43,18,27,7,43,72,160,15,9,10,7,9,1,1,5,18,25,31,17,17,11,11,14,1,4,21,50,140,66,61,62,32,42,10,50,118,277,126,70,67,59,27,36,4,36,102,198,37,17,24,16,10,8,1,7,23,36,222,159,114,85,48,64,11,56,175,287,144,98,79,42,31,45,4,35,110,209,369,192,164,126,78,90,13,70,253,423,96,49,41,35,13,22,6,20,55,110
324.25,51,31,37,15,11,21,5,18,55,94,6,3,3,0,1,4,0,3,3,10,31,24,9,6,7,7,1,7,26,40,10,7,7,4,3,3,3,3,8,13,70,47,27,19,14,17,1,8,45,87,0,1,1,0,0,0,0,1,0,1,38,19,13,14,9,7,1,7,20,42,14,10,11,3,3,4,1,4,15,15,58,39,30,21,25,18,5,20,58,88,14,5,7,4,5,2,3,10,14,59,30,16,14,11,3,5,1,4,28,26,13,9,8,3,0,7,1,4,3,16,0,1,1,0,0,0,0,1,0,7,84,54,44,44,20,40,11,48,84,198,0,3,1,2,0,0,0,1,3,2,24,21,13,5,6,2,0,6,19,22,136,81,65,53,35,48,8,30,91,160,69,47,31,27,18,25,0,15,76,107,65,40,37,19,16,22,3,8,37,81,45,36,26,13,7,18,1,9,28,54,66,45,25,13,16,11,1,18,47,70,121,89,67,61,35,48,8,35,85,266,100,67,45,39,22,33,4,38,71,139,25,12,10,7,5,8,1,4,8,35,29,22,13,14,8,14,1,10,23,37,112,74,61,54,30,44,8,55,92,270,122,90,56,39,30,45,7,41,82,205,41,25,17,11,3,5,1,7,31,34,220,139,117,64,35,52,9,63,160,279,155,103,70,54,34,39,7,44,121,188,312,219,159,109,74,102,16,71,253,427,83,63,43,28,23,17,2,28,61,115
324.75,46,33,26,26,12,11,7,20,38,70,3,4,2,1,2,1,1,2,1,12,33,15,6,16,12,6,3,7,19,30,9,15,7,6,2,3,3,9,6,26,54,28,41,25,10,20,6,16,44,72,1,0,1,0,0,0,0,0,1,5,24,15,19,11,5,13,1,13,14,37,18,8,16,8,2,10,1,1,12,22,62,37,43,22,9,17,2,14,47,93,8,4,4,6,1,4,2,17,8,47,35,19,17,10,12,6,0,6,13,28,19,6,9,6,2,5,0,2,3,10,3,1,0,1,0,1,0,0,0,2,88,52,35,38,21,30,9,47,57,215,2,1,0,1,0,0,0,0,1,0,29,10,11,9,10,8,4,5,12,18,143,70,72,41,29,40,5,38,104,146,60,40,42,26,16,23,4,20,48,89,65,29,25,18,15,14,4,20,37,87,55,29,23,14,8,9,2,15,34,76,65,35,29,23,12,18,1,16,45,68,103,79,64,41,31,37,8,51,99,255,141,72,42,49,30,35,3,26,88,136,21,9,11,10,5,4,1,7,16,26,34,19,9,12,7,6,2,8,24,44,113,81,75,51,35,35,13,55,98,273,135,80,53,46,29,41,8,41,91,189,29,17,18,11,9,10,2,6,19,38,239,132,91,78,45,57,9,52,167,299,127,103,87,42,34,43,5,45,106,207,366,212,147,113,79,91,14,66,264,400,92,50,38,27,21,18,4,22,66,98
325.25,59,46,24,13,9,10,4,21,40,67,6,2,2,1,2,1,1,1,4,4,23,18,13,5,6,9,2,7,16,27,5,5,5,4,2,2,1,9,8,18,58,28,29,22,20,16,0,14,41,71,2,0,0,0,0,0,1,1,1,3,26,25,20,12,8,7,1,10,16,42,14,11,4,6,2,5,0,2,12,12,79,39,35,34,18,15,5,12,34,97,8,12,8,7,2,1,2,8,7,60,45,16,14,9,13,4,0,5,18,31,17,5,7,3,1,3,0,3,12,17,0,0,0,0,0,0,0,0,3,3,74,52,50,36,35,21,9,33,80,194,1,2,0,3,0,1,0,0,0,1,23,17,10,8,2,5,0,9,13,31,134,66,62,40,29,38,4,31,96,174,79,43,33,22,17,25,3,24,52,94,80,31,30,20,13,26,6,21,58,72,34,27,33,17,11,13,1,11,42,49,64,21,21,12,10,9,2,20,42,61,118,84,69,50,34,38,15,49,92,232,111,54,56,36,31,32,6,32,89,138,19,10,11,6,6,3,0,3,25,16,36,17,22,6,2,14,0,10,16,49,126,78,48,54,42,43,11,43,86,256,110,83,74,50,24,35,10,32,96,181,49,20,15,6,3,4,1,5,23,39,231,113,127,85,56,47,11,55,152,270,141,85,77,58,38,31,7,40,82,183,340,189,150,121,79,109,7,84,228,415,88,61,48,30,31,12,9,18,43,121
325.75,59,36,26,17,10,10,2,17,43,88,5,4,4,2,1,1,0,1,4,5,28,14,7,15,3,8,0,5,24,41,6,3,2,2,4,3,0,3,9,15,68,34,32,16,9,10,0,14,51,76,0,0,0,1,0,0,1,2,1,6,35,11,11,12,8,10,0,7,25,47,18,8,6,12,4,5,0,3,11,17,67,37,19,24,15,13,3,15,38,91,6,7,5,5,5,7,1,12,7,58,27,21,17,8,3,8,2,7,21,32,23,11,6,5,3,3,0,1,5,10,1,1,1,1,0,0,0,0,1,1,72,39,49,39,25,26,7,36,78,182,1,2,1,0,0,0,0,0,0,1,18,18,19,6,1,4,1,4,15,22,130,69,66,51,30,51,6,32,73,160,69,34,32,24,18,21,4,27,52,120,65,41,35,26,17,13,4,16,36,77,47,21,17,12,14,5,2,12,28,53,57,36,23,19,16,14,0,19,40,50,123,84,56,46,31,33,8,42,102,258,119,70,56,41,38,27,4,37,70,152,22,7,10,2,11,2,2,5,15,19,20,13,14,15,7,7,2,7,18,41,119,74,71,45,36,34,10,38,103,270,134,78,60,41,25,38,6,40,76,207,40,16,16,18,7,7,2,8,28,51,198,135,110,86,49,57,4,57,158,303,156,68,63,46,35,35,5,54,99,185,324,197,148,80,82,70,14,70,252,420,71,54,47,34,20,21,3,24,67,91
326.25,40,32,20,19,6,14,3,7,46,95,3,1,0,1,3,0,0,3,3,4,26,20,17,3,2,12,2,6,20,29,8,8,6,7,0,6,0,0,10,20,81,37,35,25,14,12,4,12,38,83,0,0,1,1,1,0,0,0,1,5,31,12,11,11,5,7,1,14,28,30,25,7,4,3,5,4,1,4,11,22,66,43,40,23,15,17,8,19,55,93,15,5,7,5,6,4,4,13,6,54,29,26,12,13,5,9,0,3,21,21,11,6,9,3,0,1,1,2,10,14,3,1,0,0,0,0,0,0,1,2,82,52,41,25,26,32,6,31,64,175,0,0,0,0,0,0,0,0,0,1,31,11,13,9,5,3,0,8,16,37,126,78,70,48,39,37,0,33,76,164,61,36,34,24,20,17,7,28,48,85,58,43,32,16,14,13,5,19,34,71,57,29,24,11,13,5,1,14,29,74,55,27,24,12,12,15,2,11,47,54,110,84,79,43,26,39,8,47,74,261,101,75,54,30,24,26,5,26,96,154,9,9,9,6,2,7,1,7,5,25,23,16,19,12,2,4,0,8,30,35,110,65,68,41,26,48,9,63,105,219,141,77,56,43,31,39,4,46,93,181,33,16,18,14,6,9,0,5,22,41,239,133,97,71,60,57,12,58,156,278,158,77,71,44,39,40,6,38,100,175,342,195,154,107,75,70,12,80,242,426,90,50,43,28,15,26,3,17,64,106
326.75,50,28,15,21,10,11,5,21,37,76,6,1,1,0,0,3,1,2,1,4,30,13,8,5,3,4,0,7,17,37,5,5,3,2,2,4,0,0,5,22,73,32,32,16,17,9,4,16,40,55,0,0,1,0,0,1,1,0,0,0,23,13,14,6,15,5,1,6,15,36,13,9,5,3,2,7,0,6,11,21,54,37,25,24,7,13,7,26,43,67,9,10,5,9,1,2,2,11,9,34,31,32,20,7,4,7,1,4,26,30,12,8,5,4,3,3,0,3,10,20,1,3,0,0,0,0,0,1,0,3,70,59,45,26,21,29,5,40,62,181,2,0,0,1,0,0,0,0,0,3,21,15,10,7,9,4,0,5,11,35,141,87,60,56,30,31,12,40,75,138,48,56,36,19,20,17,5,23,36,97,62,40,29,20,14,21,1,16,42,63,39,23,21,17,12,13,0,9,34,56,50,30,29,20,12,14,2,17,31,59,143,69,47,58,34,36,15,49,98,237,116,63,57,33,33,23,3,30,79,149,28,11,11,8,1,5,0,3,11,33,17,15,16,14,8,7,1,13,17,53,127,70,65,41,36,50,7,53,85,244,124,77,64,46,33,28,7,38,89,192,29,25,17,13,16,7,1,9,18,41,213,114,88,61,34,45,5,68,145,311,143,87,65,38,34,50,8,44,96,204,346,215,152,101,75,80,13,83,222,386,89,42,42,20,19,22,2,20,51,110
327.25,47,23,17,18,15,15,4,10,43,87,3,5,0,3,0,0,0,1,3,6,31,10,9,5,5,8,1,6,17,41,8,6,2,3,3,3,2,5,7,18,60,51,36,16,21,14,3,17,38,68,1,0,0,0,0,0,0,0,0,1,37,11,15,6,2,6,0,18,19,45,16,10,12,1,2,4,1,3,10,17,62,37,26,22,11,11,6,14,52,74,7,5,4,5,3,2,3,15,7,35,41,20,12,10,8,6,2,4,15,22,16,7,7,5,3,2,1,3,9,18,1,0,0,1,0,0,1,0,3,6,85,35,37,24,26,19,2,41,41,196,1,2,0,1,0,0,0,0,1,2,36,10,17,8,7,11,0,5,20,17,117,81,60,44,25,36,5,33,86,141,69,39,24,19,18,29,4,17,50,108,78,34,38,17,11,12,1,8,40,65,59,30,14,10,7,6,0,13,27,48,54,36,24,19,18,18,2,13,37,81,114,74,52,32,19,33,6,57,86,238,104,68,52,31,24,37,3,19,72,121,33,13,10,9,5,1,3,4,14,32,24,16,16,8,6,6,4,7,22,37,109,75,66,38,30,44,9,57,91,238,115,70,74,38,25,28,11,32,84,200,39,13,23,14,10,7,2,11,13,24,209,140,89,67,46,48,10,45,131,277,140,74,74,49,28,42,8,43,99,197,336,190,157,92,70,84,7,71,215,437,96,58,35,32,11,20,3,20,63,73
327.75,39,43,27,19,7,12,6,19,30,77,3,2,1,4,1,1,1,3,2,5,37,20,15,8,10,10,2,5,21,27,11,4,4,7,6,2,0,2,6,10,75,35,34,18,14,16,2,9,49,69,0,1,0,1,0,0,0,1,0,5,22,19,13,7,10,12,1,9,11,40,12,8,5,3,3,3,1,5,9,24,53,35,35,23,11,22,1,10,46,94,11,12,0,3,5,3,4,11,7,50,41,18,10,3,4,6,0,5,21,25,20,11,2,4,6,2,0,3,10,11,0,2,1,0,0,0,0,1,0,1,67,46,38,28,23,32,4,31,62,189,1,0,0,0,0,0,0,0,0,0,26,13,8,12,2,4,0,8,15,24,139,79,68,44,26,35,4,34,82,146,70,45,30,12,10,13,7,23,35,83,75,33,31,29,14,13,1,14,35,77,47,36,26,23,11,15,1,14,27,53,58,31,21,12,19,11,2,12,41,59,108,78,72,45,38,38,10,44,96,237,108,64,45,44,24,24,5,26,77,135,16,17,11,5,6,3,2,7,6,24,25,13,8,15,9,6,2,8,8,23,104,70,59,40,39,30,5,52,82,279,116,71,52,38,43,25,6,35,89,175,38,19,9,11,8,8,2,11,20,44,207,118,90,50,43,51,6,49,141,231,155,84,66,53,32,32,8,37,101,194,378,217,132,107,68,91,16,80,215,398,96,55,30,33,21,22,5,17,64,108
328.25,46,26,20,14,7,17,4,20,30,81,3,2,2,1,2,0,0,2,1,7,17,10,14,13,7,13,1,11,14,29,10,3,3,2,1,3,1,6,5,17,67,46,28,22,16,18,3,18,31,67,0,0,0,0,0,0,0,0,0,1,17,15,17,6,4,9,0,11,25,37,10,12,6,5,7,5,1,4,9,13,54,33,30,17,17,19,2,21,56,92,13,8,4,3,3,9,2,6,8,34,30,14,12,7,6,4,0,7,31,19,17,13,13,6,3,2,0,2,10,8,1,1,1,2,0,0,1,2,0,5,61,51,27,18,21,34,5,33,67,195,2,1,0,0,0,0,0,0,2,2,23,15,10,8,8,6,1,4,18,24,154,79,67,29,21,23,5,37,85,167,75,36,34,28,13,12,6,19,56,113,70,37,37,21,12,16,2,15,30,64,54,24,24,11,8,8,0,13,43,63,60,33,26,16,15,16,2,9,40,61,142,64,53,46,16,44,7,45,88,232,144,67,43,23,29,28,9,22,74,156,22,11,13,9,7,5,1,4,9,19,28,17,10,7,2,5,1,10,12,38,107,57,38,42,29,38,10,50,94,222,126,64,67,40,25,32,3,40,73,172,26,23,17,11,4,11,2,8,16,40,228,102,93,54,45,54,9,61,139,269,155,68,72,45,26,29,3,28,93,167,370,215,161,84,52,91,17,73,212,428,92,40,47,30,16,22,4,28,47,97
328.75,46,28,20,19,12,7,1,23,36,91,1,1,2,0,0,1,0,1,1,9,24,16,19,8,5,9,1,9,14,32,7,5,6,2,2,6,1,4,5,23,75,49,30,28,15,9,0,11,29,84,1,1,0,0,0,0,0,0,0,4,26,21,14,9,8,3,1,9,18,36,14,13,7,6,7,1,0,9,6,18,63,30,30,18,14,11,2,23,29,81,11,8,4,5,5,4,1,10,7,47,31,23,11,9,5,5,0,1,15,20,17,9,7,4,2,3,0,1,4,10,1,1,0,0,0,0,0,0,0,2,69,42,43,38,26,31,7,36,62,175,1,0,0,0,0,0,0,1,2,0,28,17,11,2,6,5,1,4,13,23,164,83,48,38,23,16,10,28,93,155,61,48,28,16,10,17,3,23,37,89,63,44,25,19,21,15,2,12,36,72,49,23,15,18,10,19,1,12,26,55,61,35,15,14,12,14,0,11,30,61,119,76,66,47,29,19,10,39,70,225,123,73,63,29,26,23,4,24,67,103,30,10,8,6,9,7,0,5,7,26,24,19,10,3,7,7,2,9,20,37,115,85,52,37,29,32,12,66,91,234,109,84,53,31,27,25,7,30,80,180,35,18,15,11,8,8,1,8,18,35,211,118,91,61,52,44,8,48,143,243,143,89,68,46,40,27,11,48,75,170,378,216,144,85,66,68,15,82,225,374,107,55,45,25,14,21,5,20,59,83
329.25,49,22,21,16,7,11,3,10,33,63,1,0,1,0,0,2,0,1,0,4,19,17,11,9,6,6,1,4,15,32,11,7,5,5,2,3,0,2,4,14,56,34,23,17,11,15,3,11,30,81,1,1,3,1,0,0,0,2,0,3,32,24,19,8,6,7,1,7,17,32,19,4,5,5,2,3,3,1,12,14,51,39,20,15,12,13,5,16,31,81,13,5,1,6,2,5,1,14,4,46,37,21,20,3,4,4,2,6,14,25,22,8,9,3,2,3,0,3,7,17,2,0,0,0,0,0,0,0,2,1,63,44,37,31,18,14,5,41,61,183,0,1,1,0,0,0,0,1,1,3,24,13,15,11,4,7,0,5,17,21,149,101,72,42,26,22,8,29,86,143,79,50,34,24,13,16,5,15,54,99,68,52,25,20,15,14,6,15,42,57,50,28,34,13,7,14,8,11,22,51,46,44,39,23,13,17,5,14,40,50,114,78,65,39,35,29,11,48,76,208,111,66,53,40,21,31,6,28,78,148,22,15,8,3,2,9,0,3,12,23,28,20,14,4,7,4,4,12,14,37,104,81,47,35,30,39,13,55,95,234,158,80,51,35,29,28,7,30,93,166,23,28,18,9,7,8,0,4,19,45,203,144,105,61,47,49,10,65,141,265,182,93,93,44,43,43,4,45,98,196,381,210,164,84,70,90,16,75,213,387,106,46,34,22,13,14,6,15,58,97
329.75,47,24,15,12,3,10,2,11,33,65,3,3,2,0,1,0,0,1,5,1,36,11,10,7,6,5,0,9,20,31,7,4,4,1,1,7,1,4,9,16,50,28,26,28,15,12,0,12,39,68,1,0,0,0,0,0,0,0,1,4,19,15,7,8,5,6,2,3,18,40,20,12,10,6,2,8,0,1,11,14,58,41,32,11,12,16,6,26,42,71,14,6,3,0,0,7,1,13,12,42,36,14,13,5,10,4,0,5,22,26,19,15,11,7,7,5,1,2,7,12,0,0,0,0,0,0,0,0,0,2,84,46,39,20,15,22,3,28,59,177,0,1,0,0,0,0,0,0,0,0,21,20,13,7,7,10,1,6,13,26,151,92,66,29,25,33,4,30,97,139,69,48,36,20,18,17,3,24,49,102,58,41,41,21,17,16,3,17,44,68,49,23,18,13,5,8,1,10,24,60,69,35,25,14,11,15,5,12,34,65,119,59,51,42,18,31,11,47,88,227,120,92,46,21,22,22,5,31,69,153,26,13,7,9,4,7,0,3,7,23,22,21,10,5,5,7,1,8,16,41,120,57,60,39,30,39,6,40,79,223,115,64,51,38,29,33,5,27,82,156,42,13,13,16,6,6,2,0,28,40,202,148,84,62,52,43,16,48,128,255,139,86,76,34,29,27,8,40,112,199,325,216,161,96,72,73,19,85,218,440,72,48,38,30,20,20,4,18,57,99
330.25,45,37,18,11,10,3,3,14,41,87,8,4,3,1,0,0,0,1,4,4,29,26,11,6,3,12,0,6,9,35,4,6,6,3,1,7,1,5,5,22,64,35,31,24,12,15,2,16,28,70,0,0,0,0,0,0,0,1,1,0,39,17,18,10,7,4,1,9,24,36,22,11,4,4,4,1,0,2,9,15,68,32,33,12,16,12,0,12,35,76,10,3,5,1,4,1,1,7,7,45,39,21,18,10,1,3,1,5,32,23,12,6,10,3,2,7,0,4,9,16,0,0,2,0,0,0,0,0,1,1,75,44,36,19,17,19,2,32,58,148,2,1,0,0,0,0,0,1,1,0,22,17,10,4,3,9,2,3,12,25,144,81,61,44,22,29,7,39,94,134,73,38,35,24,9,14,3,14,40,87,70,37,25,19,14,19,0,15,41,57,59,32,27,5,14,14,3,10,24,49,55,30,43,25,17,13,1,13,38,71,125,51,48,43,23,31,8,24,85,225,140,58,47,33,28,18,11,20,64,100,27,13,8,5,6,3,0,6,11,22,20,7,13,10,9,5,3,3,18,52,92,65,38,37,23,32,4,51,86,208,98,66,59,41,17,36,5,37,88,171,47,15,17,6,4,11,2,6,18,52,207,121,107,58,45,42,11,42,134,266,139,90,68,46,33,39,5,42,85,181,373,178,162,103,75,65,16,100,234,375,92,37,45,29,16,14,6,18,45,97
330.75,54,24,22,15,16,7,2,8,27,74,3,2,2,0,0,0,0,1,3,4,17,21,13,4,3,5,0,9,17,36,9,6,6,1,2,0,3,8,9,18,63,40,31,11,10,16,0,11,39,72,2,0,0,0,0,0,0,2,0,2,27,17,12,8,2,8,0,5,12,26,22,15,4,5,4,2,2,1,9,13,59,41,32,16,11,17,1,18,28,83,7,4,6,3,1,0,2,11,7,32,38,10,13,7,6,3,1,10,18,30,18,9,5,4,4,3,0,1,16,21,1,0,0,1,0,0,0,0,2,3,70,49,41,28,16,24,10,26,58,149,1,1,0,0,0,0,0,0,0,2,33,11,9,7,4,5,0,2,11,33,145,69,50,44,29,20,6,26,76,145,81,39,25,21,14,15,6,16,49,78,84,39,33,18,15,9,3,15,30,67,56,31,21,9,6,5,1,18,33,67,66,38,31,13,7,12,0,11,31,67,113,66,49,44,28,20,6,44,69,229,125,70,56,30,15,26,5,32,55,126,27,19,10,4,6,9,3,5,15,17,28,15,7,4,2,7,0,10,12,27,95,90,48,32,19,23,12,45,93,233,123,75,52,39,30,30,7,29,75,139,34,18,23,9,9,3,1,3,20,46,215,106,98,63,58,43,7,51,119,265,167,80,76,52,26,29,7,34,101,155,355,193,178,91,81,78,16,84,198,421,92,41,29,19,16,11,1,15,54,113
331.25,39,31,16,8,6,10,3,8,25,74,4,2,1,3,0,1,0,0,0,4,34,17,9,7,1,3,1,8,28,34,6,7,4,2,2,0,0,2,4,22,69,32,26,23,9,14,3,17,40,73,1,0,1,0,0,0,0,0,1,4,25,21,12,9,6,7,1,11,13,36,15,10,7,6,0,4,0,2,10,14,65,37,29,25,14,17,3,13,42,81,11,12,7,3,3,4,2,9,11,39,48,28,19,11,9,9,2,0,12,16,13,9,5,3,4,4,0,2,11,13,0,0,0,0,0,0,0,2,1,1,73,38,30,32,13,15,9,24,50,136,0,0,1,0,0,0,0,0,1,3,28,11,11,6,7,2,0,5,19,26,149,68,59,34,30,25,8,27,94,168,71,44,36,23,16,11,4,25,43,83,83,35,24,17,15,11,1,21,42,64,58,22,27,12,11,8,2,11,30,47,60,37,25,14,8,7,2,15,40,58,109,73,61,31,23,28,6,44,73,231,119,66,66,36,22,37,2,20,75,150,23,22,13,3,3,2,3,3,15,24,26,17,15,7,5,9,1,9,17,50,91,54,52,30,21,30,5,47,81,205,142,73,69,35,26,31,2,38,70,140,42,13,11,16,8,4,1,12,20,40,206,98,100,57,52,63,4,54,127,260,153,76,73,39,30,25,1,39,82,185,371,213,162,94,76,73,8,74,212,371,95,46,52,22,26,21,4,24,48,102
331.75,42,16,21,14,6,14,2,7,29,78,2,1,4,1,0,0,0,1,6,3,26,15,15,9,7,2,0,5,21,31,3,5,1,5,2,3,1,4,7,15,62,42,24,19,10,17,6,12,36,51,0,0,1,0,0,0,0,0,0,2,31,20,14,8,6,9,2,5,20,31,18,13,10,3,5,5,0,2,5,14,61,38,27,19,14,10,3,15,49,91,16,10,2,3,0,3,0,9,4,38,39,14,17,9,7,5,0,10,25,19,16,8,9,3,2,5,1,6,3,11,0,0,0,0,0,0,0,0,1,2,69,45,30,40,24,28,5,28,46,166,3,0,1,1,0,0,0,0,2,2,23,14,13,9,4,6,2,6,19,30,166,91,71,38,29,33,5,34,90,153,75,40,26,25,15,13,3,20,37,103,71,37,31,12,8,14,2,14,40,63,70,35,24,14,7,14,3,12,27,51,53,39,16,14,6,3,2,7,34,66,126,56,40,42,29,33,9,30,71,199,135,68,53,30,21,32,5,30,68,115,27,12,12,3,2,8,0,7,14,21,27,13,5,7,4,0,2,9,9,40,98,57,59,32,27,24,7,59,73,201,127,75,51,37,21,31,5,29,66,174,31,18,14,10,4,7,1,6,18,43,264,132,110,61,40,41,11,46,112,244,146,90,74,48,35,33,4,43,95,169,366,190,144,101,55,57,15,87,193,362,91,48,36,21,20,25,3,30,61,105
332.25,45,32,24,13,9,3,1,13,27,63,5,4,1,0,1,0,0,3,1,3,30,11,10,6,10,5,2,1,11,27,7,3,5,0,0,0,4,4,5,12,62,33,27,16,16,8,4,11,39,75,1,1,0,1,0,0,1,2,0,0,33,17,15,10,7,5,1,7,20,37,19,8,8,2,2,5,0,2,12,16,65,41,24,14,14,15,7,11,39,74,12,10,7,3,7,4,1,7,7,47,42,18,11,10,7,9,1,4,19,45,18,7,6,4,4,3,1,2,10,20,3,1,0,0,0,0,0,1,3,1,59,46,25,11,17,15,3,45,48,140,2,1,0,0,1,0,0,0,1,1,33,12,10,6,4,2,1,3,7,25,143,80,57,37,38,30,1,21,67,154,85,40,28,20,15,23,5,20,46,90,85,38,29,10,17,8,2,17,40,73,56,27,25,18,8,11,4,15,30,56,69,34,28,22,12,15,2,13,33,64,100,91,47,29,29,26,10,43,92,205,107,69,41,23,19,16,7,22,73,119,32,15,14,6,4,3,2,5,16,26,22,17,14,13,5,9,2,8,30,28,91,58,43,33,32,31,6,37,68,198,148,64,53,42,28,23,6,27,75,170,21,26,15,9,9,6,1,5,30,31,201,124,106,51,35,56,9,51,140,229,144,93,64,52,33,40,6,30,73,163,359,198,180,83,63,72,11,70,178,376,103,62,39,24,15,19,2,12,43,119
332.75,43,12,26,6,13,10,3,13,34,68,6,3,1,4,1,1,0,0,1,0,33,8,14,6,11,3,3,7,13,33,8,9,3,4,0,3,0,3,9,13,80,40,26,10,20,12,3,20,35,62,1,0,0,0,0,0,0,2,0,2,34,15,15,9,7,6,0,7,23,38,24,9,8,1,6,2,1,5,11,10,65,34,20,22,9,10,4,15,45,83,13,5,6,1,0,4,0,11,5,28,38,29,18,7,8,6,2,7,21,29,24,11,4,2,4,2,0,4,13,18,1,2,2,0,0,0,0,1,0,2,58,48,32,14,14,23,7,30,47,141,2,1,0,0,0,1,0,0,1,2,22,18,13,6,8,2,0,3,20,29,148,93,52,27,19,31,8,30,86,127,80,50,25,12,14,25,4,13,35,99,83,38,30,20,8,17,3,12,49,67,61,21,21,20,12,9,1,6,33,59,58,43,29,19,6,14,2,9,49,67,112,65,57,29,25,23,9,34,74,189,147,77,58,34,22,33,4,27,71,144,22,12,7,9,3,8,0,5,17,17,24,8,13,7,5,8,4,3,9,38,104,47,46,31,31,26,15,40,65,191,122,63,58,37,22,27,5,37,89,133,29,20,19,6,6,5,3,7,20,37,207,125,112,56,40,48,14,31,127,260,166,89,65,34,38,37,9,32,87,164,416,181,146,103,53,75,12,74,205,395,87,45,41,21,22,19,6,25,45,104
333.25,40,21,13,14,12,7,2,12,25,69,3,0,0,1,1,1,1,1,1,3,23,10,15,8,3,7,1,7,9,30,12,2,4,4,1,0,0,3,5,6,70,36,30,23,15,11,1,17,35,58,1,0,0,1,1,0,0,0,1,5,40,19,8,9,7,4,1,10,16,26,16,9,6,7,3,1,0,2,11,26,61,37,29,13,14,11,2,19,44,71,12,9,8,1,5,1,2,3,5,31,45,20,17,7,4,6,0,4,15,27,18,6,9,6,3,2,0,2,9,14,1,1,0,0,0,0,0,0,0,2,65,47,37,29,5,11,6,34,47,143,1,0,0,0,0,0,0,0,1,0,28,12,8,12,4,7,1,4,9,16,148,81,56,32,20,28,3,20,82,143,81,37,36,18,22,13,6,16,48,76,79,46,39,22,15,21,4,20,30,73,50,26,23,12,16,5,3,12,27,56,72,25,25,18,13,10,2,18,36,51,123,65,59,45,22,35,10,25,92,210,122,69,52,23,24,21,5,25,63,120,25,11,8,7,7,6,0,8,13,15,36,12,9,7,4,7,0,12,14,34,102,66,39,30,25,27,6,51,75,223,124,84,53,32,22,21,5,36,93,152,43,13,13,8,7,8,0,12,14,43,254,134,103,71,37,62,7,42,136,239,145,74,53,44,26,34,3,32,98,178,410,200,166,101,52,68,16,74,224,372,92,64,38,22,14,22,4,22,42,87
333.75,44,31,19,14,12,19,2,16,33,71,3,3,2,0,0,0,0,0,5,3,29,22,16,5,1,10,0,6,11,33,5,7,2,1,2,2,0,1,4,13,63,43,25,26,11,23,1,6,30,67,0,1,0,0,1,0,0,2,1,3,22,12,20,7,5,9,1,8,7,29,14,10,3,3,7,3,1,2,8,14,79,33,24,15,12,14,3,15,56,62,12,5,5,2,0,4,1,10,11,37,34,35,22,9,5,6,1,0,19,22,20,12,6,9,7,2,0,1,10,12,0,2,0,0,1,0,0,0,0,1,67,32,30,22,16,13,4,27,63,152,2,0,1,0,0,0,0,0,1,1,36,16,12,2,4,0,1,10,14,19,159,76,77,32,31,27,7,32,81,155,70,37,27,15,18,14,4,16,51,79,85,47,32,18,16,26,0,14,35,62,41,23,32,12,14,7,1,11,28,53,66,37,23,15,6,15,0,15,26,55,109,74,48,39,25,27,5,47,68,173,123,66,63,31,28,25,0,20,63,116,34,11,10,9,5,3,2,4,10,21,28,12,13,5,4,5,2,6,20,39,87,78,55,27,20,41,10,51,61,201,122,65,63,38,30,26,8,32,62,172,34,15,23,11,6,7,2,3,15,28,232,123,93,48,35,45,5,38,132,245,181,95,60,33,46,32,13,36,74,162,399,196,179,104,76,55,14,80,195,369,103,62,45,21,9,10,1,13,43,80
334.25,38,30,25,12,9,13,3,8,27,67,6,2,1,0,0,0,0,1,3,8,31,15,10,8,4,2,2,6,12,33,7,2,1,1,1,0,0,2,7,22,64,34,21,21,15,18,1,12,37,67,1,0,0,1,0,0,0,0,1,3,30,20,13,11,3,10,0,5,13,40,18,7,10,3,2,7,1,2,6,6,57,42,26,15,8,17,2,9,26,85,10,9,4,3,2,3,1,2,9,27,50,21,26,15,8,7,3,3,24,25,15,12,14,5,0,6,0,7,7,14,1,0,0,2,0,0,0,0,1,0,67,38,32,30,27,15,3,28,40,146,1,1,0,1,0,0,0,1,0,1,27,17,17,8,5,4,0,4,20,21,164,70,73,40,24,30,3,31,88,132,66,35,34,17,16,13,4,14,44,113,79,44,42,19,14,7,2,21,48,61,57,33,26,10,3,9,2,2,24,39,62,36,20,14,13,11,0,14,29,58,103,68,46,41,19,18,5,33,68,189,128,71,51,32,23,30,3,17,93,87,23,19,16,8,5,4,0,4,11,24,21,10,16,7,3,4,1,5,9,42,99,67,48,23,24,19,8,38,70,183,140,80,46,32,25,21,3,42,70,157,44,14,16,7,5,10,1,7,17,35,248,115,84,56,46,47,11,51,122,252,134,78,56,39,23,33,3,31,100,188,388,222,160,98,63,52,10,74,198,370,100,48,35,17,19,13,3,19,45,93
334.75,52,36,30,16,11,11,3,11,23,60,6,2,2,0,1,1,1,2,0,2,35,13,13,2,5,2,2,5,13,30,8,5,4,4,1,0,0,1,2,15,68,26,19,14,9,12,0,20,46,59,0,1,1,0,0,0,0,0,0,3,34,19,18,2,4,6,2,1,20,31,18,8,8,2,6,0,0,4,12,21,69,32,25,15,10,11,3,20,31,76,16,12,6,6,2,2,0,6,11,34,43,15,20,10,8,7,3,3,24,24,22,16,7,3,2,8,0,2,13,13,1,0,0,0,0,0,0,0,0,1,81,44,27,21,13,20,7,28,54,123,2,2,0,1,1,0,0,1,0,1,25,14,15,7,3,5,0,7,12,31,160,102,68,46,32,16,5,36,90,137,85,37,33,16,12,11,6,19,34,85,81,40,40,19,12,14,3,19,33,63,63,31,24,15,9,12,0,6,27,49,68,29,34,10,10,9,2,16,30,69,114,64,58,23,23,26,6,35,61,181,147,60,68,36,17,20,5,26,71,120,30,14,11,4,8,3,0,4,11,21,29,13,13,5,6,10,1,9,15,39,112,52,49,30,24,17,8,37,62,189,154,72,50,37,21,33,2,28,81,153,43,24,18,14,9,9,1,7,16,40,258,142,99,64,40,39,11,57,116,232,162,81,68,37,25,34,5,34,80,159,414,208,194,88,59,59,16,71,210,344,96,62,38,23,14,16,3,24,55,89
335.25,37,25,18,10,12,9,1,12,24,48,5,2,4,1,0,2,0,0,3,8,37,16,26,9,9,5,0,4,15,25,8,3,1,1,0,0,0,2,3,14,68,38,30,29,13,7,9,17,31,58,1,0,0,0,0,1,0,1,0,0,41,19,9,6,4,2,0,6,15,26,21,10,10,2,3,5,0,4,9,20,70,41,37,17,12,9,4,17,42,84,12,10,11,2,1,3,0,10,5,33,41,13,18,22,4,11,1,6,23,21,25,5,5,8,0,1,0,3,7,15,2,0,0,0,1,0,0,0,0,2,74,48,33,15,15,14,5,33,52,133,0,3,0,0,0,0,0,0,0,3,27,16,10,5,3,6,0,5,15,28,179,91,53,29,20,27,4,42,89,166,95,44,33,20,9,14,3,16,51,67,95,46,36,24,15,8,2,8,45,72,73,32,27,12,16,12,2,12,19,36,76,36,25,14,14,8,2,10,32,61,115,60,42,37,23,30,11,35,79,175,129,65,64,28,14,20,3,33,59,113,29,16,14,3,3,9,0,6,16,14,33,13,19,15,4,5,1,8,17,35,103,51,48,25,21,28,10,43,68,158,119,70,59,28,25,23,5,31,67,146,42,20,9,15,7,3,1,5,13,35,233,124,89,48,40,37,5,49,139,233,142,90,70,34,36,34,4,33,93,166,402,215,192,92,78,62,17,71,219,340,108,48,51,24,17,26,4,14,74,89
335.75,53,26,10,8,7,10,3,8,28,61,8,3,3,1,2,1,0,0,1,3,25,24,11,9,6,3,0,5,16,34,8,1,3,2,0,3,0,2,5,16,72,47,42,17,8,21,2,13,31,60,0,1,0,0,0,1,0,1,0,3,43,17,15,13,8,5,0,7,17,19,17,13,6,2,6,1,0,2,9,14,76,31,29,24,13,13,1,18,30,78,9,4,2,1,0,2,1,5,7,28,49,23,32,10,3,2,0,3,20,27,15,16,4,5,2,1,0,6,13,10,1,0,0,1,1,0,0,0,0,2,79,54,30,19,14,20,6,22,32,124,0,0,0,0,0,0,0,0,2,0,33,16,12,9,5,4,3,6,23,22,167,77,69,44,24,29,0,24,75,141,74,47,49,11,14,19,8,17,51,83,97,45,45,21,13,9,4,17,50,72,61,36,34,17,13,10,3,14,20,55,66,35,29,18,9,12,0,12,42,72,108,62,50,33,22,23,5,46,64,171,118,61,56,32,26,24,4,26,67,118,34,20,10,5,3,3,0,4,15,23,29,18,14,11,8,2,1,6,20,28,98,70,50,22,20,24,5,28,67,203,122,74,64,25,28,27,1,16,60,145,39,26,16,5,5,6,2,8,17,25,240,139,83,59,29,33,7,62,135,234,153,84,72,32,28,35,10,22,83,173,429,213,182,103,52,69,16,60,216,379,117,52,46,28,19,19,4,17,48,76
336.25,45,24,20,13,9,9,3,12,40,56,7,3,0,1,0,0,1,0,3,7,32,11,12,7,7,7,0,7,13,24,11,4,2,2,2,1,2,2,6,10,67,33,23,15,6,13,3,12,34,69,0,0,0,0,0,0,0,0,0,1,45,15,17,5,9,3,0,8,16,25,20,11,7,7,2,5,0,6,14,14,75,36,31,19,11,18,1,16,38,82,9,5,4,3,2,1,2,5,3,39,57,23,19,7,10,4,1,5,14,24,22,12,7,3,2,3,0,4,7,13,2,0,1,0,0,1,0,0,2,1,59,35,29,20,12,25,2,29,50,142,2,0,0,0,0,0,0,0,1,1,34,8,10,5,4,4,1,7,20,23,156,87,67,28,27,26,3,25,83,150,82,51,39,16,13,15,3,16,41,71,110,50,35,24,9,19,2,15,41,65,88,21,21,12,13,9,3,6,38,47,81,31,24,7,11,11,0,9,36,60,109,60,58,18,18,21,3,32,69,163,157,57,49,38,20,20,6,36,66,135,41,19,13,4,8,5,0,3,14,18,35,13,14,7,4,5,2,7,9,28,95,69,35,32,18,21,10,43,59,165,143,94,45,34,21,28,4,27,86,158,42,24,16,7,13,3,3,6,23,22,221,112,103,69,45,53,7,41,125,230,151,76,59,44,29,24,10,33,75,178,436,217,183,103,64,68,14,55,201,359,102,58,44,23,22,18,3,24,42,101
336.75,31,22,20,9,4,9,2,9,21,54,6,4,1,3,0,0,1,2,2,5,31,16,14,8,5,3,1,1,15,27,5,4,5,1,1,1,1,2,4,12,67,41,26,21,8,10,4,9,30,70,0,1,0,0,0,0,0,0,0,3,34,12,10,14,8,7,1,4,19,35,18,16,9,2,5,7,1,2,8,8,74,44,26,22,10,7,3,13,39,64,11,6,5,2,3,0,0,8,7,29,61,27,19,15,7,6,0,3,20,31,19,8,7,5,0,0,0,4,13,7,1,1,1,0,0,0,0,0,1,3,59,41,30,13,13,13,6,32,44,116,2,0,1,0,0,0,0,0,1,2,36,25,13,8,5,2,0,5,13,19,164,101,82,38,30,28,4,34,81,125,85,39,31,10,17,19,1,15,36,81,103,58,34,24,17,21,2,20,48,65,91,33,26,17,9,15,2,8,23,43,70,35,18,13,10,8,0,14,43,45,116,63,56,33,17,23,7,38,61,166,134,81,47,28,22,21,4,17,84,119,23,12,12,5,6,6,0,4,13,12,19,16,13,6,8,7,2,7,15,39,108,49,33,30,25,15,3,36,64,152,114,62,69,30,30,22,2,29,69,139,36,24,19,5,4,7,1,4,20,31,240,140,104,55,34,41,14,35,138,215,169,90,64,30,29,37,11,41,75,167,439,233,173,116,89,46,23,62,211,334,97,43,31,20,10,17,3,24,61,108
337.25,63,19,15,11,10,8,0,4,26,54,8,2,2,1,0,0,1,1,3,5,39,17,17,10,4,3,0,4,14,25,5,4,0,3,1,0,0,1,4,12,82,43,26,16,15,8,1,17,49,62,2,1,0,0,0,0,0,1,0,4,30,18,20,9,0,6,1,6,28,47,12,3,11,4,6,2,2,6,17,22,66,27,32,12,13,16,3,19,45,72,11,10,1,2,2,4,1,6,5,29,54,20,18,15,14,7,2,7,23,28,16,15,8,1,4,4,0,6,11,16,2,0,0,0,0,0,0,0,0,2,69,41,24,16,10,20,4,32,41,133,0,1,0,0,0,0,0,0,0,1,33,16,13,10,4,9,1,5,14,30,191,97,98,35,31,27,6,38,90,149,88,40,40,20,17,9,2,18,40,68,110,52,46,26,16,14,0,17,44,53,87,32,28,14,7,12,0,5,29,36,82,40,26,28,9,8,1,9,35,59,118,55,46,28,18,13,4,36,74,180,151,82,37,27,31,20,6,19,54,141,28,10,14,7,3,4,0,5,15,29,33,11,15,8,1,7,0,6,12,30,76,67,32,24,21,34,10,45,61,167,134,79,61,39,22,21,7,37,73,162,41,34,14,7,7,6,1,8,23,35,251,122,116,56,34,43,9,57,121,229,155,109,63,37,21,30,7,34,82,148,466,232,144,87,81,61,12,79,207,353,126,61,49,21,13,13,1,20,54,86
337.75,40,24,22,13,6,12,4,10,27,63,4,3,4,2,2,0,0,0,3,3,38,15,18,12,4,5,0,6,20,22,8,7,2,4,0,1,0,2,1,12,79,42,32,16,8,8,2,13,30,77,1,0,1,0,0,0,0,1,1,2,33,19,17,11,6,3,4,2,18,31,28,10,6,4,6,6,0,4,13,17,78,55,38,24,13,9,2,12,31,59,2,2,2,0,2,0,1,4,9,23,48,23,16,10,9,9,1,4,15,29,18,8,10,8,8,1,0,8,8,18,0,0,0,0,1,0,0,0,1,3,73,38,32,26,16,18,3,33,45,118,1,3,2,0,0,0,0,0,1,0,24,24,13,10,6,6,0,2,14,29,179,97,74,42,32,25,3,26,92,127,96,49,38,21,15,18,4,14,46,74,87,46,31,18,16,14,4,13,47,56,82,42,27,17,6,6,2,7,25,47,67,40,34,17,11,11,2,9,40,55,120,72,51,36,24,19,7,31,73,173,157,64,52,26,29,26,4,28,62,126,43,12,18,7,4,8,1,2,19,28,32,10,16,8,7,1,3,1,19,32,89,42,44,22,16,22,10,31,61,153,138,67,65,32,45,20,9,29,92,147,48,21,15,4,2,4,0,7,21,29,270,126,107,49,38,38,6,49,127,216,174,92,76,47,23,32,7,38,106,160,462,240,165,109,66,76,13,59,221,350,118,56,45,22,15,9,4,14,53,89
338.25,48,31,16,7,15,7,3,13,21,61,4,4,1,1,0,0,0,0,2,0,35,17,11,8,3,9,3,3,22,36,9,1,4,3,0,0,1,3,2,13,73,55,26,14,16,21,5,6,38,66,2,0,0,0,0,0,0,1,0,1,31,18,11,11,5,2,0,6,16,24,20,14,4,13,5,4,0,0,8,13,95,32,41,15,8,9,2,13,39,60,13,6,3,6,3,2,2,11,9,30,52,20,12,9,8,5,0,6,30,18,16,12,12,5,1,4,1,4,16,21,0,0,0,0,0,0,0,0,0,1,47,34,27,22,11,14,4,29,39,111,2,0,0,0,0,0,0,1,3,0,29,11,15,7,5,3,2,3,24,21,186,81,72,44,19,16,8,22,103,133,96,40,42,25,21,17,3,14,45,97,109,50,33,14,13,14,1,19,42,54,92,39,32,19,14,11,3,14,47,36,68,40,24,19,11,12,1,13,37,52,104,60,60,21,15,24,10,33,63,161,129,80,64,30,20,22,4,26,66,107,37,21,17,6,7,2,0,4,13,16,29,23,15,6,2,7,0,5,17,33,107,48,37,27,16,24,7,46,43,162,136,55,51,37,23,32,7,30,70,123,46,17,17,15,7,13,1,10,14,32,274,118,105,74,47,16,7,39,123,226,144,84,68,59,20,25,4,25,93,149,450,240,170,99,80,56,5,57,212,365,129,50,44,28,21,14,3,18,56,86
338.75,57,31,16,10,9,9,2,10,32,46,6,2,4,1,3,0,0,2,6,3,29,17,15,11,7,8,1,8,17,18,6,6,3,2,1,2,1,5,2,8,82,36,27,18,8,8,2,15,49,68,1,0,0,1,0,0,0,1,2,0,41,19,23,7,6,9,1,6,24,28,12,3,16,1,0,8,0,2,11,23,89,37,34,22,13,11,1,20,31,74,14,8,3,3,0,2,3,7,7,27,45,25,16,14,5,7,0,7,23,30,22,10,7,3,5,6,0,5,8,18,1,1,0,0,0,1,0,0,1,1,58,33,25,18,22,15,5,21,38,121,1,1,1,0,0,0,0,0,0,3,28,15,12,11,7,6,0,2,13,21,176,95,80,47,25,31,5,22,83,156,94,48,29,20,11,15,4,13,52,75,94,60,38,26,12,9,1,12,57,71,53,45,42,18,14,7,2,11,26,40,59,31,29,9,6,14,3,9,39,55,123,74,47,38,28,24,5,31,58,154,119,68,63,28,26,34,7,11,67,127,36,15,10,4,5,3,1,2,17,18,23,14,9,9,2,3,4,8,20,34,97,64,51,27,23,14,2,34,65,165,121,65,53,28,29,32,3,31,73,127,43,19,17,6,10,8,3,7,21,34,263,126,109,58,27,50,10,48,112,226,153,65,77,45,26,27,10,31,80,151,466,198,209,107,66,59,9,69,219,366,139,67,62,31,17,16,2,23,53,91
339.25,43,26,30,9,13,11,1,18,31,55,4,2,2,1,0,2,0,0,5,5,44,15,16,9,4,5,1,6,14,29,10,5,6,3,2,0,0,1,3,7,77,36,27,12,10,8,3,6,59,64,0,0,0,0,0,0,0,0,0,3,31,25,13,11,9,5,1,5,15,35,28,12,11,5,0,0,1,3,11,17,71,43,30,26,20,8,3,15,45,70,12,3,2,3,4,2,1,2,10,24,40,24,16,7,4,7,0,7,15,32,21,10,11,2,4,1,1,1,7,7,2,0,0,1,0,0,0,0,1,2,57,34,38,22,12,20,2,19,39,126,3,0,1,0,0,0,0,0,0,2,29,12,18,11,5,3,1,1,8,17,197,98,80,42,33,34,3,22,92,135,80,44,46,21,17,15,2,13,38,72,111,60,31,31,14,16,5,10,48,72,83,51,32,26,12,12,2,10,37,58,78,41,33,15,16,6,1,13,33,56,140,59,44,32,23,22,7,36,66,135,174,89,47,34,21,28,1,21,68,118,38,17,19,5,7,1,0,3,12,26,34,17,10,8,3,3,1,10,16,32,92,46,44,32,22,23,7,45,72,167,109,86,67,28,28,35,5,32,68,131,45,21,17,6,6,9,1,4,27,31,256,144,106,79,35,31,8,36,123,235,142,85,69,39,30,35,6,27,90,174,454,218,213,93,72,68,8,75,219,346,127,64,49,32,20,11,4,12,76,98
339.75,63,30,21,11,5,13,5,14,24,56,9,3,5,0,0,3,0,1,1,0,37,21,16,13,4,3,0,8,13,32,11,10,2,3,2,1,1,5,7,11,73,44,30,24,7,15,2,11,42,59,1,0,0,0,0,0,0,1,0,3,43,22,14,11,3,6,1,7,21,28,18,14,10,5,4,4,1,2,12,14,80,38,44,19,11,9,0,12,40,65,15,5,4,1,1,2,0,1,6,35,58,31,18,12,8,6,0,5,32,28,24,7,7,2,5,3,0,2,10,13,0,0,0,0,0,2,0,0,0,0,76,45,35,16,6,23,4,22,37,110,0,1,0,0,0,1,0,0,1,2,25,19,12,10,7,6,1,3,13,30,185,98,83,34,35,39,12,20,82,126,84,54,44,20,15,16,3,14,52,92,106,39,33,19,15,15,6,7,52,63,69,43,33,19,17,14,2,8,35,44,83,29,36,19,16,12,1,12,32,62,119,86,40,35,18,21,4,36,72,143,140,71,53,33,26,18,1,25,69,105,36,22,19,9,9,4,0,6,18,19,30,15,10,3,5,2,1,3,16,27,101,44,48,40,17,24,2,30,59,157,108,61,58,29,20,34,5,22,69,122,39,28,22,5,5,13,3,8,19,34,282,130,113,62,51,43,7,46,157,227,142,87,64,51,23,20,4,42,77,153,508,237,184,120,71,78,7,69,220,318,142,56,52,21,21,21,1,20,62,99
340.25,55,26,30,13,14,5,5,9,26,54,7,4,2,1,2,1,0,0,4,3,49,21,14,5,7,7,2,7,13,23,7,6,4,3,1,1,0,3,4,6,73,38,36,15,13,10,1,14,46,58,0,0,0,0,0,0,0,0,1,1,45,16,16,6,7,2,0,7,20,31,14,4,8,1,2,2,0,6,10,21,76,37,21,22,9,10,2,12,32,64,8,8,4,5,4,0,0,10,9,21,49,27,24,7,5,6,2,7,20,31,21,12,7,3,4,2,0,1,8,18,0,1,0,1,0,0,0,0,0,2,77,41,22,20,11,7,4,23,48,111,1,1,0,0,0,0,0,0,0,0,36,15,4,6,3,5,0,3,14,25,152,91,69,51,40,29,3,27,89,133,80,48,39,21,14,11,3,15,44,79,96,52,50,12,14,8,1,16,49,71,81,31,25,20,13,16,2,9,32,52,82,35,32,17,15,22,2,14,31,64,118,67,55,21,22,30,3,18,63,149,154,85,65,33,19,18,7,23,74,118,33,12,7,9,7,6,0,4,17,26,39,10,10,7,8,3,1,3,13,33,70,47,46,25,17,18,7,34,48,148,132,61,54,33,24,24,6,27,65,134,48,25,21,13,3,8,1,4,21,32,260,146,96,66,40,33,11,43,122,222,184,77,58,36,33,35,2,29,106,141,508,244,203,125,80,81,10,66,221,333,157,77,56,19,19,20,6,18,52,83
340.75,48,19,24,12,11,12,5,4,32,51,2,3,1,4,0,2,0,1,2,5,38,22,17,10,10,8,1,5,18,36,8,2,2,0,0,2,0,0,8,14,76,47,34,14,13,14,1,14,48,64,0,0,1,0,0,0,0,0,0,0,35,28,18,9,8,5,0,6,15,36,26,11,9,6,4,8,1,0,3,20,89,31,35,22,15,14,1,14,28,69,14,6,7,6,4,2,1,6,4,26,59,25,14,11,3,8,2,8,17,27,18,10,6,4,2,1,2,4,11,15,0,0,0,0,0,0,0,0,1,1,70,42,32,15,10,10,6,29,37,94,2,4,0,1,0,0,0,0,0,3,31,20,13,3,4,8,0,7,14,26,208,95,74,43,33,31,4,29,86,144,96,51,38,23,10,13,1,18,48,83,129,46,36,28,17,17,1,11,59,69,76,42,28,9,5,5,1,6,37,47,66,52,28,15,14,11,3,16,29,50,129,74,55,33,22,19,5,28,64,161,148,92,65,31,25,23,5,19,73,124,27,21,10,5,5,5,0,3,13,13,35,20,17,7,5,2,1,5,14,29,100,55,39,30,17,26,7,27,47,145,107,54,69,34,32,27,3,28,72,126,69,17,23,4,9,6,0,10,21,24,280,143,126,61,44,28,11,39,100,218,161,97,66,35,24,36,7,28,89,136,512,272,192,83,57,81,11,56,199,362,121,75,50,21,27,29,5,22,59,95
341.25,37,23,13,9,6,14,1,12,26,52,3,1,3,3,1,1,0,0,1,4,35,13,20,10,8,5,2,8,18,24,18,3,3,2,3,1,0,2,4,10,65,47,34,11,11,15,3,15,37,83,0,0,0,0,0,0,0,0,0,4,47,28,15,12,4,11,0,11,13,26,24,12,11,2,3,3,0,6,11,17,69,40,35,23,8,15,1,9,30,61,14,10,4,2,2,2,0,4,10,19,62,31,15,6,10,7,1,4,20,29,25,11,5,4,6,7,1,2,10,19,0,1,0,0,0,0,0,0,0,1,62,32,26,23,9,17,1,30,40,109,0,1,0,0,0,0,0,0,2,0,42,24,15,11,4,4,0,4,18,35,190,88,68,28,37,35,4,28,87,123,98,43,35,31,17,11,3,24,46,57,106,64,37,22,14,6,3,13,37,60,85,57,37,21,9,8,0,20,42,48,97,43,39,12,13,13,1,18,33,50,145,60,45,34,17,11,2,37,74,141,149,87,72,26,21,33,5,25,76,113,37,12,18,13,6,7,3,7,16,27,31,13,16,10,6,5,0,5,11,30,83,56,34,25,13,28,5,37,59,161,141,57,52,34,17,21,4,33,50,141,50,28,25,8,9,5,0,7,17,26,293,135,116,63,53,41,7,39,127,203,156,86,78,36,28,14,6,33,79,168,482,220,188,100,68,79,13,72,236,365,141,56,64,32,16,23,3,23,54,84
341.75,41,22,27,16,10,9,3,13,25,47,4,2,0,2,1,1,0,2,5,2,40,27,7,4,12,9,0,4,14,17,10,3,4,0,0,1,0,1,2,14,82,44,32,18,10,10,1,14,48,75,0,2,1,0,1,0,0,0,0,2,41,20,13,7,9,13,0,2,16,30,26,10,7,4,6,1,0,1,9,22,75,35,49,31,9,16,0,9,32,55,12,6,4,3,1,3,1,1,6,26,57,26,19,5,8,5,1,11,19,35,29,15,10,10,5,5,1,4,6,15,1,0,0,0,0,0,0,0,0,1,61,34,29,16,12,7,1,13,34,101,0,1,0,1,0,0,0,0,1,0,49,22,14,9,3,4,0,5,10,23,200,82,86,49,24,31,5,24,103,148,88,44,40,17,16,18,6,19,43,72,111,74,50,23,11,17,1,11,42,72,86,51,39,18,17,17,0,4,47,64,88,35,41,23,22,11,2,7,30,41,115,79,54,38,17,29,9,25,59,144,175,95,63,32,25,20,1,27,81,102,35,22,16,4,3,4,0,2,17,22,32,20,18,11,6,3,3,5,18,27,91,46,38,20,16,13,6,18,72,143,131,75,57,42,21,23,3,24,63,126,52,25,19,15,11,8,0,0,22,22,281,149,115,64,55,40,6,51,150,183,169,96,64,44,26,24,7,28,76,154,495,242,225,116,78,82,13,67,222,357,121,71,62,35,20,20,2,20,69,77
342.25,55,28,21,16,14,8,3,14,25,56,2,2,1,1,1,1,1,1,2,8,56,22,16,5,9,6,2,4,24,20,13,4,3,2,0,2,3,1,6,11,72,43,31,13,10,6,5,15,50,68,1,0,0,0,0,0,0,0,1,1,39,18,16,15,5,9,1,3,32,39,25,13,7,6,1,4,0,3,11,13,77,47,35,14,16,6,4,14,38,61,9,3,6,1,3,4,1,3,4,26,66,29,19,8,10,8,0,4,31,36,24,18,10,4,2,1,0,2,8,18,0,1,1,0,0,0,0,1,0,3,74,41,24,22,13,7,5,23,45,91,2,1,0,0,1,0,0,0,0,2,32,20,16,2,2,5,1,3,16,29,198,90,82,51,25,33,5,26,100,135,87,53,39,18,16,8,1,16,43,65,125,53,36,25,26,16,4,8,51,65,93,56,28,12,8,16,1,6,38,56,92,43,37,11,13,15,3,14,29,52,124,84,65,32,15,23,8,37,75,158,188,81,60,31,20,20,2,24,87,128,35,17,16,8,8,6,1,5,18,19,32,20,11,10,3,6,0,5,9,27,97,65,57,29,20,19,6,26,52,144,139,72,47,34,23,20,5,30,73,148,58,27,20,8,7,10,1,7,25,34,277,162,117,42,43,43,9,44,121,225,193,81,60,43,29,31,4,26,86,134,549,262,228,113,88,67,10,70,226,356,142,53,43,41,22,20,3,21,67,79
342.75,56,28,32,9,3,8,1,12,20,64,11,6,2,1,0,0,1,2,2,4,47,18,10,5,5,4,1,5,29,26,8,9,1,5,1,1,0,3,1,5,68,42,37,18,11,17,2,8,49,66,0,0,0,1,0,0,0,0,1,0,37,14,16,6,4,8,0,3,17,36,25,17,6,3,4,3,1,2,12,15,75,53,29,17,12,19,3,15,44,61,16,8,3,3,2,3,0,4,9,16,53,32,25,15,9,10,1,2,21,39,20,6,8,2,7,3,0,1,17,19,0,0,0,0,0,0,0,0,1,0,62,46,24,17,7,16,2,23,48,114,3,1,1,0,0,0,0,0,1,0,31,22,8,6,7,4,0,6,20,20,220,108,78,55,39,35,7,19,101,148,105,50,32,22,13,15,2,11,59,81,139,55,40,20,19,15,2,14,40,73,87,52,40,16,11,10,0,8,40,48,87,41,39,14,4,13,0,10,41,51,138,62,45,29,21,30,3,27,63,148,182,75,68,35,33,28,5,18,81,109,24,31,17,9,8,3,0,6,18,26,43,25,17,8,7,3,1,2,23,41,88,43,33,31,17,12,4,33,59,142,132,74,59,31,29,20,3,28,70,152,48,26,14,7,9,7,1,6,17,29,300,134,111,62,36,32,10,34,138,197,154,94,71,57,33,26,2,30,78,135,527,238,218,119,81,80,11,80,228,319,138,81,58,38,18,19,4,12,44,93
343.25,46,28,21,14,14,3,2,9,37,69,4,2,5,1,0,0,0,1,2,7,45,18,12,11,7,9,2,8,24,27,5,3,7,2,1,2,0,2,6,10,73,48,28,19,9,8,5,10,35,67,1,0,0,0,0,0,0,0,0,2,43,19,15,8,7,4,1,5,14,31,24,8,12,6,3,7,0,2,10,23,96,42,35,16,11,6,0,6,48,85,17,5,2,4,4,3,1,2,8,14,64,34,26,8,4,6,1,1,25,33,25,19,10,5,4,5,3,5,12,16,1,3,0,0,0,0,0,0,0,1,61,24,31,12,12,7,3,22,43,101,3,1,0,0,0,1,0,0,3,1,35,17,17,12,4,3,0,3,20,22,204,105,85,45,27,27,4,24,85,144,96,53,39,29,16,14,4,19,39,80,125,55,48,22,13,7,3,16,53,59,100,39,43,22,9,10,1,10,45,48,94,43,41,26,11,11,2,11,33,43,137,72,51,27,18,28,1,24,62,138,179,80,67,30,19,21,7,20,84,104,40,15,11,10,4,7,1,6,19,19,46,16,11,10,4,8,0,5,11,30,81,61,40,32,25,10,3,34,58,122,145,77,57,23,22,25,8,24,69,113,56,28,18,7,10,6,3,9,36,23,299,166,119,59,44,33,12,46,146,206,159,83,95,34,22,30,5,24,87,156,527,279,211,113,92,80,16,70,251,360,124,82,57,23,19,21,5,20,66,88
343.75,45,27,17,16,16,12,2,11,21,59,5,2,2,2,1,0,0,0,4,4,45,17,21,12,5,9,1,11,24,30,5,4,2,0,1,1,0,2,5,8,107,36,30,23,13,7,0,7,45,63,0,0,0,0,0,0,0,0,0,1,45,22,18,10,9,8,2,9,20,28,19,7,15,3,6,1,0,4,12,16,86,44,36,18,9,14,2,9,42,78,6,13,5,1,0,1,0,4,5,21,70,29,20,14,5,8,0,6,40,36,28,15,10,4,1,2,0,4,8,18,1,0,1,0,0,0,0,0,0,1,58,39,22,12,12,15,4,23,38,100,5,1,0,0,0,0,0,0,1,0,28,14,15,12,7,5,1,4,16,21,223,85,92,61,35,30,5,27,88,128,90,49,37,20,13,15,0,15,41,63,134,63,50,21,15,13,2,20,51,61,100,34,35,20,14,7,1,7,32,41,97,37,42,20,14,13,2,10,51,41,159,76,53,31,13,15,4,23,81,139,168,81,75,39,18,24,6,25,78,104,37,15,12,7,4,6,1,2,22,26,35,16,15,8,6,6,1,5,25,24,79,57,50,30,7,19,7,24,54,147,148,70,63,31,23,28,7,23,68,118,56,30,27,13,8,9,1,6,30,31,326,129,133,74,46,44,3,44,152,227,199,95,67,30,24,34,5,37,85,140,535,285,219,137,73,82,7,56,246,371,141,91,55,37,22,19,0,17,67,96
344.25,51,17,24,16,15,16,4,8,28,45,5,1,2,0,0,1,0,2,3,2,48,18,33,7,3,6,1,3,16,29,10,9,8,2,2,3,0,5,3,9,84,40,25,11,8,9,5,11,55,58,0,1,0,0,0,0,0,0,0,0,52,27,20,7,9,9,0,3,25,32,32,12,8,7,4,3,0,6,7,19,92,39,39,36,16,9,3,9,54,64,10,9,6,4,2,3,1,8,3,17,65,37,29,8,7,4,1,7,30,27,27,10,8,2,5,2,0,5,10,8,1,0,0,0,0,0,0,2,0,1,68,46,41,17,9,14,3,18,36,82,1,0,2,0,0,0,0,0,1,2,55,12,13,5,10,3,1,2,26,15,218,122,80,49,34,34,6,24,90,137,101,40,49,28,15,20,2,20,38,80,124,75,34,36,17,13,1,9,48,65,99,39,36,16,14,11,0,8,43,50,95,50,43,24,13,13,3,8,57,53,148,60,62,25,19,19,5,21,74,138,195,100,74,43,26,20,6,26,70,128,31,23,17,12,6,7,1,5,18,19,33,18,18,8,2,6,0,8,12,26,90,50,33,15,20,19,5,18,55,134,124,74,78,39,21,22,2,29,73,134,58,29,23,12,11,7,0,5,21,31,334,163,127,71,43,55,11,36,153,226,178,111,73,45,26,25,7,23,94,160,556,272,207,100,71,61,8,76,236,327,149,76,60,35,26,19,4,16,64,90
344.75,55,25,16,13,9,17,3,7,28,45,7,3,0,2,2,0,0,1,1,3,60,28,27,9,5,10,0,5,17,30,11,6,4,4,2,0,0,0,6,17,104,57,29,13,11,14,3,11,36,53,0,0,0,0,0,2,0,0,0,0,57,23,16,14,7,7,1,10,16,34,27,11,13,10,1,2,0,5,9,19,85,54,37,19,11,15,4,20,41,71,11,3,5,2,1,1,1,3,9,20,76,28,31,14,7,12,1,8,27,25,23,8,14,11,4,8,0,3,15,10,0,0,0,0,0,0,0,0,0,0,71,38,32,17,8,10,3,20,46,92,3,2,1,0,0,0,0,0,2,1,40,14,18,4,5,7,0,2,13,20,223,120,94,43,24,31,5,30,93,152,99,45,40,16,17,17,1,18,34,65,120,49,57,18,13,11,4,10,56,57,108,48,23,23,14,14,2,10,40,66,89,42,28,16,19,6,3,10,40,73,131,74,53,40,14,15,3,24,68,155,187,96,67,29,26,22,3,32,68,118,39,16,12,12,7,4,1,2,20,34,36,21,10,9,6,3,2,1,16,31,117,60,31,21,15,23,8,20,61,124,135,65,69,37,21,23,4,27,67,127,64,23,14,11,8,6,0,13,16,35,309,152,139,61,51,50,8,33,133,232,191,79,60,36,34,24,4,33,88,148,564,318,212,118,70,78,11,50,232,372,138,70,60,28,25,18,1,18,64,94
345.25,42,29,27,10,9,7,3,10,31,60,10,5,4,2,4,1,0,1,5,6,44,17,16,9,6,2,0,1,28,32,11,2,8,3,1,1,0,0,9,9,93,51,31,15,10,13,4,10,33,67,0,0,1,0,0,0,0,0,0,3,37,22,13,6,9,9,1,4,17,26,31,17,14,2,8,4,2,4,6,12,96,32,36,19,15,11,3,10,44,54,5,6,9,3,2,0,1,7,6,20,68,41,33,11,7,3,0,4,28,31,28,17,6,3,5,6,0,5,13,7,1,0,0,0,0,0,0,1,0,0,58,26,32,15,16,8,2,18,42,95,2,3,0,1,0,0,0,0,1,1,45,15,9,10,3,7,3,1,17,14,230,97,82,53,38,26,4,33,87,142,115,52,33,23,20,18,3,9,41,60,139,67,46,21,12,18,3,8,61,65,89,47,40,23,17,8,2,14,56,41,107,54,48,25,13,12,2,10,34,48,151,71,59,28,30,16,4,27,62,135,205,68,63,35,42,24,5,19,91,128,45,22,23,8,5,8,2,4,20,22,38,25,9,6,7,5,2,5,19,24,104,48,44,18,12,18,1,24,56,138,143,83,47,40,16,28,2,22,69,118,62,29,29,16,12,10,0,3,34,34,320,191,132,74,45,46,9,32,135,211,187,80,78,48,28,24,3,31,83,164,611,272,223,108,82,75,9,63,262,345,158,80,68,31,22,25,2,15,62,90
345.75,37,24,25,14,10,9,1,8,28,53,5,3,4,1,0,0,0,3,1,7,42,21,10,7,9,0,2,3,10,36,10,3,4,4,2,1,0,3,10,13,97,57,35,16,15,12,3,13,39,57,0,0,0,0,1,0,0,0,0,0,44,29,10,5,11,2,1,10,26,28,27,12,8,8,5,6,0,1,10,18,91,53,38,27,19,19,5,15,36,69,9,4,3,2,1,2,2,6,9,14,90,28,31,23,9,10,2,8,20,41,28,12,7,4,4,3,0,2,14,15,0,0,1,1,1,0,0,0,0,0,76,34,30,8,7,15,6,23,34,94,1,2,0,0,1,0,0,0,0,1,35,25,16,8,2,5,1,6,16,18,228,119,96,45,37,18,4,35,108,126,91,60,38,24,21,14,7,11,44,62,124,54,56,18,22,26,3,12,50,66,103,47,48,20,19,13,2,9,62,46,115,44,40,21,14,18,2,9,37,54,158,74,56,18,18,20,4,19,69,120,185,87,83,40,28,31,6,25,84,108,37,21,15,15,3,5,1,9,16,19,34,22,14,9,5,3,1,10,16,33,102,62,52,19,15,18,0,32,51,123,147,73,69,37,24,28,7,23,70,104,51,25,35,9,5,7,1,5,29,32,375,172,111,67,37,53,7,35,127,181,188,100,86,37,25,18,9,27,86,135,612,286,258,112,90,74,10,92,262,337,155,91,59,27,25,15,5,24,68,73
346.25,53,22,23,9,11,8,2,15,25,46,6,1,2,1,0,1,0,3,9,4,53,21,19,9,5,2,1,2,19,30,17,7,5,2,4,1,0,3,1,9,105,55,39,13,11,7,5,16,46,55,0,0,0,0,0,0,0,0,0,1,41,21,23,6,3,7,1,6,29,35,38,12,8,8,4,8,0,4,14,10,95,49,40,23,17,10,1,10,39,55,13,5,9,3,3,2,1,2,7,17,84,28,28,17,10,9,2,10,27,29,30,21,10,5,5,3,1,2,15,21,2,0,0,0,0,1,0,0,1,3,63,30,25,30,10,9,6,22,40,92,5,0,0,0,0,0,0,1,1,1,39,16,20,7,5,3,0,7,19,23,217,130,83,62,33,38,7,34,85,121,118,52,45,23,19,18,4,16,35,77,126,73,45,28,22,15,1,8,62,78,97,52,40,25,13,12,4,9,38,52,113,59,40,23,19,7,1,9,35,66,144,83,74,34,22,17,5,30,75,139,210,109,70,38,17,30,5,23,81,111,41,24,15,8,3,4,2,1,14,27,38,19,13,12,11,6,1,6,23,18,102,54,44,33,23,11,6,24,50,126,164,68,49,38,31,23,1,42,65,115,58,20,16,13,5,8,0,1,43,29,349,178,104,75,52,58,6,52,141,227,214,98,87,45,26,33,5,28,86,137,612,322,220,127,84,94,8,66,252,354,167,61,55,38,24,32,0,9,71,77
346.75,45,27,28,10,9,18,2,11,19,45,9,1,1,2,0,3,0,3,2,8,54,26,19,12,10,2,0,6,18,35,14,5,1,3,1,2,1,1,2,11,114,50,44,19,13,7,2,11,47,54,0,0,0,0,0,0,0,0,0,0,38,19,19,12,10,8,2,7,22,32,31,15,9,4,3,2,1,5,15,15,98,52,39,20,14,5,1,12,44,57,18,16,6,4,1,7,1,1,5,18,82,53,32,14,6,5,0,11,31,33,23,10,9,4,1,1,1,2,7,14,0,0,0,0,0,0,0,0,0,0,66,37,25,16,13,17,1,18,45,91,2,2,0,1,0,0,0,0,1,1,42,21,8,6,10,5,1,6,22,23,250,120,96,53,46,30,5,23,86,160,112,67,38,19,11,14,3,8,54,81,148,75,69,24,16,13,4,6,68,73,96,49,33,30,14,21,5,15,44,60,106,52,42,21,25,15,1,9,48,68,156,89,50,40,22,26,7,16,67,142,216,103,69,44,19,20,4,27,98,118,48,15,15,9,7,6,1,4,12,24,39,17,8,12,6,12,0,3,20,32,107,51,38,28,19,27,4,19,52,127,155,77,73,34,19,29,6,27,70,120,58,24,28,13,12,7,1,9,27,45,338,175,128,70,49,47,7,46,179,203,191,105,86,39,35,26,4,29,81,132,661,278,218,129,86,58,14,49,271,375,160,74,59,43,25,27,3,15,61,107
347.25,48,32,22,14,7,10,0,18,30,55,5,4,3,0,1,2,0,0,2,6,33,20,23,9,7,6,0,7,28,28,18,7,1,1,2,0,0,3,5,4,96,49,23,13,17,12,3,7,44,74,1,0,0,0,1,0,0,0,1,2,46,22,14,16,7,11,2,9,18,36,26,22,11,6,5,1,0,4,7,13,89,53,35,13,14,21,3,11,31,66,17,8,5,1,4,0,0,4,7,14,90,47,43,12,8,15,2,5,45,42,17,16,11,5,4,6,0,1,14,21,1,1,2,0,1,0,0,0,1,0,47,32,31,25,12,9,5,18,20,88,3,0,2,0,0,0,0,0,1,1,40,11,17,7,2,6,0,6,23,35,228,105,96,36,29,35,3,27,126,135,118,61,44,24,16,16,2,15,51,76,156,64,54,27,15,18,1,11,54,64,109,55,40,22,20,20,1,6,47,58,115,57,43,21,12,16,1,5,41,80,138,74,53,38,22,18,5,24,77,127,193,104,71,46,26,40,5,20,100,99,60,21,18,5,7,5,1,5,24,30,37,25,16,7,2,6,2,6,20,31,99,60,35,18,14,11,6,32,56,138,157,70,70,36,28,25,1,21,77,136,53,26,28,21,8,7,0,8,19,22,336,176,135,80,45,57,6,38,148,231,207,85,77,48,31,19,3,13,87,126,610,290,270,117,93,79,10,62,281,368,165,92,63,26,18,15,1,18,83,90
347.75,53,38,18,6,9,10,4,6,38,46,9,2,4,1,2,0,0,0,4,6,54,18,23,12,9,10,2,8,21,30,15,3,3,3,2,0,0,1,6,6,113,46,35,24,15,7,2,5,51,52,1,0,0,0,0,0,0,0,1,1,57,18,25,5,10,7,3,5,20,30,26,22,15,9,7,5,0,5,14,15,89,54,45,31,16,18,1,13,48,71,13,8,3,4,1,1,0,2,5,17,86,47,34,16,18,2,1,6,30,33,32,14,10,7,1,3,0,2,13,17,3,0,0,0,0,0,0,0,0,0,44,31,22,12,16,8,4,19,26,94,2,0,1,3,0,0,0,0,3,0,47,28,19,16,10,7,1,8,16,21,255,111,90,48,44,27,2,27,98,136,123,62,35,26,17,28,3,14,49,74,155,69,46,33,25,18,1,11,56,86,109,41,43,14,5,15,3,11,35,53,118,56,47,12,12,21,1,17,49,66,162,80,65,20,28,28,2,23,65,138,213,100,98,32,34,21,4,19,77,99,48,24,12,10,4,5,0,5,13,17,31,24,10,10,6,5,1,6,22,25,123,36,44,26,21,12,4,22,56,121,167,68,60,29,24,23,5,30,55,101,60,33,17,8,8,4,3,5,29,33,361,191,132,74,53,52,9,44,153,199,217,115,98,50,28,35,1,25,94,130,665,337,248,143,84,93,13,64,285,352,163,64,68,39,26,19,1,11,77,98
348.25,46,32,27,14,13,5,1,9,30,51,6,4,3,0,0,1,0,0,2,5,54,26,22,9,10,8,1,3,21,37,5,6,8,0,1,3,0,0,4,8,110,77,48,19,17,16,0,10,42,65,1,0,0,0,0,1,0,2,0,1,38,29,27,10,4,8,1,4,21,29,35,16,12,4,5,6,2,8,21,12,84,40,32,23,18,13,5,12,49,69,11,8,7,3,0,2,1,1,12,21,106,37,29,21,13,8,2,5,43,28,24,14,10,6,0,4,0,5,20,15,2,1,0,0,0,1,0,0,1,0,64,35,29,24,8,10,3,24,30,86,1,1,3,0,0,0,0,0,2,4,58,20,17,8,6,6,0,4,18,21,270,114,99,55,31,36,5,27,123,138,118,45,51,21,20,14,0,15,42,63,139,90,46,26,21,15,1,16,62,68,91,53,57,28,13,8,0,11,33,57,117,65,54,23,13,18,2,7,43,67,189,74,68,37,31,16,8,15,86,127,214,120,82,38,37,27,4,21,95,109,48,20,16,5,5,10,0,6,26,23,29,22,17,7,5,5,0,3,16,33,116,61,42,26,15,18,4,20,47,114,171,88,51,39,37,29,3,20,78,120,62,42,30,13,9,6,3,5,19,26,331,198,137,80,56,47,12,41,161,235,233,112,84,50,33,33,5,29,97,152,689,353,271,142,83,80,16,78,292,337,154,88,62,36,15,22,2,14,84,81
348.75,66,21,18,15,7,8,0,12,21,51,9,5,3,2,1,0,0,0,2,6,54,29,22,9,8,9,0,2,19,31,13,11,6,4,1,3,0,1,7,11,98,52,59,23,22,12,1,15,54,56,0,1,0,0,0,0,0,1,0,3,38,22,18,3,10,3,2,7,26,26,32,13,10,4,4,7,1,6,16,13,99,43,40,15,16,11,1,15,46,76,9,4,4,0,0,2,0,6,7,13,115,36,37,9,13,14,2,6,36,32,27,11,6,4,2,2,0,3,15,10,2,2,1,0,0,0,0,0,0,3,58,25,29,20,12,12,3,19,32,83,3,2,1,0,1,0,0,0,5,4,51,22,15,17,4,4,0,3,18,24,261,132,72,30,37,38,2,28,99,161,124,61,53,20,20,18,3,12,51,68,143,67,60,19,26,15,2,13,50,67,115,38,49,19,12,17,4,4,53,59,129,67,47,19,11,19,0,14,52,59,165,83,59,34,23,24,4,24,65,113,255,114,90,42,22,25,5,26,88,102,54,16,18,4,7,9,0,4,24,24,41,18,19,10,3,1,0,9,23,38,82,65,42,26,14,26,4,28,50,100,161,90,68,28,27,19,8,16,81,123,71,27,27,15,7,5,2,6,34,31,360,188,160,66,43,46,8,37,184,212,236,103,84,58,33,23,2,29,95,162,710,351,247,137,98,89,9,82,290,354,150,76,54,30,17,19,2,17,88,109
349.25,58,26,25,6,9,11,1,7,22,45,10,6,5,2,1,0,0,0,0,1,66,27,21,13,7,17,0,3,22,37,16,5,7,2,1,3,1,2,7,13,103,59,45,19,20,17,1,13,53,54,0,0,0,1,0,0,0,0,0,0,45,27,16,13,6,6,0,5,18,32,37,9,9,7,3,4,1,4,12,22,101,40,33,22,22,17,0,9,33,72,13,6,8,2,2,1,0,7,6,12,89,48,26,31,14,10,0,6,32,42,31,20,16,7,3,1,0,2,8,19,1,0,1,0,1,0,0,0,0,0,76,40,28,12,20,8,6,14,36,96,5,0,0,1,2,0,0,0,1,2,45,27,17,6,4,10,1,4,16,27,236,137,117,52,36,35,5,26,105,124,136,48,50,23,14,16,2,10,62,68,161,82,71,26,24,23,1,17,79,62,120,57,47,21,16,8,2,12,41,58,128,49,50,33,15,13,2,13,48,59,181,98,64,29,22,15,5,28,81,128,214,107,101,38,31,25,4,20,100,107,59,23,19,9,5,3,1,5,20,26,38,21,16,2,4,5,4,7,21,16,113,59,44,19,15,9,6,32,55,106,168,91,64,31,27,33,5,17,71,118,69,33,19,18,10,11,0,2,21,35,360,171,151,63,52,40,2,41,178,207,229,115,95,38,27,26,6,30,87,140,676,356,265,138,100,95,12,75,271,339,165,64,66,33,19,19,2,18,92,87
349.75,61,26,22,7,6,8,4,12,27,50,15,0,5,2,1,0,0,0,3,2,62,33,24,10,7,8,3,8,23,31,6,5,6,1,2,1,0,2,6,7,121,54,32,22,13,23,1,15,52,38,0,1,0,0,0,0,0,0,0,2,48,19,19,9,7,10,2,11,28,32,27,23,13,5,3,5,1,1,3,15,103,49,41,22,12,22,4,16,46,62,6,12,6,2,0,0,1,2,4,12,116,38,38,12,11,13,0,5,36,31,29,7,16,3,3,2,0,4,22,15,1,2,0,1,0,0,0,0,0,0,61,36,25,10,15,17,4,20,27,86,3,2,3,0,1,0,0,0,0,2,51,30,25,4,8,5,0,4,17,19,305,151,88,58,31,24,8,25,118,159,118,65,63,32,21,4,3,16,56,61,184,79,63,31,20,17,2,12,74,81,99,51,29,31,15,13,4,11,44,59,145,62,44,16,21,8,3,14,54,69,156,71,57,31,24,23,4,20,74,120,227,109,97,44,45,33,4,26,111,132,40,26,15,11,11,5,0,6,19,37,42,16,15,12,8,7,0,4,15,35,115,67,38,28,21,16,1,19,60,113,148,104,57,39,26,22,3,25,80,121,67,38,26,7,14,10,2,7,24,34,405,172,147,93,53,37,5,56,151,217,209,102,87,41,40,30,7,26,95,120,720,356,248,142,98,82,13,59,311,388,194,79,64,27,23,11,3,16,51,94
350.25,65,29,37,14,9,14,1,10,29,62,20,8,7,3,2,0,0,1,3,2,64,22,22,13,7,5,1,5,18,32,19,6,8,3,1,2,2,2,9,10,145,49,40,13,12,10,3,15,47,67,0,0,0,0,0,0,0,1,1,0,45,20,16,10,8,4,2,6,14,34,38,11,13,5,3,2,1,1,10,17,114,52,36,17,9,23,3,11,44,57,22,17,4,4,5,2,0,2,9,15,104,52,37,11,14,15,2,8,36,33,33,17,13,10,6,1,0,3,18,18,0,1,1,0,0,0,0,0,0,1,58,34,39,20,10,12,3,15,21,75,3,0,3,0,0,1,0,0,1,1,45,23,13,11,9,4,1,4,22,24,272,144,117,71,25,33,3,28,129,136,113,65,55,24,16,15,4,18,55,65,164,85,67,29,22,27,2,16,70,86,134,60,55,26,11,16,3,12,41,59,137,47,49,22,14,7,2,9,72,61,157,82,65,29,34,20,4,23,88,113,242,131,85,52,30,21,4,26,95,124,58,21,25,6,8,7,1,5,27,22,40,23,11,4,4,6,1,4,21,28,94,49,45,31,27,19,4,22,51,113,160,77,67,32,23,25,5,22,81,117,80,36,35,18,2,17,2,3,24,27,363,212,155,90,58,44,7,51,173,216,221,98,81,58,39,40,6,20,85,123,721,337,307,133,101,92,8,65,322,393,175,84,72,48,34,24,2,10,71,105
350.75,58,30,20,13,12,10,0,11,25,42,7,3,7,0,3,1,0,1,3,1,67,29,28,5,8,8,3,5,20,25,7,11,3,3,2,2,0,1,6,7,136,52,45,24,13,14,1,7,49,57,1,1,0,0,0,0,0,0,0,1,53,27,30,8,5,7,0,12,20,25,46,12,22,6,2,5,1,5,16,16,117,60,41,11,17,8,0,16,35,74,13,9,6,3,3,0,1,3,5,14,108,54,31,24,13,9,1,10,36,34,21,19,13,11,7,2,0,3,9,17,2,0,0,1,0,2,0,0,1,2,69,42,24,16,7,12,4,22,29,80,1,0,0,3,1,0,0,0,1,3,53,31,14,11,8,5,0,3,18,23,283,135,118,53,43,39,4,29,117,132,139,66,51,22,25,15,3,10,60,77,188,94,52,45,28,27,1,6,71,59,136,59,40,29,18,8,0,10,49,67,143,61,55,28,16,16,3,3,49,59,169,80,72,41,25,22,4,21,71,111,242,122,87,50,35,28,3,25,98,126,61,27,24,11,12,8,1,3,21,23,43,21,22,11,3,6,0,6,14,26,91,62,52,15,15,23,6,17,48,117,158,89,77,29,23,23,3,29,81,114,80,30,37,19,9,12,1,6,40,28,388,183,144,69,82,44,7,41,174,220,219,111,93,40,24,19,4,20,108,135,738,325,278,164,110,79,16,68,309,353,197,103,68,21,20,24,2,11,68,94
351.25,69,40,20,12,10,9,0,1,24,46,11,5,4,3,3,5,0,1,2,5,65,19,21,13,8,8,0,7,17,32,19,7,6,2,3,1,0,1,4,8,127,54,49,27,19,8,0,12,45,77,0,1,0,0,0,0,0,0,0,0,52,23,20,9,6,9,2,4,21,32,45,13,15,12,5,2,0,0,20,17,93,72,32,24,20,13,1,14,45,68,17,4,1,2,1,3,0,2,6,11,107,49,39,20,19,14,1,5,35,39,29,13,14,5,3,9,0,4,16,9,2,0,0,0,0,0,0,0,1,2,81,37,23,12,15,15,2,14,42,89,1,0,1,0,0,1,0,0,0,2,63,35,19,9,8,7,0,5,18,20,268,157,126,46,32,38,3,33,134,161,105,59,72,32,18,15,1,9,59,73,207,86,76,33,22,26,4,17,77,85,150,56,40,25,19,25,2,15,59,50,142,60,53,34,19,20,3,11,46,56,167,85,59,47,21,16,3,23,76,139,247,123,86,44,33,29,4,23,113,122,55,34,15,8,5,4,0,6,20,25,47,13,16,9,4,2,0,6,24,23,110,64,43,31,15,21,2,20,65,112,179,70,73,37,29,23,1,16,89,101,78,31,26,13,8,4,1,6,20,40,377,194,162,91,67,63,7,35,195,213,235,119,94,54,41,42,6,25,96,129,753,382,292,165,100,90,10,72,311,357,187,103,74,35,20,23,3,12,86,108
351.75,61,38,21,11,11,12,0,9,32,51,9,4,3,0,2,2,0,1,3,8,78,28,34,11,6,10,1,8,21,27,11,5,5,0,3,0,0,4,8,14,121,66,35,26,16,20,1,12,58,63,1,1,1,0,0,0,0,0,0,2,56,26,23,9,10,12,1,6,27,31,38,16,14,8,5,1,1,6,18,12,128,40,31,23,15,18,3,19,57,66,9,5,6,6,4,1,1,5,6,22,100,59,60,19,11,13,2,9,61,42,37,6,9,6,5,4,0,1,20,9,2,0,0,0,0,0,0,0,1,1,56,23,31,19,8,12,1,16,41,83,2,3,2,0,0,0,0,0,1,2,49,26,27,11,8,8,2,5,20,20,290,145,92,56,54,38,9,34,131,145,123,69,63,28,20,16,2,15,65,61,188,100,69,29,31,24,3,13,92,79,130,66,43,25,21,15,2,8,51,61,144,76,69,22,22,11,2,12,52,74,185,95,71,36,22,25,4,23,74,139,257,123,83,50,34,26,1,23,97,101,53,28,21,10,10,9,0,5,19,28,41,18,20,6,8,4,2,8,20,25,110,57,43,21,21,24,5,25,56,123,173,89,78,50,28,22,3,13,91,99,78,31,22,15,8,5,1,8,37,43,389,206,166,64,57,53,8,51,178,238,216,122,90,52,32,39,5,27,103,123,757,415,306,152,112,94,10,76,309,391,198,94,89,36,22,21,0,17,78,97
352.25,55,19,25,21,9,11,0,14,22,50,10,5,5,1,1,1,0,0,8,4,75,38,18,19,9,8,0,2,24,24,9,5,6,5,0,4,0,1,5,6,123,66,51,30,12,20,0,6,51,60,0,0,0,0,0,0,0,0,0,1,63,23,26,13,8,10,1,11,22,31,32,23,11,10,8,6,1,3,14,24,123,64,42,17,16,17,0,11,65,75,16,7,3,6,2,3,1,2,16,14,113,55,47,23,17,12,1,6,43,44,23,6,20,8,5,6,1,5,10,33,1,0,0,0,0,0,0,0,0,1,84,36,33,18,12,18,4,12,39,74,1,1,2,1,1,0,0,0,0,1,69,27,29,11,12,4,3,4,22,35,289,131,103,51,34,42,1,25,139,152,127,64,47,19,27,29,2,15,60,58,192,101,73,41,27,21,2,16,86,82,135,66,58,23,17,6,1,11,52,51,158,54,45,27,21,14,0,7,54,82,188,106,65,30,23,20,3,17,83,121,248,135,93,45,33,31,0,16,107,126,56,26,16,8,7,11,0,9,31,28,49,25,16,6,7,4,1,4,17,32,99,62,50,30,21,19,5,24,46,122,175,89,62,39,22,31,4,27,72,123,94,41,33,16,11,5,1,5,32,40,408,185,162,85,64,39,7,32,169,237,230,127,99,52,31,28,8,26,104,140,737,402,333,165,99,104,10,70,365,396,216,84,69,43,33,32,1,23,104,87
352.75,49,33,22,14,12,13,0,14,33,53,11,7,3,4,5,0,0,2,6,4,83,37,28,15,6,15,2,5,23,23,14,6,13,5,4,2,1,1,7,13,138,74,55,21,16,11,2,9,66,57,0,0,1,0,0,0,0,0,1,2,71,29,17,11,6,5,2,8,19,28,36,17,8,7,3,4,0,2,10,16,126,56,52,27,17,12,2,10,53,66,16,7,5,1,0,1,0,3,9,20,132,61,48,14,23,10,1,3,46,33,35,15,12,7,8,1,0,4,13,18,0,0,1,0,0,0,0,0,0,3,69,46,37,15,15,13,4,11,38,87,2,0,0,1,0,0,0,0,0,1,60,33,28,4,8,4,0,5,31,28,298,150,91,66,34,37,8,22,124,156,126,39,45,26,23,18,3,12,60,87,157,96,82,33,24,20,4,15,88,86,141,80,46,20,25,13,1,12,58,68,146,77,48,47,15,25,4,11,45,52,193,105,55,38,34,24,7,16,89,112,248,145,112,53,38,37,3,27,121,113,60,28,23,8,5,11,1,5,22,26,53,31,15,14,8,6,1,2,16,31,83,60,53,27,18,9,5,20,59,112,183,96,61,41,28,22,2,23,68,113,82,34,30,15,8,10,1,6,27,27,407,216,168,94,57,53,11,36,211,208,238,104,89,61,32,30,7,25,126,146,820,373,289,162,109,106,16,57,341,386,203,122,74,42,21,25,5,18,82,93
353.25,52,33,23,9,11,7,1,12,27,49,13,4,1,2,1,0,0,1,4,5,74,35,33,12,7,9,1,5,29,30,20,14,4,6,2,2,0,4,4,5,134,68,52,21,16,14,2,15,71,74,0,0,0,0,0,0,0,1,0,0,61,23,22,11,8,7,2,8,22,29,43,16,19,7,8,1,0,2,12,22,121,62,45,15,19,16,1,4,58,82,16,7,9,6,4,4,0,1,6,19,142,62,48,17,17,13,1,4,50,57,30,15,17,7,8,3,0,2,12,18,2,0,0,0,1,0,0,0,0,1,78,31,28,17,16,9,2,14,42,77,1,1,1,0,0,1,0,0,0,1,61,19,16,14,8,6,0,1,23,31,299,139,99,57,48,33,3,21,141,164,130,54,61,24,22,23,1,20,56,91,220,94,75,38,31,29,2,13,73,80,122,71,63,16,18,16,3,6,63,60,140,76,53,25,17,14,2,12,54,62,175,103,67,51,27,31,3,10,91,120,261,138,91,70,33,35,1,26,106,142,61,26,27,13,12,4,2,10,19,28,47,26,15,10,4,4,1,7,24,25,116,39,48,37,19,17,1,28,58,123,164,104,72,40,27,19,4,22,80,106,96,51,44,16,14,8,1,7,34,44,414,212,168,92,53,63,5,34,187,218,241,124,89,56,35,33,3,30,128,134,751,423,317,165,97,108,13,62,354,391,216,105,92,43,33,26,1,15,72,92
353.75,46,23,18,10,8,3,2,11,28,54,7,5,3,6,1,3,0,0,4,5,79,38,29,16,10,3,0,7,24,20,9,8,6,3,1,2,0,1,2,9,146,73,45,26,14,23,0,15,56,65,0,0,0,0,0,0,0,0,2,1,61,33,23,11,10,6,0,6,25,23,29,13,16,8,11,7,1,5,16,11,95,60,47,24,18,10,3,10,57,54,21,6,5,5,3,2,0,1,11,16,139,57,39,17,16,16,2,8,38,49,41,19,12,5,4,5,0,4,16,12,3,1,1,0,0,0,0,0,2,1,63,45,30,18,14,8,3,8,39,68,0,1,3,1,2,1,0,0,1,4,60,23,20,14,7,9,2,1,27,27,312,180,124,56,50,48,6,27,126,154,140,46,54,31,24,23,0,14,68,63,225,107,75,34,24,24,4,16,96,86,149,69,43,27,22,11,0,8,51,76,150,71,70,28,23,19,5,17,70,67,185,91,70,37,16,30,4,28,74,132,288,124,96,39,40,29,4,22,107,127,65,26,25,12,8,7,1,5,24,27,53,21,14,6,2,8,0,3,32,25,112,63,44,34,17,14,1,18,61,95,145,81,76,30,25,30,2,22,72,121,64,30,30,16,13,14,1,5,30,37,410,224,158,80,69,71,5,35,204,202,235,138,93,54,31,41,2,20,113,151,812,354,283,181,106,93,16,73,360,397,247,115,97,44,34,25,2,19,94,110
354.25,50,40,21,13,5,11,2,8,37,53,11,5,2,3,0,2,0,0,4,6,100,45,23,15,9,3,2,6,26,35,12,9,6,7,2,2,0,3,11,7,131,52,40,27,14,13,2,10,65,74,0,0,0,0,0,0,0,1,0,0,63,24,29,13,8,3,1,5,26,30,35,22,20,7,5,2,0,2,17,20,104,70,41,22,18,21,2,10,59,65,20,4,3,3,2,2,0,0,10,14,120,62,46,24,16,18,1,3,51,40,30,14,18,10,3,4,0,2,14,24,1,0,0,2,0,0,0,1,0,1,53,28,35,16,21,9,3,13,38,77,5,0,0,0,0,0,0,0,0,2,48,34,23,13,14,10,2,3,33,18,288,158,118,57,39,32,6,19,141,159,142,79,50,29,23,22,2,12,54,77,182,100,79,45,34,26,1,11,81,79,139,76,68,33,24,15,1,8,62,60,145,89,60,29,22,12,2,14,66,66,197,99,96,42,25,26,2,20,85,117,282,152,113,52,34,36,2,28,126,107,54,41,27,13,6,6,0,6,25,24,47,24,13,14,7,6,1,1,18,32,100,49,41,25,21,11,2,15,53,124,175,111,88,40,32,28,6,25,83,129,89,38,39,21,10,9,1,12,26,45,443,201,151,89,49,59,7,46,171,212,246,133,107,43,42,31,11,29,127,142,848,410,351,163,110,115,10,68,343,393,222,104,67,51,31,25,2,20,89,115
354.75,45,30,23,13,13,15,1,3,34,49,6,7,4,3,0,3,0,2,5,4,87,44,42,19,12,6,0,8,41,32,16,6,7,2,3,1,0,0,10,10,134,62,42,21,26,8,1,11,61,61,0,0,1,1,0,0,0,0,0,0,65,23,30,17,13,6,2,5,25,34,47,20,13,7,4,5,0,2,14,19,126,69,41,32,19,13,2,16,67,68,11,11,7,1,1,4,0,3,4,20,148,61,40,20,14,19,1,9,56,42,42,14,13,7,9,1,0,5,7,18,2,2,3,0,0,0,0,0,0,0,62,61,28,18,10,18,4,21,29,71,3,1,0,1,1,0,0,0,0,2,57,27,27,10,5,15,0,3,25,37,332,160,116,71,38,49,2,25,144,133,129,79,68,28,15,20,3,12,73,74,190,81,78,26,25,28,0,17,96,68,147,67,59,24,23,22,1,17,60,63,184,70,51,38,31,19,2,10,73,64,194,95,85,51,18,20,4,23,107,119,268,154,106,49,27,36,6,13,132,134,71,36,24,10,8,5,0,2,20,25,59,29,23,9,6,5,1,3,14,28,93,57,40,22,10,15,3,17,49,114,180,68,73,50,36,36,7,22,85,100,79,46,37,25,11,10,0,12,38,30,461,200,180,83,63,67,5,36,189,226,248,119,116,38,33,31,5,28,116,161,838,387,350,162,121,93,16,74,380,430,240,91,68,45,19,24,5,23,99,103
355.25,57,25,26,15,16,8,2,14,30,40,7,7,9,2,4,1,0,3,2,5,70,42,35,15,12,8,2,5,37,33,14,3,1,5,6,2,1,2,10,8,127,74,62,31,20,27,0,9,42,68,1,0,0,0,0,0,0,1,0,0,48,39,20,6,7,16,1,8,13,35,57,20,22,4,9,5,1,5,20,16,109,57,53,31,12,13,0,14,64,74,14,5,6,3,0,1,0,3,8,18,141,58,46,15,21,12,1,10,44,49,35,18,14,7,6,4,0,3,15,17,0,2,1,0,0,0,0,1,1,0,64,38,23,26,12,17,1,17,37,72,3,3,1,0,1,1,0,0,1,2,62,29,27,15,8,9,1,3,33,22,346,152,131,64,39,36,8,32,125,159,135,67,59,34,23,23,1,14,43,92,210,105,94,44,16,17,5,15,93,99,164,60,85,33,23,16,0,9,64,70,135,94,74,29,21,22,1,9,65,62,194,99,80,40,24,23,5,34,99,120,304,140,103,56,37,38,4,21,125,138,67,35,26,10,10,7,1,3,22,28,46,27,16,5,5,2,0,5,10,23,78,56,46,19,17,15,4,24,62,89,170,96,59,47,19,36,1,20,93,136,66,42,24,26,20,9,1,9,32,36,397,235,172,76,64,56,13,36,213,226,240,121,82,56,29,31,1,23,92,150,861,444,333,191,130,96,15,73,391,430,209,114,87,36,27,28,1,20,100,91
355.75,58,39,24,12,9,10,1,14,26,41,9,4,3,4,3,1,0,0,3,4,100,32,33,17,14,6,1,5,39,27,16,6,4,3,2,0,0,2,5,12,145,81,49,28,19,17,1,13,58,70,0,1,0,0,1,0,0,0,0,0,64,35,27,9,13,14,3,4,33,26,44,20,16,11,5,10,0,1,21,15,111,65,48,24,19,15,3,12,45,70,20,11,7,7,6,1,0,3,5,9,182,74,69,22,19,21,1,9,61,54,38,21,16,4,3,9,0,1,10,21,2,0,0,1,1,0,0,0,1,1,74,46,25,16,18,7,3,22,36,71,3,1,0,0,0,2,0,1,2,0,49,37,15,12,9,4,0,6,32,36,333,159,126,62,49,32,6,28,135,155,140,58,57,30,22,23,6,9,59,68,207,104,71,43,22,29,4,12,80,79,159,73,69,37,22,21,0,10,71,65,149,70,59,32,18,18,2,13,67,63,211,110,68,50,28,26,4,24,91,134,287,143,120,65,34,33,3,27,141,132,73,31,19,12,11,11,0,6,31,24,56,26,21,8,8,8,0,3,17,30,114,72,44,34,16,20,6,25,60,95,195,97,66,39,23,20,3,38,91,117,85,35,40,16,9,20,1,4,44,37,426,247,170,88,61,61,4,43,191,236,228,123,122,50,40,18,5,30,97,143,823,391,315,158,130,109,10,83,362,423,230,95,89,33,38,24,3,20,96,98
356.25,50,32,34,13,6,8,3,7,37,55,16,3,2,3,1,1,0,1,6,7,102,55,21,19,15,10,1,9,42,27,13,10,5,2,2,0,0,3,6,9,174,73,44,18,15,20,2,17,73,58,0,0,0,0,0,0,1,0,0,1,65,34,31,21,11,8,3,5,28,32,35,27,23,5,7,5,0,2,15,21,105,79,45,19,10,18,1,8,60,66,13,8,8,1,1,1,0,3,7,20,131,81,58,33,24,13,1,6,44,54,35,19,18,14,1,7,1,3,15,15,1,0,0,0,0,0,0,0,1,1,54,30,36,14,15,14,3,13,49,64,7,2,1,0,1,2,0,1,1,1,57,18,31,9,9,12,1,2,20,41,351,157,112,49,51,53,4,25,163,156,144,65,54,36,20,28,5,15,52,87,225,98,81,36,32,30,4,21,98,100,156,70,56,33,30,21,1,15,77,70,168,82,54,39,19,24,1,12,78,82,175,97,77,37,45,30,6,21,72,133,282,173,105,54,49,39,6,21,142,130,78,32,25,17,9,12,1,5,23,29,55,25,28,8,9,10,1,0,24,29,106,57,44,32,18,19,3,16,52,97,183,77,72,39,30,24,3,26,109,130,95,41,32,21,14,11,1,7,32,50,438,238,173,105,58,55,6,45,212,231,281,129,100,65,36,37,7,33,97,163,888,477,362,159,125,119,20,87,369,400,258,117,100,56,39,25,4,18,80,95
356.75,56,27,22,7,11,8,2,11,28,43,7,6,2,0,3,2,0,0,0,4,71,43,33,11,9,12,1,4,25,43,13,9,7,4,0,3,0,0,5,13,138,86,53,27,19,23,1,15,61,78,1,0,0,0,0,1,0,0,1,0,71,30,23,17,4,5,1,7,22,34,58,22,14,9,7,7,2,8,18,18,114,56,54,22,16,17,1,15,57,76,19,4,11,1,2,2,2,3,3,16,134,83,51,26,11,16,1,12,59,46,36,18,18,8,10,6,1,4,24,12,2,0,1,1,0,0,0,0,1,1,59,40,24,17,8,16,7,13,30,60,8,1,2,1,1,0,0,1,2,0,60,34,34,11,16,9,0,11,26,29,331,196,120,69,44,45,4,25,138,160,144,85,55,32,16,22,2,17,57,72,226,112,88,41,26,21,2,15,94,106,139,69,71,43,18,23,3,20,63,73,165,75,59,28,21,24,1,11,62,73,213,106,84,42,25,26,5,22,103,129,272,153,111,48,29,36,3,30,138,139,60,30,22,9,8,5,0,5,38,28,43,27,27,4,4,3,2,8,32,25,113,58,44,21,18,17,7,14,67,90,174,96,84,49,20,24,8,26,67,109,95,41,34,27,8,10,3,8,43,47,503,214,195,109,67,47,6,47,218,238,242,146,97,57,32,37,10,29,122,137,849,433,293,177,118,95,18,67,395,481,237,150,95,48,25,34,3,16,111,110
357.25,51,20,14,22,13,7,2,10,35,39,8,8,3,2,3,3,0,0,2,7,101,40,33,16,11,12,2,9,42,28,8,9,6,2,0,2,1,1,7,5,150,86,53,26,22,14,1,15,65,74,2,0,0,0,0,0,0,0,0,1,64,36,30,14,13,10,0,5,26,37,46,26,21,10,7,4,1,3,26,13,128,55,57,30,18,9,1,11,62,74,19,6,5,3,6,2,1,0,13,9,177,81,45,38,21,8,0,15,64,55,43,17,10,7,9,2,1,2,10,17,0,2,1,0,1,0,0,0,0,1,63,31,27,14,8,17,4,13,27,64,4,1,2,0,0,0,0,0,0,2,60,37,20,7,7,11,2,6,22,32,362,179,123,64,37,39,4,21,159,150,128,79,67,40,27,20,0,16,76,83,224,105,99,65,32,33,0,12,89,99,156,84,57,32,24,24,2,11,55,81,181,80,60,30,24,15,1,9,79,70,190,99,72,38,30,29,7,23,98,131,307,164,122,65,42,31,4,26,142,134,64,31,31,11,9,11,1,1,27,29,51,19,16,14,10,7,0,6,23,31,120,50,38,28,24,26,3,16,62,107,173,118,67,47,20,25,4,24,90,102,88,41,33,22,19,12,1,9,30,44,412,228,188,76,57,69,9,47,213,225,255,142,97,52,45,36,3,33,122,145,860,425,357,191,126,125,12,80,411,430,224,134,102,52,26,25,2,27,112,107
357.75,51,28,24,16,12,10,1,10,18,38,13,4,3,0,0,3,0,0,9,7,82,44,29,17,10,10,0,7,22,39,14,5,8,3,1,4,1,4,7,12,170,79,72,26,26,18,6,13,72,89,0,0,0,0,0,0,0,0,0,1,78,23,20,12,4,9,0,5,30,23,43,29,21,9,7,5,3,4,17,13,116,67,40,21,19,13,2,13,61,55,14,11,7,5,3,4,0,0,6,16,163,65,58,33,12,14,3,7,79,53,35,24,16,10,11,12,1,3,17,12,2,2,2,0,0,0,0,0,0,0,57,35,22,17,11,12,3,13,50,58,4,3,0,0,0,1,0,0,2,1,54,28,19,10,5,4,3,5,32,37,351,187,135,74,37,41,7,25,164,190,186,75,53,38,28,19,3,22,77,92,213,121,96,38,32,25,3,15,90,86,141,95,52,31,29,25,5,12,56,75,175,106,75,24,18,23,4,7,63,76,195,90,68,35,33,33,5,26,102,140,267,140,127,66,43,38,1,23,150,159,86,34,38,13,15,9,0,6,21,28,51,18,15,15,8,7,2,5,31,33,94,63,40,34,18,23,4,15,62,93,169,76,88,46,29,24,3,22,105,129,96,55,28,20,15,15,0,8,46,28,422,218,199,118,82,64,9,46,210,242,236,139,101,62,42,31,6,25,155,152,911,409,359,197,132,139,10,72,382,436,235,104,105,56,30,38,13,19,100,98
358.25,44,27,17,6,7,13,0,9,37,54,4,5,8,0,1,1,0,1,6,9,102,42,34,13,11,11,0,11,37,31,10,6,5,0,5,2,0,3,10,7,148,74,62,35,20,19,6,16,79,68,2,0,0,0,0,0,1,0,0,1,62,27,28,18,10,11,1,10,27,28,54,25,17,13,4,4,1,4,24,19,142,73,56,31,29,20,0,11,48,82,16,9,4,8,2,2,0,0,10,19,173,90,52,21,24,23,0,9,69,56,36,22,12,9,5,7,1,3,24,17,2,1,1,0,1,0,0,0,2,1,59,39,36,10,17,14,5,17,41,73,2,4,0,1,0,0,0,1,0,1,71,26,19,15,13,8,0,5,30,34,352,201,154,90,50,29,5,35,156,169,132,68,76,30,22,25,1,20,72,92,228,116,77,53,31,32,1,22,93,112,177,88,50,28,33,27,1,13,68,65,158,66,69,37,27,15,1,11,81,68,194,125,86,45,30,30,8,18,95,124,296,146,121,76,44,40,1,35,154,143,71,36,30,16,7,10,1,4,21,26,49,27,21,10,11,9,2,9,25,32,114,56,44,18,15,19,1,24,45,87,157,80,70,55,33,28,5,24,96,118,101,61,42,18,10,11,1,7,38,35,456,253,170,100,71,60,13,52,224,275,251,119,103,51,39,44,7,36,117,156,919,477,359,180,150,126,16,77,369,432,253,123,88,51,32,27,2,24,108,116
358.75,48,32,26,7,6,12,2,10,31,47,8,3,5,5,2,5,0,1,6,4,92,60,53,18,10,5,2,4,46,25,18,3,4,1,2,3,0,3,6,11,140,95,59,29,23,16,0,9,61,75,0,0,1,0,0,0,0,0,1,0,65,26,27,13,10,12,2,2,31,32,57,22,21,8,2,9,3,2,20,19,137,49,57,25,14,15,2,13,55,77,15,10,13,2,1,3,0,2,10,21,158,80,58,23,17,11,1,3,73,57,33,20,16,5,6,5,0,5,12,18,3,0,0,1,1,0,0,0,1,0,57,33,17,11,13,4,3,10,22,68,1,3,5,0,0,1,0,0,1,4,61,37,31,6,13,10,2,6,25,30,335,197,163,57,40,43,2,27,171,180,141,76,58,37,29,24,0,14,74,75,234,110,85,48,27,30,3,13,103,112,131,78,64,29,25,24,3,10,72,76,166,91,81,36,23,30,0,13,74,80,185,128,108,31,29,30,7,30,96,134,277,165,127,71,46,41,5,33,135,147,73,38,25,16,11,8,2,5,32,25,41,34,19,12,7,4,2,3,19,36,114,54,44,23,21,19,4,14,56,102,180,97,70,53,35,27,3,25,89,111,108,46,45,25,13,12,1,4,43,41,447,209,183,99,79,74,7,47,199,267,245,130,111,56,40,41,5,22,133,153,906,453,345,185,124,115,16,75,382,422,255,118,90,50,39,20,2,24,111,124
359.25,58,34,21,15,12,4,0,7,31,47,11,6,7,2,0,3,0,0,5,4,93,52,32,14,13,12,1,6,42,37,15,4,9,0,2,2,1,3,2,11,150,77,47,34,18,22,6,13,72,90,1,0,0,1,0,0,0,0,0,0,68,27,30,25,9,5,0,7,29,37,51,36,14,8,5,5,0,3,16,25,125,62,46,27,21,26,2,8,73,89,9,11,11,3,1,2,1,2,13,8,155,80,59,24,20,18,0,11,67,51,36,23,16,8,5,5,0,0,9,18,0,0,1,1,0,0,0,0,2,1,51,28,25,19,12,11,4,5,41,48,5,3,3,2,0,1,0,0,2,3,66,42,19,18,16,13,1,9,35,34,387,177,149,60,60,34,8,20,192,172,144,88,53,29,29,18,3,19,74,74,216,124,103,50,39,19,3,16,100,95,183,87,61,22,23,27,0,12,61,71,192,85,71,51,35,16,7,18,95,61,216,108,87,52,29,31,4,21,107,150,313,125,100,59,44,35,4,28,157,161,83,38,34,17,16,10,1,5,32,36,54,42,24,9,10,5,0,6,22,34,99,49,63,18,19,17,2,18,57,90,185,88,80,33,36,20,2,27,80,132,76,43,54,22,21,8,0,9,45,60,508,236,178,105,79,84,11,46,213,254,261,138,114,59,40,44,5,27,118,145,942,458,393,192,127,142,16,94,447,459,256,128,105,41,36,30,4,14,106,138
359.75,62,26,25,18,7,11,0,7,28,36,8,1,11,4,3,0,0,4,7,6,96,42,45,21,9,8,0,7,45,39,18,9,6,4,4,0,0,1,7,8,157,91,55,46,20,13,2,11,68,88,0,0,0,0,0,0,0,0,0,0,62,37,35,11,8,3,3,8,26,37,54,25,13,12,11,4,5,6,15,34,133,67,45,19,21,21,5,13,51,74,17,10,4,5,1,4,0,6,1,19,186,104,53,22,27,15,1,6,65,53,36,21,14,8,6,3,2,2,23,18,2,1,0,0,0,0,0,0,0,0,60,19,21,15,18,9,4,18,33,65,5,1,1,1,0,1,0,0,0,0,73,32,30,16,6,10,2,4,22,43,410,188,149,75,42,40,6,26,157,179,138,76,66,38,19,20,2,11,75,73,252,121,92,45,27,21,2,16,99,113,174,79,59,25,24,25,3,16,66,76,185,98,71,38,24,29,3,17,78,75,209,114,83,39,37,26,3,22,101,142,299,136,126,51,47,42,5,24,130,167,78,31,33,18,12,8,0,3,38,31,56,35,15,12,11,14,0,3,27,40,104,63,52,38,15,17,6,20,47,90,175,99,63,39,29,27,0,22,93,133,95,39,42,23,19,14,0,7,36,45,449,225,194,103,66,73,8,41,248,269,245,136,83,75,51,48,4,29,132,150,922,485,357,186,143,133,20,81,429,419,251,132,93,46,29,32,4,17,118,114
360.25,62,35,19,12,5,6,1,6,35,37,17,1,6,0,4,2,0,3,4,5,97,62,30,27,15,13,1,11,45,43,14,5,8,5,3,2,0,1,3,6,138,74,59,33,27,24,2,17,79,82,0,1,0,0,0,0,0,0,0,0,71,24,22,19,5,7,3,9,30,28,55,21,22,12,6,8,0,5,27,23,126,63,43,31,18,17,1,20,44,72,18,7,4,3,2,3,1,3,12,11,192,86,56,37,36,20,1,10,75,55,37,18,13,8,7,6,4,0,14,21,1,2,0,1,0,0,0,0,0,1,61,37,36,9,16,17,3,10,32,59,4,1,1,3,1,0,0,1,4,2,64,32,37,16,6,13,0,3,30,36,373,189,152,82,55,49,7,27,187,196,156,57,46,41,40,30,6,17,67,80,242,112,88,54,27,34,4,19,108,116,165,94,79,37,33,15,2,21,70,63,186,87,67,42,23,25,6,9,93,84,236,100,81,55,36,24,3,21,104,126,303,159,122,56,41,35,5,24,151,165,70,43,28,16,16,6,1,9,29,34,42,33,19,10,10,6,1,9,38,28,131,70,43,23,15,19,2,23,49,98,161,92,73,48,27,25,4,17,101,141,96,50,48,17,10,12,1,11,44,34,458,231,206,107,67,71,13,56,188,251,283,115,124,70,36,37,4,33,127,165,935,512,417,220,133,134,17,78,416,421,284,130,84,58,37,36,4,22,134,125
360.75,64,25,19,10,6,6,2,10,24,47,14,8,3,2,2,1,0,3,1,8,95,50,36,23,15,8,1,6,42,31,16,6,8,4,2,1,0,1,6,13,144,78,68,33,23,17,5,13,90,82,0,0,1,0,0,0,1,1,0,0,61,36,35,16,13,18,0,8,26,46,52,30,18,6,8,5,0,7,25,14,127,87,56,27,11,20,3,20,80,83,20,12,4,4,2,5,1,1,9,11,169,85,65,38,19,21,0,13,65,45,46,20,16,8,15,7,1,2,16,17,1,3,1,0,1,0,0,0,2,2,64,31,25,18,14,13,3,10,27,50,1,2,1,0,1,0,0,0,3,2,86,28,29,14,12,9,1,6,36,35,378,198,137,71,63,45,7,38,176,216,119,88,69,34,26,24,3,15,69,96,248,146,83,46,32,19,1,19,105,98,172,76,75,30,24,29,5,16,75,54,173,98,69,32,21,26,4,16,71,92,202,103,90,50,48,23,4,21,103,127,298,157,110,70,37,38,3,30,152,170,70,40,30,19,18,12,1,10,31,23,50,18,19,12,8,10,0,4,28,29,117,58,59,27,19,11,1,21,63,111,158,97,68,41,38,12,7,18,79,109,88,51,41,22,22,17,0,11,44,43,454,256,173,103,81,58,3,58,236,252,243,133,110,66,37,35,8,25,125,170,962,493,419,190,125,119,16,82,425,427,277,155,114,49,35,33,6,21,132,125
361.25,55,32,25,14,6,13,1,12,32,56,19,4,3,1,4,2,0,0,4,2,111,57,42,16,12,10,3,4,41,40,8,1,6,3,5,3,0,0,5,7,162,82,72,32,23,21,3,11,84,90,1,2,0,0,0,0,0,0,0,1,73,41,25,17,11,2,0,7,31,35,55,26,17,15,5,6,1,1,18,22,115,68,73,42,13,17,2,7,60,79,23,12,4,4,8,1,0,3,12,9,189,93,70,37,20,21,4,11,69,67,38,20,19,9,9,12,0,4,17,17,3,0,1,0,0,1,0,0,0,1,52,35,20,19,6,10,3,10,28,68,4,3,1,0,0,1,0,1,1,1,81,39,22,18,5,10,2,7,27,27,398,200,166,76,46,48,9,30,138,148,135,69,56,36,21,25,5,13,86,90,214,110,87,52,32,28,2,17,128,102,181,83,69,40,25,24,0,14,77,83,168,112,79,41,38,27,4,16,89,83,219,96,73,55,26,33,6,24,100,130,252,173,166,56,52,33,2,29,154,157,83,38,25,16,15,18,0,11,46,36,67,26,17,7,8,10,2,3,31,23,128,57,33,35,16,33,1,17,54,95,171,99,67,40,23,32,7,25,105,136,84,56,24,19,11,15,0,7,60,35,450,259,186,95,64,60,11,54,226,262,265,141,98,47,52,39,6,31,146,166,910,501,350,206,167,119,14,88,448,490,281,136,106,53,49,28,4,23,117,148
361.75,54,24,22,13,7,11,2,9,23,40,14,7,3,1,1,2,0,1,5,6,107,51,40,23,12,12,4,5,40,35,10,10,9,5,4,3,0,1,7,9,142,115,64,34,18,21,4,17,80,91,2,0,0,0,0,0,0,0,0,1,65,34,21,21,6,8,7,9,38,43,68,41,17,9,13,5,0,2,23,24,137,68,52,27,21,18,1,12,63,69,13,7,5,2,4,3,1,2,13,10,181,95,75,40,27,20,1,5,100,81,35,25,10,11,2,7,1,3,16,21,4,1,1,0,0,2,0,1,1,1,59,26,29,14,14,16,3,13,32,64,3,0,0,4,1,0,0,0,1,1,84,48,38,12,13,18,0,6,40,35,410,222,164,104,63,46,7,40,214,187,141,78,75,27,23,24,2,10,66,96,227,124,90,51,38,22,1,20,106,112,176,82,66,30,20,29,6,13,82,59,169,94,85,31,26,19,7,22,94,93,215,117,88,49,41,31,5,30,113,111,290,148,118,78,56,37,4,33,148,158,81,46,30,15,12,9,2,12,35,26,57,29,19,5,14,9,3,3,22,20,103,55,56,33,14,15,4,17,54,90,166,125,74,45,22,26,2,17,108,105,128,47,27,20,14,7,2,9,40,35,469,268,219,98,71,77,4,50,237,294,228,155,116,76,51,42,4,32,140,167,986,456,419,175,152,133,16,72,423,503,294,119,102,51,33,39,2,25,134,129
362.25,72,31,28,17,7,6,2,6,30,53,14,12,4,2,0,1,0,4,7,13,113,52,37,26,15,12,4,4,42,43,17,8,6,1,2,4,0,1,1,11,171,69,64,27,28,17,2,12,74,89,0,0,0,0,0,0,0,0,0,0,65,37,35,18,13,11,2,10,23,42,62,36,25,15,4,6,1,2,33,20,143,72,63,32,24,13,2,12,64,70,11,11,8,4,2,5,1,2,11,15,171,77,70,31,17,22,2,11,76,61,44,14,15,7,5,9,0,7,26,24,2,2,3,0,0,0,0,0,0,1,46,43,20,10,11,10,4,16,34,66,6,2,2,0,0,0,0,0,4,0,78,33,29,8,15,5,0,8,42,32,414,185,157,82,60,47,8,39,186,197,175,70,59,38,23,25,2,17,55,105,257,141,106,50,38,38,3,19,118,117,199,87,75,41,25,33,4,18,81,91,176,96,73,47,33,27,4,21,87,84,211,112,84,42,32,30,6,19,108,134,348,174,122,85,60,57,4,22,135,157,70,51,26,12,6,15,2,5,25,40,54,32,22,11,10,8,0,8,33,35,118,48,46,20,18,11,2,15,64,105,168,101,84,46,23,33,5,24,102,130,93,70,38,28,18,26,1,18,52,48,457,227,171,95,84,59,9,58,255,254,249,155,100,61,27,47,7,36,139,157,1011,508,379,207,158,124,21,86,486,457,251,145,129,59,44,28,2,17,112,111
362.75,56,41,18,9,8,6,1,11,38,46,9,11,5,6,1,1,0,0,3,6,108,58,36,23,7,11,1,9,67,35,15,7,5,6,1,4,0,4,10,7,169,94,56,35,22,24,5,16,71,88,1,0,1,0,0,0,0,0,0,0,69,32,30,16,12,8,0,7,35,43,73,28,26,12,5,8,1,4,29,21,157,70,49,35,13,20,3,17,72,61,14,11,4,2,2,3,0,8,10,16,185,86,92,34,22,26,3,9,80,73,39,19,20,4,2,8,0,3,16,26,2,0,1,0,1,0,0,1,2,1,53,34,24,17,8,15,0,17,42,66,6,3,0,0,0,0,0,1,4,0,81,33,31,15,9,9,0,6,36,39,421,223,161,60,63,59,7,27,170,212,143,84,59,23,22,21,5,13,66,93,264,131,93,54,26,46,1,24,114,121,182,90,75,37,28,33,1,16,87,77,198,90,84,41,33,22,4,13,90,83,212,111,99,50,35,48,7,20,112,143,321,162,136,60,58,50,7,24,153,156,66,32,31,11,9,14,2,4,35,32,57,26,31,12,9,8,0,7,27,28,120,78,44,36,16,20,1,13,51,80,194,105,65,52,30,34,6,18,107,130,96,51,60,17,17,14,0,9,50,67,474,251,197,123,86,68,9,55,210,274,246,134,98,51,56,36,6,27,123,167,1027,552,402,217,128,127,15,69,442,468,286,149,112,71,29,37,5,23,115,133
363.25,55,39,34,11,13,3,1,9,15,38,21,4,4,3,2,1,0,2,5,8,121,59,46,23,19,21,1,9,58,54,18,7,12,5,3,4,0,2,8,6,156,84,67,32,22,15,1,9,86,88,1,0,0,1,1,0,0,0,0,1,68,37,36,15,13,9,1,3,34,36,55,39,27,10,4,11,0,2,33,27,132,79,42,32,17,24,4,13,86,80,17,10,11,4,1,2,0,2,9,19,199,96,90,23,23,18,3,11,82,79,45,26,20,14,2,7,0,4,16,19,2,1,1,0,0,0,0,1,1,1,57,29,25,11,15,6,0,11,40,66,0,3,3,0,0,0,0,0,4,0,83,48,40,13,11,8,0,6,29,30,431,218,150,87,60,61,4,24,211,181,148,93,56,35,22,21,6,20,81,81,278,112,96,66,38,38,5,13,116,120,209,90,75,40,26,21,3,11,86,89,174,89,89,48,21,31,7,10,93,94,201,112,93,55,39,31,5,20,103,143,309,167,112,72,51,48,4,28,144,174,64,47,40,20,16,13,0,5,46,36,50,28,25,16,6,16,0,3,25,39,102,67,50,28,12,17,2,14,65,89,179,103,61,42,34,41,5,19,111,129,92,51,34,26,8,14,0,15,43,47,485,268,195,113,76,83,5,62,259,268,259,130,109,56,44,39,5,27,121,168,1016,511,412,208,169,127,20,91,510,485,285,122,119,82,35,33,4,24,121,134
363.75,66,37,15,14,7,11,1,8,30,42,11,10,4,2,1,0,0,3,6,7,124,56,41,20,13,24,0,8,51,51,11,10,4,1,2,1,0,1,8,7,153,80,83,37,29,19,1,19,82,86,0,0,0,0,0,0,0,0,0,0,85,38,30,16,15,8,1,10,39,50,72,29,18,24,12,4,0,6,38,29,155,72,65,31,16,8,1,11,69,74,21,9,4,2,1,1,1,5,7,11,219,96,69,43,30,20,2,12,81,75,60,18,14,13,2,3,0,3,15,23,1,1,0,0,1,0,0,1,1,3,60,34,36,15,11,8,3,9,40,51,6,4,4,1,1,0,0,0,2,6,74,38,29,10,18,5,2,3,39,36,426,208,175,69,55,73,3,30,196,206,139,73,61,25,21,23,3,13,75,80,272,129,110,61,38,29,5,27,131,127,171,78,72,45,23,23,5,12,80,88,184,91,70,44,30,25,4,13,72,93,201,115,97,44,32,45,4,25,109,127,317,137,136,72,53,54,4,18,177,157,79,37,18,18,7,7,1,7,48,25,58,43,17,10,7,7,2,7,30,32,111,57,59,37,18,13,3,17,77,89,180,118,82,40,27,30,5,24,102,136,106,50,60,28,18,14,1,8,42,52,498,264,189,108,81,79,4,40,238,296,280,143,113,73,51,39,3,31,141,150,1070,531,445,198,151,142,19,89,458,518,280,159,101,54,34,40,3,17,124,138
364.25,67,27,29,17,15,13,0,9,34,52,15,8,8,1,3,1,1,1,3,6,112,48,46,19,15,8,2,9,43,51,14,5,8,3,5,1,1,2,9,11,147,99,70,32,22,22,6,12,80,75,0,0,0,0,1,0,0,0,0,0,74,49,34,12,11,13,1,7,38,47,63,31,26,13,6,11,0,3,28,41,131,76,69,32,26,14,1,12,75,65,15,8,6,7,2,2,1,3,14,15,210,104,87,31,37,24,0,10,80,56,43,20,13,7,4,1,1,6,20,32,3,0,1,1,0,0,0,0,0,0,64,29,15,17,8,18,3,22,32,52,4,1,1,3,0,0,0,0,1,1,90,40,36,23,13,10,3,8,41,37,428,221,167,78,55,49,8,38,184,179,131,82,63,33,39,29,4,20,83,100,250,151,110,60,43,24,6,17,111,116,198,86,88,38,29,26,2,27,99,69,169,100,62,48,25,32,1,13,91,85,245,118,99,44,38,34,4,26,123,106,331,155,137,68,45,44,5,31,174,172,67,43,24,24,12,17,3,8,34,38,60,30,30,11,5,8,1,11,23,32,107,68,45,21,15,14,4,15,56,92,155,92,77,44,22,34,3,16,98,138,101,42,34,26,10,17,1,7,57,63,453,273,216,106,68,69,9,47,211,273,249,149,136,68,32,42,4,27,150,164,1035,538,457,234,158,136,19,91,502,509,274,137,129,56,45,39,4,21,130,130
364.75,75,42,26,17,10,8,1,4,29,50,14,5,6,4,1,0,1,4,7,5,110,64,49,28,12,15,1,8,61,48,13,11,9,5,2,7,0,1,7,18,159,88,70,36,22,22,2,17,94,98,0,0,0,0,0,0,0,0,0,1,68,36,28,17,14,15,2,5,47,43,70,44,25,11,11,3,2,2,28,28,151,61,50,20,30,29,3,22,60,90,14,7,4,6,4,1,0,3,8,18,213,94,75,39,24,26,0,15,77,69,39,23,13,9,6,6,3,8,19,16,5,1,1,0,0,4,0,0,3,1,46,41,25,19,20,12,3,10,39,69,6,2,2,2,1,2,0,0,0,2,80,43,41,15,8,20,1,8,25,28,456,249,149,80,56,47,8,28,178,207,140,82,84,32,28,23,3,24,87,84,243,144,110,49,42,33,3,20,130,117,187,96,67,39,35,29,3,19,80,89,179,83,107,27,30,28,4,23,87,104,212,111,81,55,42,33,3,26,110,128,277,162,127,75,59,42,8,28,136,171,77,34,33,19,12,10,0,5,36,36,53,28,22,10,9,9,2,6,30,30,104,66,48,29,22,19,1,24,70,92,172,90,74,41,34,23,3,27,101,147,77,61,43,26,20,15,3,11,43,50,529,246,221,115,92,65,7,52,235,263,239,131,115,66,40,49,4,27,141,179,991,548,438,210,169,165,18,77,465,529,310,142,122,66,47,40,4,23,140,148
365.25,53,38,26,13,11,10,4,13,29,38,15,1,6,3,4,4,0,0,7,2,108,63,57,26,18,11,1,5,60,69,14,8,4,6,4,0,0,3,6,15,163,77,58,41,28,17,4,11,73,87,1,0,0,0,0,0,0,0,0,2,82,27,26,15,9,13,1,9,43,40,69,43,29,12,8,7,0,4,37,42,115,77,60,35,21,22,3,23,63,69,15,7,5,6,5,0,0,4,4,13,202,105,73,34,24,29,3,10,70,72,44,24,22,11,9,6,0,2,26,26,4,2,1,0,1,0,0,0,0,2,44,22,19,18,12,6,2,13,37,59,3,4,3,2,0,0,0,0,3,2,93,34,27,21,14,5,1,6,37,38,444,234,171,112,64,58,8,42,232,175,130,79,70,41,30,22,5,23,75,77,267,128,114,59,33,38,6,20,126,124,193,103,59,29,27,32,3,18,82,101,208,111,74,48,30,29,1,19,95,104,192,128,111,37,36,32,6,31,104,139,281,151,131,71,46,49,9,40,168,177,75,47,35,26,13,10,1,4,42,41,51,31,29,12,4,5,0,3,29,28,115,58,37,21,18,14,0,13,66,105,172,97,80,42,28,39,5,21,110,139,115,49,38,27,10,11,5,8,44,54,503,257,209,103,76,85,12,53,239,284,218,157,115,60,32,35,4,26,147,174,1047,530,426,228,149,140,16,92,513,491,266,154,126,60,43,34,5,25,145,152
365.75,60,35,22,20,6,8,1,9,29,40,15,7,7,2,2,1,0,0,8,1,120,65,50,19,16,9,0,3,46,52,8,7,10,2,8,6,0,5,8,7,173,96,49,31,26,29,1,16,77,100,0,0,1,0,0,1,0,0,0,2,59,43,32,16,14,12,0,4,30,34,54,23,25,12,7,8,0,4,28,27,130,76,53,28,24,27,5,13,77,83,13,6,3,2,1,1,1,2,6,15,194,121,80,51,27,26,1,10,71,79,39,24,19,11,10,6,1,2,22,30,0,2,2,1,0,0,1,0,1,2,43,27,28,11,12,16,2,12,44,48,4,3,1,1,0,0,0,0,3,1,77,32,35,21,10,7,1,6,42,39,409,245,204,88,66,62,4,36,201,218,167,78,54,36,24,16,2,15,84,76,265,132,117,44,31,41,6,28,132,128,197,106,99,53,28,20,4,21,89,85,186,95,78,48,31,23,3,19,110,98,213,112,85,46,29,38,4,18,113,118,329,141,140,82,56,44,6,30,139,210,92,55,35,17,8,8,2,6,43,45,50,24,23,17,8,4,0,6,27,30,117,74,56,29,20,25,4,20,72,105,172,105,72,46,27,30,8,22,88,134,108,48,37,25,12,15,0,8,57,54,474,288,235,120,90,86,7,64,267,304,230,138,111,76,50,44,4,41,135,187,1003,527,451,233,172,174,11,84,479,522,325,148,118,72,60,52,4,29,138,148
366.25,57,27,31,21,14,8,0,8,43,50,9,8,9,3,3,2,0,0,4,8,122,61,46,20,22,13,1,8,52,50,12,5,6,3,6,2,0,5,15,6,152,104,66,29,36,27,2,14,77,84,2,0,0,0,0,0,0,0,0,0,75,40,30,32,13,9,2,10,30,44,60,28,46,9,6,8,0,1,28,27,142,82,54,34,18,27,3,14,61,93,8,9,3,4,3,2,1,3,8,14,219,102,83,43,30,15,1,15,107,57,49,20,18,10,9,8,0,2,23,26,4,1,1,0,1,0,0,0,1,2,43,51,21,12,7,11,3,7,26,63,5,3,0,0,0,0,0,0,2,3,95,43,37,18,9,4,0,9,27,38,471,219,193,107,79,62,6,29,197,219,120,65,52,51,23,26,5,24,68,90,281,148,117,49,34,44,3,13,133,138,218,94,101,40,27,27,9,13,103,100,170,101,69,35,33,33,5,13,83,108,214,123,71,61,38,34,6,33,111,124,303,176,127,80,60,54,9,30,145,205,72,37,29,8,9,13,1,3,35,37,61,27,28,15,8,7,1,4,32,33,110,57,60,24,13,13,3,17,65,99,164,95,88,47,37,18,5,21,112,121,112,53,45,24,27,18,3,6,54,56,476,279,189,97,68,78,9,43,246,304,232,141,119,62,55,52,4,27,146,177,1068,539,419,237,163,145,16,79,485,545,281,157,118,71,42,44,4,24,133,124
366.75,47,32,16,10,15,13,1,13,28,46,13,3,5,3,5,1,1,0,9,9,101,54,39,32,20,11,3,11,45,45,28,9,6,5,4,4,0,1,5,12,186,82,74,43,24,25,3,13,97,110,1,0,1,1,0,0,0,0,0,0,75,45,43,15,13,10,1,3,36,36,64,37,27,15,10,7,3,3,34,22,138,83,74,38,26,25,4,12,64,84,13,8,5,2,5,0,0,1,5,13,204,114,91,47,31,31,4,10,102,104,35,23,13,11,7,8,1,4,23,14,2,0,1,0,1,1,0,1,1,0,41,34,29,12,7,12,2,10,42,59,7,4,1,0,0,0,0,1,2,2,87,51,31,14,21,13,0,5,39,42,425,204,197,104,62,59,6,41,200,232,120,101,67,31,22,26,3,16,66,103,248,136,111,59,39,28,4,25,124,137,175,98,70,39,39,25,6,14,97,92,169,88,87,45,33,30,3,15,110,82,202,111,97,63,37,27,2,23,115,147,305,155,137,72,50,61,5,35,157,175,66,44,31,20,12,12,0,7,43,35,66,30,26,11,8,10,0,10,33,39,97,70,60,36,11,18,2,23,66,86,135,95,65,38,31,35,5,28,82,107,89,53,43,19,15,15,2,8,54,65,490,263,229,126,77,78,8,45,284,276,212,125,98,57,51,43,5,40,146,167,1017,563,487,248,170,184,17,101,514,543,274,159,120,55,36,35,2,14,123,150
367.25,52,34,29,15,11,5,0,10,27,43,13,6,9,1,2,3,1,3,4,8,125,63,55,30,25,12,3,10,59,53,17,7,4,7,1,2,0,0,5,10,170,78,80,43,15,25,5,14,71,95,1,0,0,0,0,1,0,0,1,0,78,42,32,17,17,20,1,6,36,44,74,33,26,13,8,8,0,4,29,33,136,61,51,42,21,18,1,13,60,95,13,12,2,0,0,2,0,1,7,9,199,103,97,55,35,22,3,15,92,93,32,21,22,4,3,7,1,7,15,17,3,3,0,2,0,0,0,0,2,1,50,27,10,14,10,6,3,11,21,61,6,1,0,0,0,0,0,0,2,3,76,48,37,13,17,13,0,4,35,39,399,229,181,90,70,65,8,34,237,223,123,79,67,24,31,34,8,17,87,97,259,154,109,60,39,37,5,19,129,145,221,95,78,50,28,24,2,24,83,110,165,80,69,49,28,23,3,19,82,85,201,147,103,46,41,44,3,25,109,137,275,175,137,59,52,38,1,46,153,201,92,56,37,18,15,9,0,4,46,38,72,35,24,13,7,7,0,5,26,28,102,58,50,27,17,15,3,21,69,97,168,102,63,39,31,35,5,23,92,155,100,50,41,19,15,21,3,10,46,52,469,249,214,108,86,68,7,60,277,310,256,135,95,56,49,54,5,33,147,174,974,530,417,262,187,149,25,119,503,603,245,161,123,84,45,38,6,28,146,153
367.75,40,37,23,15,8,11,1,12,37,46,17,11,7,3,2,2,0,0,5,5,112,59,49,12,15,15,0,8,57,52,9,7,8,4,1,1,0,1,5,7,152,84,66,48,22,23,4,20,90,99,0,0,0,0,0,0,0,0,0,0,69,27,27,14,23,10,2,4,52,35,66,33,29,10,8,8,1,3,30,17,107,76,57,28,26,15,2,12,58,83,12,7,8,2,2,5,0,2,15,13,234,97,90,54,47,26,3,22,102,93,33,16,13,11,5,4,0,4,21,25,3,2,0,0,0,0,0,0,1,0,41,30,20,8,7,13,3,12,40,53,5,1,2,0,1,1,0,0,3,0,83,43,24,19,14,20,2,4,38,24,426,260,173,91,73,44,7,40,207,208,145,83,63,42,33,21,1,15,89,116,225,146,118,63,55,43,6,27,129,151,188,91,70,44,36,27,3,19,88,100,164,102,74,54,34,44,3,13,80,100,195,112,84,55,25,45,4,23,114,152,300,170,129,71,40,55,5,31,160,173,93,41,32,18,10,12,2,10,38,39,53,29,31,14,13,6,1,4,26,32,94,62,49,25,20,14,4,15,62,103,150,101,83,42,33,36,2,21,93,140,77,58,44,17,13,11,5,9,57,65,463,284,222,127,89,68,12,52,245,319,209,134,104,63,50,38,3,36,136,158,1018,554,395,251,180,175,16,96,505,582,282,161,125,64,47,43,5,27,167,166
368.25,43,28,25,14,12,15,4,7,29,31,20,4,5,1,7,4,0,1,6,7,126,76,46,22,16,14,0,7,52,55,13,2,8,4,2,3,1,2,10,12,172,80,78,44,28,28,2,12,87,84,1,0,0,0,0,0,0,1,0,0,66,36,50,18,11,13,1,7,38,49,72,35,25,11,15,9,0,6,30,34,106,66,72,26,25,12,1,15,86,75,12,10,5,2,2,3,0,2,9,18,216,118,94,47,31,24,5,10,97,81,40,23,18,8,12,4,2,1,23,20,3,2,3,2,0,1,0,1,1,0,48,31,20,13,12,17,2,8,25,48,4,1,3,1,0,0,0,1,2,4,105,42,35,27,12,15,2,7,36,50,387,184,201,108,71,60,10,35,210,241,149,76,59,28,31,24,1,23,72,101,243,121,93,78,50,37,3,21,144,150,194,110,88,53,29,23,4,9,84,102,175,88,71,56,31,30,1,15,84,110,213,114,105,47,44,29,6,26,108,162,284,162,156,73,59,55,6,32,147,163,73,47,31,11,8,6,0,11,45,47,62,39,34,19,10,4,1,1,28,38,97,53,53,33,27,11,1,16,65,95,169,65,69,54,34,23,7,32,96,117,109,70,48,32,20,15,0,11,54,64,446,259,219,107,105,85,8,45,293,302,224,146,98,62,43,39,7,24,123,192,992,538,455,236,171,150,24,76,551,606,263,167,105,64,56,37,1,27,128,141
368.75,54,35,26,16,12,10,0,7,32,38,16,8,5,3,0,2,2,0,9,1,128,62,44,27,16,22,2,7,58,60,7,6,1,8,2,8,0,1,3,8,137,113,63,31,25,29,0,12,76,70,0,0,0,0,0,0,0,0,1,1,66,30,36,19,15,15,3,11,37,40,66,32,21,14,13,8,2,5,29,34,118,70,51,35,22,35,1,14,74,79,13,7,6,4,3,1,0,0,4,17,237,108,73,38,33,32,2,16,105,92,45,23,21,13,5,8,2,6,27,22,4,0,0,0,1,0,0,0,1,1,40,24,21,21,10,9,0,14,40,61,7,5,1,1,1,1,0,0,5,0,84,56,39,22,14,16,1,11,43,32,392,204,178,109,86,70,7,46,245,181,122,76,53,31,21,21,2,21,81,82,264,148,104,71,42,40,7,19,135,145,192,108,88,41,23,33,9,18,74,102,151,105,80,42,28,31,6,17,104,99,190,107,97,51,33,32,5,25,116,158,273,147,138,85,48,51,6,32,143,168,68,43,33,12,13,7,2,10,42,44,57,25,24,12,6,9,1,8,39,43,83,61,41,30,16,16,4,24,54,88,141,97,70,44,28,29,3,30,92,143,70,55,57,17,9,16,1,11,54,55,432,261,207,119,78,97,11,54,264,305,195,147,104,65,47,44,5,29,142,200,953,497,477,252,167,173,20,92,494,572,252,164,122,67,44,45,1,31,125,149
369.25,44,37,19,16,10,10,0,6,23,45,10,8,7,4,2,3,0,0,11,5,118,60,50,29,19,25,2,5,61,49,9,4,3,1,3,3,0,5,3,9,142,78,67,44,28,23,1,19,88,83,0,1,0,0,0,0,0,0,0,0,60,38,42,25,9,15,1,10,33,35,69,34,29,13,15,5,0,9,26,28,141,65,56,38,30,25,0,10,88,83,18,5,3,4,0,3,0,1,5,16,216,106,78,38,27,34,0,11,102,89,47,19,17,9,8,5,2,4,25,20,2,1,0,0,1,1,0,0,1,2,38,25,28,14,7,7,2,8,26,49,3,3,6,0,2,0,0,0,0,3,71,52,33,17,12,9,2,4,36,36,390,232,168,88,83,63,8,35,210,220,103,68,67,38,28,35,2,24,82,97,249,137,102,67,29,34,5,30,123,148,192,95,102,52,32,25,5,23,89,81,169,84,68,32,35,20,1,27,84,130,186,117,84,52,28,27,3,35,127,141,284,185,145,98,55,49,2,32,155,177,51,46,31,15,14,9,0,2,48,37,57,38,25,15,9,8,1,7,28,45,95,42,39,22,24,25,8,22,79,91,130,95,71,50,41,40,6,19,84,136,94,50,44,24,26,13,0,10,32,53,449,241,215,120,93,88,13,48,270,311,200,112,103,68,37,43,4,30,151,161,999,600,447,259,196,174,18,127,470,584,263,160,129,81,63,47,6,19,146,145
369.75,51,21,18,16,7,13,1,12,38,47,16,13,6,2,3,1,2,1,3,9,128,59,59,25,18,22,3,10,60,64,9,7,10,6,1,1,0,2,7,6,137,87,68,36,34,26,3,8,92,92,0,1,0,0,0,0,0,0,0,0,57,39,27,23,8,12,0,13,35,48,70,29,25,15,11,14,1,4,41,31,121,73,56,33,25,22,3,17,79,89,13,6,15,4,1,4,2,0,13,10,211,122,97,35,28,24,3,11,100,86,44,28,16,9,3,3,1,7,20,20,4,2,0,0,0,0,0,0,1,1,41,28,22,11,12,20,1,10,34,57,3,2,1,2,1,0,0,1,1,4,61,46,32,17,14,14,1,2,43,40,401,224,184,81,76,95,9,49,192,225,96,78,63,42,22,21,2,16,68,98,238,120,107,66,42,42,6,28,156,157,175,92,72,49,50,31,3,19,103,126,156,82,75,38,27,28,7,21,106,137,183,118,92,60,27,46,5,27,130,143,297,150,127,70,66,58,7,28,186,199,70,39,42,13,18,14,4,5,44,42,51,33,34,16,14,12,2,6,33,32,98,53,31,36,26,17,0,15,61,101,143,80,64,37,34,20,3,20,83,114,99,42,43,22,17,19,0,11,53,59,422,251,187,116,100,86,5,54,225,284,183,136,99,59,39,44,4,37,132,166,904,551,441,267,196,152,20,106,542,609,254,125,119,61,53,51,7,28,179,143
370.25,36,33,27,11,6,7,1,7,31,43,14,8,2,5,1,6,0,1,6,6,124,64,58,23,20,14,2,12,58,55,17,8,5,4,3,4,1,5,7,16,144,95,65,37,30,22,4,16,106,96,1,0,1,0,0,0,0,0,0,1,61,40,28,21,11,11,1,9,35,46,68,33,29,16,16,13,0,8,39,33,134,68,44,36,26,17,3,15,81,82,15,4,8,3,1,1,1,2,7,8,198,128,110,47,33,33,5,20,100,108,34,26,25,8,3,7,2,4,32,18,2,2,0,1,0,0,0,0,2,1,52,36,18,18,8,13,1,19,21,60,2,2,0,1,0,2,0,1,1,6,83,43,45,17,15,13,3,12,42,46,382,220,179,98,70,63,7,36,204,236,124,72,49,38,26,28,4,18,83,117,253,152,115,55,36,31,6,24,128,158,165,120,69,33,39,27,2,24,83,99,159,99,84,43,38,34,2,22,92,101,191,122,89,62,33,33,2,20,106,160,275,173,119,81,46,52,4,32,150,223,85,45,38,14,8,6,3,7,46,42,58,27,33,13,15,8,0,5,30,36,76,54,43,18,21,21,3,18,66,92,116,81,59,46,29,27,6,28,97,149,83,50,30,22,14,10,3,4,47,63,402,278,225,127,74,67,14,61,241,326,198,124,113,56,26,55,1,47,127,195,883,552,385,248,169,181,11,115,509,614,275,171,135,70,64,52,5,27,161,153
370.75,43,17,22,11,10,6,0,12,25,54,14,5,11,1,5,1,0,3,12,5,108,73,40,33,25,17,4,8,60,53,8,7,4,1,1,3,0,2,10,8,125,78,69,45,24,22,4,17,86,112,1,1,1,0,0,0,0,0,1,0,64,39,37,23,14,6,1,10,28,47,64,41,34,20,9,16,0,13,35,19,119,72,61,30,23,27,5,13,72,76,9,10,9,5,4,2,1,2,9,15,207,116,90,38,53,34,1,15,111,101,49,20,25,12,4,2,1,5,18,32,2,3,0,0,0,0,0,0,1,1,44,31,16,15,8,8,2,16,35,49,4,1,0,0,1,0,0,0,1,0,81,49,31,13,14,8,1,11,44,53,391,218,170,94,88,74,7,33,216,236,121,65,46,40,23,27,1,25,87,110,252,144,117,75,42,39,4,25,135,147,194,116,92,37,24,34,0,16,91,113,144,120,79,51,39,21,4,22,83,109,196,124,92,46,40,26,6,31,113,137,284,161,141,79,50,50,5,35,163,196,74,39,28,22,12,16,0,12,45,44,62,28,21,14,17,16,1,9,32,35,83,56,41,24,13,22,1,12,60,77,120,79,65,40,24,29,6,22,86,138,106,46,33,21,27,17,1,9,51,64,401,245,185,135,79,96,9,54,269,312,198,111,86,48,50,46,4,33,149,183,887,543,422,261,156,168,18,116,554,625,290,149,105,73,55,50,6,19,159,171
371.25,53,30,29,7,11,9,1,7,38,46,13,7,5,4,3,1,0,2,10,7,107,56,66,38,18,18,3,7,61,72,13,5,7,3,4,2,1,2,5,9,138,71,70,35,32,20,3,20,92,98,3,0,0,0,2,0,0,0,0,2,67,34,23,13,18,16,1,9,39,39,46,47,29,16,8,13,1,11,46,40,95,61,56,34,20,19,2,15,71,102,12,4,6,4,3,5,0,2,9,7,203,96,86,54,43,38,1,17,115,98,42,25,20,13,8,4,3,3,24,31,2,3,1,1,0,1,0,0,1,1,27,32,16,16,7,8,1,7,29,70,3,1,2,0,1,0,0,2,2,4,98,50,42,19,23,12,2,11,40,31,340,231,189,95,85,79,5,42,235,262,122,68,55,34,19,26,3,19,79,103,224,144,113,75,47,34,3,25,126,158,178,114,78,43,24,28,5,17,131,108,162,92,63,43,28,36,6,13,91,107,158,94,73,45,36,35,2,32,136,178,275,162,140,94,66,39,11,28,159,194,71,33,30,17,12,11,3,4,38,35,47,27,29,19,8,10,2,8,20,54,81,57,50,27,18,24,2,15,62,81,123,85,63,36,35,31,3,28,98,130,88,54,37,23,15,20,1,13,46,69,394,241,205,97,78,75,10,56,260,347,199,124,91,57,37,38,4,28,134,179,859,526,451,246,178,172,16,103,559,640,237,151,115,76,50,56,7,26,134,167
371.75,37,27,25,11,9,9,1,9,40,44,15,10,9,5,1,7,0,3,8,5,99,55,57,28,23,13,2,12,70,77,5,13,2,0,1,4,1,2,4,5,117,89,51,36,31,32,1,12,79,93,1,2,1,0,1,1,0,0,0,0,46,44,30,23,13,11,0,9,46,47,89,33,28,16,11,11,2,9,34,33,112,66,52,38,30,25,4,8,57,91,8,14,8,7,2,2,0,2,8,13,216,115,79,38,31,46,1,12,118,100,43,19,16,15,4,3,2,6,25,24,3,2,3,1,0,0,0,0,1,0,48,28,21,18,5,16,0,9,42,37,5,1,1,2,2,0,0,0,1,1,70,36,43,20,15,31,1,6,41,38,351,216,176,105,70,76,6,62,209,264,126,86,67,28,26,24,4,18,96,85,243,123,104,75,49,34,9,27,131,137,184,112,81,43,22,27,4,18,83,112,148,83,78,44,23,43,3,29,92,128,192,98,83,50,33,35,5,31,107,162,236,169,117,69,51,57,9,34,159,201,59,41,38,21,11,12,3,7,38,49,53,32,28,22,7,7,0,4,30,33,76,57,39,31,31,15,4,23,53,103,125,83,67,40,34,39,7,33,81,124,74,39,40,24,17,16,3,10,47,56,362,225,201,112,88,72,16,58,249,342,181,127,94,56,39,42,5,24,136,173,900,520,402,243,178,153,30,115,555,621,238,156,131,74,57,43,3,26,161,192
372.25,44,33,25,10,7,9,2,14,38,42,14,9,5,2,1,3,0,0,5,9,108,60,52,30,21,21,1,12,73,67,12,6,5,2,0,1,0,5,8,9,122,75,59,33,21,35,5,22,81,130,2,0,1,0,0,0,0,0,0,1,56,33,25,20,20,15,2,8,25,37,74,32,29,11,16,10,1,8,33,41,97,77,49,32,32,27,3,21,78,98,8,6,9,4,4,4,0,7,7,18,226,127,97,42,40,40,4,17,106,110,44,30,13,13,8,1,0,5,12,22,5,0,0,0,0,0,0,0,2,0,41,25,20,14,6,9,3,9,29,52,5,0,0,1,0,2,0,0,3,3,71,50,46,24,9,12,3,8,42,59,369,228,141,110,79,71,10,37,191,235,107,66,62,32,27,37,3,18,80,98,214,140,124,72,45,49,7,25,157,149,180,100,78,48,29,33,3,19,116,103,133,104,73,53,39,29,2,19,91,100,169,108,82,57,31,30,2,26,98,141,259,182,130,81,51,62,5,23,152,184,66,27,32,22,12,11,0,3,40,50,58,25,27,14,7,14,1,9,35,31,82,57,40,13,18,25,3,17,60,97,116,76,55,36,19,23,3,29,96,130,80,62,41,18,18,17,0,9,48,63,392,216,201,99,92,85,13,56,257,324,186,124,90,72,46,44,5,30,118,174,879,521,440,289,168,183,14,103,544,627,259,159,121,65,47,40,7,28,151,184
372.75,52,32,24,14,12,8,2,3,27,46,17,9,8,4,1,1,1,1,7,9,96,74,43,30,21,31,2,11,50,69,15,8,6,6,3,3,0,3,6,9,143,68,65,41,32,31,4,18,83,103,2,0,1,0,0,0,0,1,0,0,57,40,25,11,11,14,0,7,38,53,57,32,31,16,8,14,1,9,43,39,95,69,62,36,21,25,4,14,84,98,10,9,5,3,3,3,0,2,4,12,193,92,89,46,42,35,0,18,108,101,35,33,17,10,11,7,0,3,17,30,0,2,0,0,1,0,0,0,2,2,27,22,17,12,5,6,0,11,35,43,3,1,4,0,0,1,0,1,1,2,94,37,30,22,13,9,0,8,59,53,383,242,178,100,76,73,8,42,214,277,106,72,43,33,25,28,3,25,61,112,232,114,112,49,53,41,3,23,132,144,186,101,73,60,43,29,3,19,90,88,118,91,71,36,29,31,2,16,91,139,192,120,84,43,44,36,2,22,104,152,261,159,140,84,55,56,6,30,163,215,69,32,23,17,21,15,1,14,32,59,51,25,22,19,11,7,1,5,30,31,83,61,30,29,20,15,3,13,58,93,126,66,55,24,20,31,6,17,81,127,73,51,30,23,19,18,4,15,54,57,371,236,185,129,75,92,8,47,242,324,165,102,77,47,51,43,11,37,119,157,864,522,403,241,190,183,15,149,568,605,261,153,99,69,52,40,5,26,161,164
373.25,42,21,17,11,12,9,2,13,39,44,17,6,5,7,2,2,1,1,5,8,105,72,43,25,27,20,3,9,63,61,18,5,7,3,2,3,0,2,12,8,146,79,52,38,30,30,4,15,78,111,2,0,0,0,0,0,0,1,2,0,58,38,17,18,14,13,2,7,39,45,59,31,26,19,12,7,0,4,26,39,120,77,47,33,11,24,2,16,75,89,17,5,3,3,2,2,0,3,8,12,194,102,102,47,34,38,2,13,118,120,35,20,20,9,8,9,1,4,18,29,4,0,0,0,0,1,0,0,5,1,27,20,21,10,7,7,6,11,23,49,7,4,3,0,1,1,0,1,2,3,72,41,48,33,19,8,2,8,46,44,366,201,158,125,74,88,8,38,209,232,102,78,60,34,22,28,0,22,70,100,227,140,90,58,34,35,5,24,154,180,171,104,94,41,33,37,3,16,131,132,124,102,78,51,39,35,2,19,93,104,160,110,100,60,31,30,5,37,109,160,283,146,122,76,59,57,10,39,173,228,56,43,40,24,12,15,0,9,38,49,54,27,25,20,13,8,2,7,34,37,73,35,35,22,16,15,3,11,59,88,119,86,61,34,19,34,1,37,98,128,104,48,41,22,15,19,1,9,61,66,383,244,172,120,73,79,8,60,213,325,189,119,84,57,40,46,9,34,128,196,819,484,418,230,183,172,22,112,525,630,226,146,112,69,50,57,1,41,138,186
373.75,45,21,30,11,9,8,0,7,31,46,16,10,9,6,4,5,0,1,5,5,99,66,47,30,16,18,4,11,68,68,8,5,3,5,5,4,0,2,5,6,113,78,66,36,23,30,5,13,88,119,0,3,0,0,0,0,0,0,0,0,50,30,17,10,8,12,3,11,29,42,51,39,31,13,14,12,1,3,28,36,94,54,62,24,24,14,3,9,58,96,14,8,4,1,2,1,0,1,7,13,209,127,81,47,35,52,2,23,99,98,32,20,18,12,11,8,2,5,22,21,1,2,1,0,0,0,0,1,0,2,27,19,21,17,5,10,3,13,30,50,5,4,2,2,2,0,1,0,4,1,79,45,36,17,16,14,0,2,40,47,326,182,162,103,83,71,6,51,228,265,107,49,55,29,34,27,5,17,90,93,203,143,96,57,51,62,3,21,130,157,168,93,77,43,39,32,1,27,103,117,133,76,46,41,32,33,3,25,99,107,188,100,81,53,43,31,10,23,110,155,232,166,124,76,55,56,12,34,178,229,76,48,30,23,18,13,3,11,42,51,39,35,30,19,5,12,0,7,16,40,71,43,43,23,31,19,1,17,53,85,124,73,51,41,33,22,3,33,70,136,86,52,33,26,21,12,6,11,48,64,396,251,183,103,71,81,17,63,250,347,171,117,74,62,43,32,7,37,121,197,821,488,400,218,181,165,26,105,533,645,235,147,108,64,46,51,6,31,139,158
374.25,38,24,18,15,6,11,4,14,28,28,20,6,5,2,2,3,0,1,9,7,100,60,52,20,22,19,3,22,50,79,7,5,7,5,1,3,0,1,7,10,130,86,77,40,30,23,3,12,75,112,2,0,1,2,1,0,0,0,0,0,59,27,20,13,8,18,3,4,37,47,57,29,35,15,9,8,2,4,32,49,103,77,56,35,17,24,4,23,74,97,19,12,3,2,1,1,0,2,7,11,193,114,72,60,27,33,1,22,105,95,36,17,15,4,5,14,0,5,18,20,2,3,1,1,0,0,0,0,3,2,35,26,14,8,6,10,6,15,24,46,7,3,3,1,1,0,0,0,2,2,78,37,29,19,15,25,2,9,49,36,331,229,178,107,69,69,12,49,206,239,95,71,51,38,21,24,4,20,90,114,248,134,104,63,35,44,8,29,136,148,178,103,92,46,33,52,1,30,118,118,135,80,61,40,33,29,5,24,92,110,151,85,76,58,36,29,4,31,112,151,252,167,110,81,47,50,6,43,163,227,71,42,28,17,12,18,2,6,36,37,38,24,23,12,12,10,0,10,30,38,67,47,38,17,12,20,8,13,42,98,107,84,67,43,24,25,5,25,85,134,83,39,50,28,18,12,5,15,53,63,392,228,186,135,94,100,15,46,263,333,158,106,91,64,35,34,6,45,113,204,775,495,426,247,159,176,27,104,521,700,207,140,109,55,43,50,7,28,134,172
374.75,40,31,22,17,13,11,1,12,25,37,16,14,4,2,2,2,0,2,4,8,102,49,56,27,18,16,1,8,59,65,12,4,7,5,2,1,0,4,14,13,120,69,63,29,22,41,2,16,80,118,1,0,0,0,0,0,0,0,2,0,52,39,28,10,12,12,1,8,33,44,51,44,21,19,16,14,2,10,36,42,92,56,51,31,24,22,4,15,57,99,13,7,2,2,0,4,0,2,11,10,198,129,86,54,56,44,4,20,132,134,41,23,15,9,7,10,2,3,26,35,1,1,3,1,0,0,0,0,2,2,29,22,10,10,6,7,6,14,29,40,6,3,3,2,0,0,0,0,2,3,79,38,32,27,13,19,2,13,44,42,358,202,168,107,57,74,6,52,221,264,98,66,38,37,24,14,4,21,69,110,223,138,132,80,47,50,2,25,138,150,153,102,100,47,38,43,0,21,91,109,154,65,64,45,29,33,1,18,103,120,169,112,69,48,30,35,3,35,113,139,244,149,125,52,49,56,8,45,166,222,72,42,31,18,12,15,1,6,46,49,46,38,19,32,10,13,1,12,39,46,71,35,49,32,16,21,6,17,48,89,120,64,63,38,31,30,4,18,77,149,93,55,38,16,18,15,0,9,64,53,375,231,181,130,91,78,19,56,233,323,179,105,77,45,34,48,8,32,134,175,705,481,392,237,158,181,20,106,536,642,248,126,111,73,49,35,5,33,190,185
375.25,43,29,13,21,9,17,2,5,18,36,15,10,3,5,1,2,2,3,8,10,108,69,36,31,16,29,1,5,67,62,16,9,6,6,0,4,0,0,6,14,116,81,53,33,21,31,4,25,82,94,0,1,0,0,1,2,0,0,0,1,50,39,30,18,8,14,1,9,29,45,63,27,20,29,11,16,2,6,38,33,123,66,37,31,22,21,2,16,66,81,9,6,13,4,5,4,0,3,6,17,191,127,90,54,46,44,3,14,98,115,37,19,19,10,9,9,1,7,26,22,3,1,2,0,0,0,0,0,1,3,26,19,18,9,9,3,1,11,28,52,5,1,1,1,0,2,0,0,1,4,72,38,38,24,15,13,1,8,40,52,323,218,176,105,77,76,5,42,219,256,93,59,48,39,16,21,4,22,64,111,246,121,90,52,48,46,4,29,126,173,168,93,63,44,41,26,3,17,126,128,131,82,67,50,16,25,3,22,83,115,143,104,71,46,39,31,2,29,112,160,256,135,117,60,61,51,8,45,145,203,54,46,30,22,9,16,0,10,49,45,44,27,13,19,11,16,1,8,29,36,65,54,26,28,18,21,4,17,46,90,110,64,62,40,21,32,4,20,76,114,69,42,43,24,25,24,5,20,54,58,345,232,156,118,95,67,6,67,215,343,150,106,89,61,45,26,6,38,126,171,748,452,399,263,171,178,27,119,532,665,210,121,89,54,50,51,6,32,140,165
375.75,33,27,22,15,8,10,1,7,29,38,7,8,10,2,6,3,0,1,10,9,92,58,59,35,15,20,1,11,49,72,13,3,4,3,3,1,0,3,7,8,133,86,47,37,27,28,2,18,72,101,0,2,1,0,0,1,0,0,1,1,61,37,19,25,12,13,1,11,27,50,57,30,34,13,4,10,0,3,43,39,84,60,66,29,32,20,1,24,78,95,16,4,3,5,4,1,1,3,8,13,162,128,90,58,35,30,3,25,105,99,43,27,22,7,5,7,0,5,22,21,2,0,1,0,0,0,0,0,1,2,25,13,12,10,10,4,1,9,21,52,3,3,1,0,2,0,0,0,3,2,65,43,36,27,13,19,2,8,44,61,338,198,179,95,78,76,12,57,207,287,95,56,54,25,20,21,2,20,62,98,216,125,110,67,45,46,5,39,129,186,157,125,72,46,32,28,0,23,105,100,121,91,63,45,29,25,3,22,93,140,153,98,80,55,34,41,2,26,120,142,226,129,129,76,45,38,5,38,156,219,75,38,28,20,20,17,0,10,44,70,53,34,18,16,6,9,1,7,24,41,67,47,35,28,14,24,10,21,67,93,117,83,49,33,26,27,2,32,82,128,83,45,41,18,17,21,3,9,48,75,381,212,170,99,100,98,12,51,227,313,149,97,84,47,26,60,9,31,122,166,758,483,384,256,201,156,18,100,548,625,196,128,111,68,33,68,10,36,125,154
376.25,36,30,13,8,11,13,2,6,39,51,17,7,8,4,1,3,1,1,8,12,86,70,50,31,17,16,0,13,57,77,9,10,3,2,2,1,1,3,11,15,109,80,61,45,26,17,3,17,95,108,0,1,0,0,0,0,0,1,0,0,45,39,23,26,6,11,1,14,44,73,52,39,35,10,11,14,3,7,27,44,92,44,37,40,27,17,3,10,80,104,8,6,2,3,3,2,0,4,9,9,185,126,98,45,33,45,1,28,103,132,34,23,9,8,5,3,3,8,21,31,2,2,0,0,2,0,0,1,2,1,32,8,12,11,4,8,3,6,23,57,6,3,1,0,1,2,0,0,0,3,63,46,41,20,8,8,1,6,36,61,321,198,176,123,90,72,9,57,260,275,87,49,48,42,23,19,5,18,52,100,208,113,89,54,51,49,3,28,140,187,184,110,67,53,30,30,8,28,93,143,134,69,62,40,24,35,5,21,98,132,157,97,79,32,30,33,2,31,117,147,204,132,109,78,55,46,5,41,140,231,66,38,34,21,16,12,2,14,39,44,52,19,28,16,12,11,3,4,25,28,60,32,34,27,10,18,5,14,46,88,96,64,44,31,23,22,4,33,77,135,81,53,42,24,13,27,3,10,41,67,325,217,160,113,82,80,13,47,238,339,161,98,81,44,30,24,7,28,102,177,734,477,350,257,185,208,21,140,501,692,209,158,105,59,38,48,8,33,147,187
376.75,38,21,19,14,7,10,1,5,28,44,14,5,6,5,2,3,0,1,7,9,98,63,35,30,18,21,1,16,70,56,10,6,5,1,2,1,0,1,4,13,111,83,51,37,27,28,4,26,99,123,0,1,0,0,0,0,0,0,1,1,53,32,29,16,9,13,1,4,38,62,74,31,18,20,12,13,1,4,29,39,68,57,57,31,19,21,3,19,81,77,12,9,10,4,4,3,0,4,7,10,195,95,96,53,47,35,7,27,131,106,30,33,18,15,6,10,0,3,29,26,2,2,2,2,1,0,0,0,1,1,25,20,11,9,6,8,2,17,27,40,1,2,1,0,1,0,0,0,1,5,73,42,33,14,13,10,0,8,42,36,330,187,147,101,70,67,9,52,224,281,97,57,29,23,19,29,6,16,58,114,202,119,116,57,45,40,4,30,126,160,167,109,65,47,36,24,4,27,82,115,96,81,66,49,19,33,4,16,82,123,148,90,66,51,31,43,6,26,91,142,222,167,112,64,55,61,11,48,139,202,46,38,34,22,14,15,4,12,48,59,37,24,21,9,3,9,2,3,33,33,55,35,33,24,24,15,4,21,56,73,98,68,68,32,17,34,6,17,88,99,67,47,29,22,16,20,3,19,62,58,325,241,158,123,67,96,19,71,226,349,148,98,54,44,40,42,4,33,117,175,723,431,343,260,174,178,21,132,503,656,230,126,109,81,42,32,5,30,138,190
377.25,31,29,16,9,6,15,0,12,30,48,12,5,8,3,2,2,0,4,11,13,90,58,43,36,20,12,8,12,61,70,7,6,7,2,2,4,1,6,7,6,102,54,54,40,23,25,0,21,62,96,1,0,0,0,0,0,0,0,1,2,34,22,15,9,9,11,1,8,36,52,60,40,24,16,7,9,1,7,46,35,80,68,41,37,17,19,5,11,66,99,4,9,4,2,0,3,1,3,4,6,210,78,100,39,31,34,4,30,106,121,44,20,15,9,12,8,1,6,25,23,3,1,1,0,1,1,0,0,1,3,29,20,14,11,6,7,2,5,27,39,1,3,0,2,2,2,0,0,6,4,73,39,37,19,11,12,1,9,38,53,325,194,146,90,57,82,11,64,246,287,97,64,51,35,27,20,4,14,69,115,180,123,101,58,56,40,6,38,141,170,165,90,80,47,25,42,3,15,97,122,124,78,59,42,25,35,3,18,74,113,141,83,86,50,38,39,4,25,92,159,207,117,114,72,50,64,4,39,177,199,54,35,32,25,11,8,1,4,49,40,37,38,21,14,10,11,1,9,36,39,54,51,35,17,10,18,1,15,39,82,113,71,70,36,25,24,0,33,79,146,70,43,52,24,17,28,0,12,46,73,312,224,169,114,72,88,10,59,231,338,124,101,69,46,28,40,8,31,99,166,668,424,357,235,178,182,23,128,519,713,214,142,105,61,42,54,5,35,138,171
377.75,31,34,14,6,10,8,0,11,31,38,12,12,5,3,3,0,0,3,7,10,72,58,57,28,22,16,1,13,70,94,9,13,4,1,5,1,1,3,4,6,102,63,54,33,14,29,2,25,67,116,0,0,0,0,0,0,0,0,1,0,45,39,27,6,10,6,2,8,30,50,57,40,34,11,13,10,1,13,28,29,90,67,42,35,13,30,1,17,62,109,13,3,5,4,1,2,0,2,8,10,207,121,90,39,46,25,12,22,120,145,40,19,12,4,9,10,0,5,39,48,3,0,0,1,2,0,0,0,3,4,23,20,14,10,8,5,2,16,26,40,2,3,2,3,1,2,0,0,6,2,82,35,30,21,18,12,2,7,39,66,293,173,146,96,69,71,7,45,206,273,79,64,56,26,15,26,6,20,52,116,194,141,101,61,35,56,6,28,126,175,151,98,87,49,37,44,1,18,104,143,117,62,58,24,24,24,4,22,77,118,149,101,69,39,32,41,8,20,101,139,218,118,115,70,69,59,3,33,138,243,50,26,26,13,7,20,2,5,36,61,45,31,21,15,11,5,2,8,30,39,51,40,39,26,12,16,5,17,36,85,93,78,49,37,25,31,8,27,81,139,68,53,27,28,21,16,4,14,50,66,312,187,157,106,77,72,7,68,244,346,143,95,76,65,34,28,5,36,111,164,671,413,355,232,172,171,19,120,462,697,215,142,113,70,50,41,4,27,141,197
378.25,40,21,18,13,10,7,0,11,26,53,10,7,2,0,2,2,1,2,8,7,97,61,43,29,13,25,1,12,55,73,12,6,3,2,1,1,1,4,12,9,111,51,55,39,26,21,3,16,74,102,0,0,0,0,0,1,0,0,0,0,52,30,14,11,6,14,1,4,35,55,59,40,18,16,17,12,2,7,37,51,56,57,49,27,27,21,5,8,61,108,11,15,4,4,7,2,1,1,13,8,191,117,83,50,34,40,9,28,134,116,40,19,15,10,11,2,0,4,25,25,1,1,1,0,0,0,0,0,0,1,18,19,24,12,7,9,1,6,19,46,4,2,1,1,0,1,0,1,3,4,70,38,42,10,17,14,2,15,36,48,279,200,152,91,69,56,11,45,182,289,79,57,47,30,25,16,4,21,66,90,214,119,100,66,57,49,7,28,127,179,137,105,87,30,27,29,4,18,102,121,118,69,68,34,21,30,6,20,89,111,125,110,65,48,34,36,8,17,87,156,194,154,99,75,51,68,5,49,149,189,49,33,32,9,13,14,3,13,43,45,36,28,22,11,10,11,0,5,34,44,68,43,31,21,12,12,4,16,44,95,98,54,51,42,20,23,0,18,70,124,69,50,26,37,22,15,1,17,45,53,312,206,156,89,75,71,16,68,242,353,121,108,77,54,33,33,5,34,110,188,627,405,305,211,160,175,25,125,458,664,213,132,101,56,38,39,3,32,132,191
378.75,42,19,12,8,13,10,4,7,19,63,13,12,4,3,4,3,0,1,7,11,96,42,35,32,22,17,3,22,57,81,10,7,5,9,2,1,0,2,4,6,99,72,41,42,18,28,2,18,86,104,0,0,0,0,0,0,0,1,1,1,48,30,17,13,12,10,0,9,47,56,50,23,27,18,19,8,3,6,25,42,82,45,30,22,15,18,3,25,44,104,12,8,1,4,0,6,0,4,6,9,185,104,79,56,35,29,2,24,104,131,35,25,16,9,4,6,0,5,20,25,1,2,1,1,0,3,0,0,2,0,28,10,21,15,3,8,2,11,15,40,2,3,2,0,0,0,0,0,1,1,66,38,38,17,12,20,6,9,41,48,257,181,129,87,69,77,9,48,199,259,73,58,35,27,14,33,4,21,50,97,166,99,71,55,54,38,6,32,106,166,152,87,59,39,43,25,6,22,95,139,92,75,61,46,27,25,5,23,90,113,148,93,82,37,34,30,5,27,93,118,208,116,104,80,49,55,6,40,164,206,52,48,22,13,13,9,1,11,44,54,40,19,18,16,10,7,2,8,38,33,60,22,30,20,12,16,3,14,37,83,96,79,60,29,22,24,5,25,85,138,79,40,36,19,18,14,4,10,41,67,299,211,165,80,63,76,11,57,230,320,127,105,77,55,32,45,2,36,105,168,609,471,323,220,157,166,21,122,462,691,197,118,102,65,44,47,7,30,143,189
379.25,36,20,21,13,6,5,1,9,27,41,9,5,9,5,2,4,1,1,6,10,79,63,34,46,23,17,3,15,56,63,3,4,7,4,0,3,0,2,9,8,102,69,57,28,25,22,4,33,72,109,0,0,2,1,0,0,0,0,1,0,45,31,30,16,16,7,3,12,43,50,69,28,24,25,6,11,2,5,30,52,76,43,41,25,28,28,2,15,64,93,15,9,5,4,7,3,0,2,9,16,188,116,75,57,34,35,3,23,114,120,45,19,19,11,11,10,0,1,27,33,0,2,1,3,0,0,0,0,1,2,20,17,8,13,5,5,0,11,17,37,3,1,0,1,0,0,0,1,3,3,57,40,35,24,12,15,3,9,40,58,261,178,148,91,51,70,5,52,178,241,99,48,47,33,21,31,1,18,61,74,211,133,97,48,36,56,4,36,111,167,156,88,84,45,33,39,2,29,124,123,125,63,60,37,22,27,3,20,78,112,138,78,76,50,28,31,3,23,104,144,199,120,118,71,50,52,6,38,145,192,46,41,29,29,8,16,1,7,36,46,36,22,19,12,8,7,0,3,29,45,65,46,30,14,18,15,4,13,44,87,95,69,43,31,22,19,2,28,63,138,61,40,26,13,18,13,4,16,54,57,294,182,144,90,89,100,21,70,238,322,126,81,89,64,36,25,13,35,97,160,614,407,333,186,161,140,19,123,495,673,189,120,92,72,50,52,3,39,125,177
379.75,28,23,8,9,8,8,2,3,19,47,12,12,4,5,3,4,1,1,4,15,94,46,49,20,13,19,3,11,70,73,8,5,1,5,4,1,0,2,8,8,84,53,40,33,25,21,2,21,70,117,2,0,0,0,1,0,0,0,0,0,43,32,30,18,7,8,3,12,28,39,36,29,29,20,9,10,2,6,34,50,66,42,33,30,21,30,0,9,61,92,7,8,10,2,1,5,0,4,15,15,158,115,110,40,39,41,7,22,129,144,31,23,17,14,4,8,0,5,17,28,0,0,0,1,0,0,0,1,0,1,21,14,15,10,5,9,2,6,17,43,3,1,2,1,0,0,0,0,3,2,63,35,37,24,9,9,2,14,49,51,262,181,120,89,56,56,7,47,175,312,75,49,48,26,20,17,1,17,52,87,172,123,110,55,30,52,10,33,133,173,163,91,72,44,31,24,4,18,100,130,100,80,49,37,32,28,1,25,87,118,160,87,67,52,31,27,6,25,95,141,187,129,104,70,42,49,9,44,138,217,73,30,21,14,9,9,0,6,42,56,33,24,16,18,7,11,0,7,35,34,50,33,28,21,23,17,4,14,29,66,95,75,47,41,24,29,4,22,75,109,63,51,36,16,12,14,7,20,57,64,264,165,160,109,61,78,12,75,247,331,123,71,69,45,41,49,4,35,110,166,596,421,301,203,142,174,20,130,417,704,204,120,74,66,47,55,4,31,143,190
380.25,29,18,12,14,6,12,2,10,36,37,12,5,3,2,2,3,0,2,9,7,69,46,38,33,12,18,2,13,56,75,6,5,3,3,1,2,0,2,5,17,88,75,60,31,31,17,4,17,66,109,0,2,0,0,1,0,0,0,0,0,41,24,18,14,10,14,2,9,30,47,48,37,27,9,14,15,0,9,28,45,62,45,32,20,16,20,6,19,48,101,7,4,2,2,1,3,0,0,9,12,195,90,63,70,41,32,3,23,111,134,29,25,23,11,7,7,1,2,34,33,2,0,1,0,1,0,0,0,2,1,27,18,10,7,3,7,1,7,16,53,1,3,3,2,0,1,0,1,6,3,68,39,30,30,9,13,2,9,46,51,262,163,118,98,56,70,11,37,190,326,77,53,29,30,24,21,3,17,64,97,174,115,92,65,38,52,3,30,119,180,177,105,86,45,31,35,5,28,109,111,113,61,41,35,29,13,3,29,82,149,143,84,62,47,34,38,3,28,89,143,206,133,93,65,55,52,6,36,133,241,52,41,31,16,24,15,4,9,38,67,43,16,16,14,7,12,0,10,30,39,57,32,25,13,10,22,3,18,36,68,89,53,49,30,13,23,8,21,68,111,66,39,35,20,9,16,4,15,51,72,262,185,152,103,66,77,8,72,225,368,128,87,57,38,32,39,2,41,87,184,606,408,320,188,137,160,18,141,461,697,181,120,92,48,45,39,7,41,122,210
380.75,26,28,13,11,10,13,0,10,28,46,11,8,5,3,1,1,2,0,3,9,72,44,43,31,19,20,3,11,61,72,6,5,5,1,0,4,1,0,4,7,90,49,39,27,21,21,2,26,67,104,1,0,0,0,0,0,0,1,0,1,46,34,21,14,11,15,1,13,32,55,40,29,34,14,13,11,2,7,32,48,66,46,38,20,17,19,3,19,55,94,6,6,1,2,1,2,0,1,6,6,155,109,89,45,33,39,3,21,99,122,28,26,12,12,6,10,1,8,26,32,2,0,0,0,0,0,0,0,4,3,32,14,8,13,9,4,2,13,13,49,2,1,1,1,1,1,0,0,4,7,60,43,38,17,22,14,4,7,36,58,269,176,145,94,75,62,14,63,184,266,70,45,41,24,19,22,5,18,57,86,177,112,80,54,32,33,8,28,121,160,140,92,66,40,38,36,2,28,106,125,93,65,46,40,16,23,4,19,82,96,127,96,55,41,28,42,2,24,104,153,172,142,97,59,54,41,7,39,129,226,50,36,22,20,10,10,3,8,34,55,52,27,14,15,11,12,2,5,18,43,49,35,22,26,16,15,1,17,56,81,87,53,39,32,28,25,5,19,74,116,57,48,36,27,17,5,3,9,49,67,264,183,140,106,64,83,18,61,174,335,138,81,59,43,29,27,10,39,96,202,634,375,305,217,132,172,25,122,446,699,182,126,84,50,41,53,4,38,137,194
381.25,29,19,14,11,7,7,1,6,21,44,14,7,3,3,4,1,0,0,7,11,76,47,28,23,17,12,1,13,46,73,9,5,4,3,4,3,0,2,3,12,74,60,54,34,21,26,1,18,72,100,1,0,0,0,0,0,0,0,1,1,36,30,21,12,15,10,1,11,25,49,57,28,23,15,12,16,2,6,40,39,80,44,30,24,14,22,3,22,48,96,6,4,1,8,1,0,0,1,6,16,158,103,67,53,32,36,5,24,117,141,33,16,19,11,5,6,0,7,16,32,1,0,0,1,1,0,0,0,0,1,14,18,15,6,8,4,0,10,17,53,2,2,4,0,1,0,0,1,1,3,59,28,37,19,15,8,3,17,33,53,269,169,124,85,41,70,13,43,208,313,64,40,34,25,22,21,7,26,66,110,189,88,78,64,33,34,5,37,113,155,159,76,68,34,33,37,6,20,94,155,95,74,77,30,31,25,0,19,60,121,106,90,57,49,33,33,8,18,95,153,170,149,76,69,46,72,6,32,123,210,49,33,27,12,10,11,0,8,29,47,32,34,24,10,6,8,0,4,21,34,60,25,39,18,9,21,3,19,30,86,81,49,34,27,26,20,3,28,72,118,63,45,40,18,19,24,4,13,49,86,260,193,151,89,69,64,11,66,236,326,116,69,59,45,36,41,7,25,95,182,581,364,272,190,131,161,19,117,448,702,207,114,95,54,43,60,8,41,126,196
381.75,29,13,18,10,6,8,4,11,26,39,12,6,6,7,1,1,1,2,16,9,70,46,40,23,10,17,3,8,53,76,7,7,3,3,2,0,1,2,6,12,88,68,36,35,19,33,2,22,66,114,0,0,0,0,0,0,0,0,1,0,35,31,14,22,12,14,1,16,22,46,51,25,26,12,5,11,3,2,41,53,59,44,38,25,15,26,0,17,45,92,10,6,3,2,1,3,0,1,3,11,180,90,84,46,42,32,5,23,105,138,22,21,15,7,3,3,1,8,28,31,0,1,2,0,1,0,0,3,0,0,23,11,14,5,6,3,0,12,19,39,4,0,1,1,0,4,0,2,5,2,79,49,38,14,13,10,1,8,40,60,238,181,139,69,60,67,10,46,164,278,59,51,36,37,23,16,2,12,50,97,197,98,89,56,36,45,3,21,113,161,127,104,58,52,25,46,3,26,109,129,107,69,52,29,17,23,4,16,86,121,124,96,58,38,32,35,4,33,85,145,184,108,86,60,46,58,5,39,150,199,47,29,18,23,14,13,1,12,31,60,40,18,14,14,9,7,2,7,26,39,33,37,32,18,11,12,1,23,44,76,77,62,48,35,19,26,2,22,54,105,42,45,35,28,15,14,1,11,54,80,245,161,122,110,74,71,12,55,195,334,132,66,62,35,24,41,6,28,95,169,577,391,314,192,141,151,26,126,398,648,169,110,83,53,34,49,6,34,156,191
382.25,23,22,22,16,6,5,2,9,19,52,11,7,4,4,3,1,0,0,6,5,82,50,39,24,19,22,0,12,56,68,4,7,9,3,3,1,0,2,4,13,72,56,57,32,21,25,5,15,64,112,0,0,1,0,0,0,0,0,0,1,37,22,20,10,7,18,0,8,44,39,53,32,30,12,5,11,3,3,37,42,82,45,31,23,9,19,3,30,38,97,9,6,4,1,0,2,1,2,10,17,152,96,91,45,37,40,5,27,100,129,27,23,13,11,10,12,3,5,22,29,1,1,2,0,0,0,0,0,0,2,21,9,4,7,4,5,1,11,13,40,2,1,1,0,0,0,0,0,0,2,84,24,27,23,11,14,2,8,47,72,250,163,143,100,45,58,15,52,215,268,56,45,45,25,11,22,0,27,53,99,157,104,98,60,33,33,7,40,119,185,134,98,81,55,47,34,2,20,70,132,85,61,51,31,34,24,4,25,60,131,118,61,63,36,37,33,6,30,105,150,166,106,79,68,43,60,4,43,143,224,40,37,20,20,15,20,2,8,35,47,33,20,23,15,12,5,3,8,13,44,56,34,33,19,14,10,1,14,32,71,68,68,51,32,20,18,7,26,72,112,57,39,27,22,11,15,1,11,51,57,227,157,132,93,59,98,10,63,201,370,99,74,53,36,30,22,7,35,83,177,546,361,286,197,134,131,32,139,440,697,152,107,98,40,43,37,9,39,118,178
382.75,35,16,10,17,11,8,0,5,36,49,12,9,9,1,2,2,0,2,12,7,70,46,42,20,22,17,2,14,53,76,6,2,4,4,2,1,0,2,4,11,65,61,36,32,18,12,5,22,66,105,0,2,0,0,0,0,0,0,1,1,43,24,23,14,15,7,2,7,13,41,53,39,26,22,14,8,1,12,25,33,72,47,25,23,14,16,2,17,59,99,5,6,7,1,1,1,0,5,7,10,157,90,81,54,45,45,1,36,113,145,30,15,12,11,8,7,0,7,23,29,3,2,0,0,0,1,0,1,0,1,25,15,10,7,5,10,0,7,17,44,1,1,0,2,2,0,0,1,2,1,65,44,39,22,15,18,2,10,48,52,230,142,122,84,54,81,10,56,170,260,61,47,27,14,21,24,0,23,46,105,182,94,88,62,33,35,5,28,93,163,132,89,84,39,39,30,4,28,96,129,94,62,63,33,22,31,5,21,91,127,132,74,60,48,27,41,8,30,100,140,164,119,70,63,43,58,9,41,135,215,42,21,13,13,13,13,2,11,35,51,22,26,18,18,9,11,2,6,33,45,54,17,32,25,13,14,4,17,42,81,93,53,38,28,40,21,2,29,67,152,40,47,28,13,13,33,2,14,45,52,235,162,135,108,59,72,7,55,196,321,99,50,57,51,28,36,9,34,93,186,540,365,301,212,151,135,21,122,420,638,155,95,82,62,41,51,3,47,116,198
383.25,20,18,11,11,7,11,1,7,26,41,12,13,5,4,0,3,0,2,9,7,89,50,38,22,16,11,4,8,59,79,5,6,0,2,0,2,0,2,12,7,60,61,41,32,16,19,5,14,65,99,0,0,0,0,0,0,0,0,0,0,37,31,23,12,11,7,3,7,37,38,48,32,27,15,6,7,0,7,19,49,49,47,25,34,18,16,2,15,42,86,8,8,5,0,3,2,0,4,6,13,149,115,81,52,33,41,7,27,104,151,24,18,13,8,6,7,0,4,18,39,5,1,0,1,1,0,0,0,3,2,18,15,15,10,10,5,1,2,17,53,2,2,4,4,0,0,1,0,0,1,68,33,34,23,22,18,0,8,38,53,218,135,127,70,58,48,8,49,180,246,53,57,38,17,19,22,9,16,46,102,164,107,83,65,36,31,5,43,120,201,134,71,62,40,28,26,6,31,90,135,73,53,41,24,25,31,4,16,74,120,105,72,57,41,34,31,5,25,99,139,161,91,70,49,38,46,4,48,127,231,35,22,25,13,6,12,3,12,52,42,34,21,19,13,4,7,3,11,24,52,36,34,28,18,15,11,2,13,29,70,63,53,35,29,21,21,3,24,59,127,56,28,35,17,14,16,3,17,44,47,268,168,108,98,71,57,14,61,194,324,95,72,56,32,31,22,6,28,89,156,567,353,274,219,136,154,22,119,369,653,166,109,104,62,37,41,6,40,127,190
383.75,19,23,11,7,8,6,3,4,18,52,10,4,6,1,3,3,0,0,13,14,65,38,24,24,17,21,2,16,57,66,8,5,3,1,3,4,0,1,4,14,80,58,42,35,11,20,7,15,68,102,0,0,0,0,0,1,0,0,1,1,39,19,20,15,14,13,0,9,35,38,49,30,19,23,11,11,2,7,31,33,44,47,47,18,9,12,2,18,46,83,1,7,6,4,4,1,0,1,3,17,156,92,70,53,23,32,4,31,107,135,27,16,16,8,7,9,1,3,15,24,1,1,1,0,0,1,0,0,0,0,18,13,9,10,3,8,2,6,12,44,2,0,1,0,0,1,0,1,0,2,60,37,40,20,12,19,0,11,37,53,210,154,113,90,60,58,15,49,188,286,44,40,37,22,15,23,4,17,65,93,155,106,80,53,36,40,5,29,106,161,105,85,67,38,26,41,3,27,98,122,82,65,46,28,20,27,4,28,57,108,113,89,70,44,25,33,6,32,86,157,140,99,70,50,31,33,12,42,116,198,40,22,29,18,5,12,5,8,36,56,27,18,16,11,6,4,2,3,20,38,37,34,22,20,20,14,3,14,34,77,57,50,47,29,13,33,6,31,66,123,64,30,25,21,11,17,2,10,31,56,237,166,118,92,72,53,12,53,172,310,93,62,60,43,28,27,10,24,81,160,475,359,259,164,136,140,18,114,396,634,166,110,91,59,39,39,5,38,122,185
384.25,20,15,21,8,8,7,2,10,22,45,12,7,6,2,1,2,0,2,4,9,68,58,28,20,16,22,2,13,54,64,9,7,3,2,2,1,0,2,5,3,74,53,38,36,19,14,2,24,64,100,1,0,0,0,0,0,0,0,0,0,38,25,15,19,7,8,3,7,30,61,49,32,12,21,11,9,1,10,22,40,58,39,27,18,21,10,1,14,58,89,7,4,5,1,2,2,0,4,12,11,131,98,77,50,34,41,4,27,119,148,25,18,13,7,2,8,3,4,23,33,3,0,0,0,0,0,1,0,0,0,10,17,13,5,9,5,2,2,11,38,1,2,2,1,1,0,0,0,2,2,57,42,29,14,17,16,1,15,34,64,213,152,131,79,51,64,8,56,174,258,54,24,38,19,16,18,9,9,44,80,150,102,74,55,32,36,4,30,106,162,136,78,64,38,26,29,5,26,90,129,81,51,42,37,18,21,5,32,68,125,114,84,54,42,27,34,8,28,82,141,118,88,86,48,26,33,6,35,108,173,35,25,28,18,14,9,2,6,39,57,28,14,17,6,6,9,0,7,26,34,41,32,23,21,20,15,3,11,36,70,76,44,35,33,23,16,4,26,55,127,50,45,23,17,15,16,1,11,38,72,247,168,131,77,56,69,10,64,180,315,107,65,55,41,20,30,5,31,72,132,508,326,247,168,141,161,23,118,390,648,170,103,83,53,43,45,12,29,101,194
384.75,23,26,11,7,5,6,0,9,17,36,11,10,3,5,0,2,1,1,9,7,58,46,35,23,7,10,1,16,53,90,3,4,3,0,0,4,0,1,4,10,51,41,31,25,17,27,0,12,73,97,1,0,0,0,0,0,0,0,0,0,37,15,18,8,9,13,2,8,37,53,47,29,19,12,9,16,0,3,29,45,42,42,28,20,15,21,2,18,48,93,12,1,2,2,4,2,0,3,1,6,147,94,80,39,40,36,4,24,78,140,20,21,16,6,8,12,3,7,13,40,0,1,0,1,0,1,0,1,1,1,20,16,23,6,4,9,1,6,18,43,2,1,1,2,3,0,0,1,3,2,59,31,25,24,17,17,5,8,39,61,211,135,105,70,66,44,11,42,157,273,54,43,25,18,13,12,2,28,48,98,140,108,89,54,38,31,7,30,122,197,117,76,64,43,40,42,6,28,87,138,65,53,40,45,32,29,4,13,59,130,97,69,56,34,34,22,4,20,88,136,163,90,68,53,40,36,7,38,114,194,33,34,14,15,9,7,0,10,26,60,31,18,14,7,5,7,0,4,23,38,39,21,21,18,15,15,1,12,30,68,58,42,32,21,16,30,6,14,56,115,55,29,30,24,24,11,5,12,40,59,204,139,121,74,65,61,9,62,158,315,81,63,57,39,25,25,6,37,75,165,456,308,247,185,121,143,23,125,410,669,160,105,77,54,34,45,8,33,125,180
385.25,26,10,7,8,5,9,0,7,17,39,10,7,5,5,4,3,0,1,9,15,46,35,30,23,21,23,5,12,65,75,6,5,5,3,2,2,0,1,2,12,70,39,32,24,14,21,7,21,55,96,0,0,0,0,0,0,0,0,0,2,21,23,17,12,6,12,4,6,25,46,52,39,20,19,9,5,0,6,29,43,48,37,27,19,14,16,5,14,49,89,4,3,7,3,2,2,0,3,5,10,147,97,67,55,35,31,3,22,112,154,21,17,13,6,5,7,0,4,23,29,1,1,0,0,0,0,0,0,1,3,27,16,6,10,5,5,1,10,7,41,1,1,1,0,0,1,0,0,0,2,64,37,24,18,17,11,2,13,41,53,168,127,99,96,62,59,3,60,155,281,58,41,23,31,19,22,2,18,65,103,140,102,79,43,48,47,4,26,103,182,120,69,54,46,30,27,4,26,89,139,83,62,41,22,25,27,6,21,43,115,83,74,46,40,23,27,6,30,70,142,141,97,75,50,40,36,8,53,125,175,34,20,24,13,10,12,1,12,34,43,26,23,20,8,5,6,2,9,21,45,33,21,19,11,9,13,3,6,27,83,77,44,32,26,19,19,4,24,54,104,58,29,31,17,8,15,2,15,37,71,229,147,107,94,52,59,6,54,193,306,79,76,54,47,24,26,4,30,95,171,492,333,265,157,108,153,25,139,402,649,149,103,85,71,41,46,7,34,98,174
385.75,24,14,13,9,6,7,2,8,19,27,10,11,11,3,0,4,0,4,9,15,77,49,38,30,7,15,0,14,51,86,10,4,1,1,4,5,0,0,2,10,64,47,42,14,17,20,3,21,59,103,0,0,0,0,0,0,0,0,0,2,28,19,15,10,3,11,2,8,27,39,46,33,19,13,9,13,1,11,32,42,51,26,28,23,10,18,3,18,46,85,7,4,3,5,2,2,0,1,4,10,151,102,48,54,32,35,3,34,103,136,21,12,13,6,6,7,0,8,19,22,0,0,0,0,1,1,0,0,0,1,11,12,11,5,6,6,2,7,21,47,2,0,2,0,0,2,0,0,0,1,42,34,24,22,17,14,3,16,34,49,211,128,129,80,45,58,5,45,173,262,58,32,17,18,15,24,2,19,52,81,149,85,64,47,36,41,4,33,105,201,116,64,59,42,35,33,7,25,73,135,73,49,36,34,21,19,8,26,65,121,85,69,46,43,25,27,6,25,81,127,121,75,84,53,32,44,8,45,106,217,32,19,13,14,11,13,2,6,24,54,15,27,14,14,5,10,5,6,25,53,43,30,15,18,12,12,1,11,35,70,56,52,32,24,20,24,6,23,48,95,61,28,28,20,12,15,3,8,41,79,193,146,107,63,62,67,12,76,156,338,96,59,47,47,33,40,1,39,70,160,461,333,275,164,123,149,30,147,319,661,148,97,76,47,47,37,6,45,109,201
386.25,16,23,10,9,6,8,1,6,19,48,6,5,5,7,2,3,0,2,7,12,60,41,30,19,20,14,0,11,49,75,5,2,1,3,3,3,0,1,8,8,68,50,38,27,18,24,5,26,51,117,1,2,0,0,0,0,0,1,1,1,42,22,16,10,11,5,1,4,25,54,48,37,23,13,4,7,1,9,36,49,51,26,35,22,20,18,4,17,48,89,8,3,3,4,0,1,1,1,9,6,105,77,63,36,30,37,5,31,92,129,18,15,14,8,7,5,1,9,16,25,2,3,2,1,0,0,0,0,0,1,15,11,6,10,3,5,1,5,9,38,1,1,1,2,1,2,0,1,1,4,61,30,33,19,18,23,1,10,54,51,190,148,103,68,62,61,11,55,135,267,49,37,25,26,12,14,5,10,40,87,122,71,59,49,32,32,7,33,111,187,127,70,58,45,35,28,2,22,85,107,84,43,45,30,23,27,2,20,65,103,93,61,48,31,22,33,8,31,82,131,111,90,78,60,49,45,4,34,106,209,27,27,14,15,5,9,0,4,21,56,22,23,17,14,10,7,0,16,18,40,41,22,21,17,13,6,0,14,29,73,58,42,34,26,19,19,6,29,52,115,50,27,20,23,18,12,1,10,35,60,184,120,98,70,35,72,12,57,175,281,79,66,54,31,21,21,10,27,83,165,413,323,235,178,119,115,23,133,395,639,140,118,69,41,30,34,9,40,124,197
386.75,19,12,15,9,7,12,1,7,18,44,9,4,4,6,2,1,0,3,13,12,52,57,30,18,14,18,0,12,43,64,2,4,4,1,4,1,0,3,9,8,71,44,33,26,31,13,3,23,62,103,0,0,0,1,0,0,0,0,1,0,38,19,20,10,3,9,3,12,26,43,51,27,26,16,6,5,1,7,38,36,57,35,26,18,17,15,1,19,37,88,6,5,3,0,1,3,0,1,5,7,130,96,72,30,37,37,3,26,123,135,26,7,11,15,3,4,1,4,22,38,0,0,2,0,0,1,0,0,0,2,15,13,9,7,5,6,0,7,19,37,2,2,2,0,0,0,0,0,0,1,46,32,19,20,21,9,2,6,36,54,182,127,105,69,42,71,6,63,153,267,41,39,16,23,18,17,2,21,39,81,135,95,83,49,30,33,7,37,75,154,91,65,67,33,28,33,1,16,83,124,66,45,30,18,17,27,1,24,75,118,87,55,41,30,22,26,5,28,80,138,135,93,73,42,39,39,3,42,127,238,26,19,15,12,4,10,3,11,24,39,28,13,14,6,7,4,0,13,23,38,32,33,15,17,10,18,1,16,52,82,53,35,26,20,16,20,6,14,57,111,48,29,26,16,10,15,3,18,41,71,195,141,89,69,44,54,8,55,172,315,76,55,38,36,27,34,4,33,72,169,445,280,236,173,102,130,31,137,379,629,139,102,58,39,35,54,8,35,114,171
387.25,12,5,11,8,4,5,0,7,17,31,11,4,3,1,1,2,0,1,8,7,58,33,32,15,11,8,0,18,37,68,5,6,4,0,2,2,2,1,3,7,61,48,28,26,17,21,3,18,55,102,0,0,0,0,0,0,0,0,0,1,37,23,22,10,4,7,2,12,30,42,29,31,21,12,8,7,1,6,34,49,44,38,22,19,11,23,4,15,45,110,11,5,7,1,0,0,0,3,5,14,123,70,78,45,40,38,3,25,98,137,20,18,12,9,5,4,0,5,14,45,3,0,3,1,0,0,0,0,1,2,9,13,6,6,5,4,1,9,13,25,4,1,1,1,0,0,0,1,0,5,48,40,18,24,9,22,6,12,45,70,209,115,100,65,47,53,9,69,136,242,35,29,21,16,17,13,6,15,44,87,155,94,68,37,36,34,5,28,93,171,94,77,61,44,23,39,4,29,100,101,56,48,39,22,17,26,4,30,50,118,75,47,42,33,21,29,5,19,85,138,107,69,65,34,41,34,1,42,101,195,39,32,16,3,6,7,1,11,24,57,34,18,14,6,6,9,1,4,27,45,24,22,19,18,11,11,5,18,39,57,57,41,39,26,18,17,7,30,54,87,40,44,20,13,11,8,1,10,29,68,173,144,100,70,64,70,16,45,169,313,83,54,41,29,25,32,4,29,78,150,395,282,257,176,114,144,24,130,369,623,135,101,67,44,33,35,6,40,92,178
387.75,25,11,7,5,4,5,1,7,15,33,11,4,4,5,0,2,0,1,4,9,60,32,18,25,17,15,2,11,59,68,6,2,4,2,0,3,0,1,6,7,52,34,38,25,17,17,2,22,46,110,0,0,0,0,0,0,0,0,0,0,35,22,18,12,8,5,7,7,28,48,40,17,22,17,4,13,0,13,40,45,39,39,33,12,15,11,1,16,48,84,9,6,1,5,1,1,1,3,4,13,119,85,53,38,24,38,4,31,88,117,32,15,16,10,7,4,3,8,13,26,2,0,0,0,0,0,0,0,2,3,15,6,4,6,5,3,0,5,14,39,3,1,1,2,2,0,0,1,2,4,41,34,21,26,13,15,2,12,34,53,185,120,88,73,42,52,8,61,152,247,42,27,29,14,9,12,4,16,41,88,131,97,62,47,44,44,7,35,107,179,80,66,40,38,25,22,1,25,85,125,50,45,31,28,14,22,3,24,64,122,85,54,41,38,21,25,6,39,86,120,103,80,52,29,35,53,8,31,102,200,28,25,26,20,10,8,1,10,34,55,21,16,13,9,6,8,0,4,16,42,34,36,15,13,9,19,2,12,28,76,47,45,26,23,13,24,5,15,59,147,36,35,28,20,4,17,3,11,27,66,169,108,96,76,36,68,10,62,156,312,78,64,49,28,18,32,5,33,62,150,422,315,240,178,108,145,29,131,294,601,140,78,72,63,38,26,8,39,107,166
388.25,13,19,8,7,2,8,3,8,13,27,11,7,4,4,3,1,0,0,6,8,57,34,34,23,18,14,3,19,50,99,8,4,1,0,0,1,0,2,7,5,46,28,31,28,8,20,2,14,51,107,1,0,0,0,0,0,0,0,0,0,28,22,10,11,5,8,0,10,21,54,33,21,18,10,13,9,1,9,36,30,36,29,25,21,15,14,2,15,51,84,2,6,5,5,3,2,0,1,5,11,120,63,81,43,29,31,4,26,102,140,13,21,13,10,9,6,3,9,20,27,0,1,1,0,0,1,0,0,2,1,13,7,10,3,6,7,1,5,9,28,1,3,3,2,1,1,0,0,1,3,51,27,32,15,11,13,1,8,33,54,179,117,107,76,58,64,9,42,137,274,46,23,25,13,12,15,4,11,40,96,147,90,84,49,32,27,3,32,95,195,90,70,44,36,26,30,5,15,77,143,62,43,39,27,15,22,2,17,52,110,88,69,48,33,19,22,4,27,69,155,100,75,58,50,29,41,4,37,102,190,39,17,12,8,8,12,3,14,31,35,27,10,4,10,2,5,4,3,17,42,28,19,16,15,8,19,3,9,21,73,53,37,33,20,17,13,2,21,51,95,51,30,22,22,8,10,3,13,29,65,170,125,92,86,50,64,7,67,160,305,75,60,37,32,16,24,2,27,64,137,354,251,207,157,107,133,26,98,358,658,112,68,75,36,36,45,8,29,109,157
388.75,16,12,6,5,8,2,0,5,9,28,9,5,2,5,2,2,1,3,8,11,60,39,26,24,14,24,7,9,37,77,2,3,3,5,1,0,0,0,2,8,43,37,26,27,9,19,4,20,42,113,1,0,0,0,0,0,1,0,0,0,31,24,15,11,11,9,5,6,19,54,26,27,24,14,8,7,0,12,22,54,37,28,22,14,12,11,5,17,35,79,4,6,1,2,2,3,0,3,8,8,111,84,55,38,31,31,4,20,87,153,19,8,11,5,7,4,1,4,15,27,4,2,1,0,0,0,0,0,0,3,13,12,6,6,1,7,1,2,12,45,5,1,1,0,1,0,0,0,1,4,49,40,22,12,11,13,4,13,41,60,179,117,87,70,40,58,6,54,152,256,46,32,25,21,7,16,6,17,48,88,114,71,75,50,34,34,5,29,101,157,84,65,47,29,26,23,7,32,73,129,57,36,26,37,16,13,2,25,64,110,82,61,45,34,24,24,5,30,76,145,112,84,58,52,40,32,4,42,90,168,28,18,13,14,11,7,5,12,26,64,26,16,10,8,10,5,1,14,17,23,35,25,16,9,8,12,2,18,33,65,51,42,22,22,14,23,1,26,54,94,42,21,31,22,8,9,2,12,26,58,162,117,102,64,41,48,7,60,145,254,72,61,46,32,31,32,10,23,55,132,369,277,210,143,117,126,19,143,329,589,130,77,58,44,38,30,7,28,113,186
389.25,14,11,13,4,4,4,0,11,12,39,10,6,4,4,2,1,1,3,3,17,46,31,23,21,14,10,3,10,38,91,1,2,1,1,1,1,0,0,9,8,53,22,29,23,23,13,5,22,45,97,0,0,0,0,0,0,0,1,0,1,24,20,17,9,5,9,0,7,20,30,36,21,18,20,6,7,1,8,32,45,48,24,18,16,11,12,0,18,42,73,4,7,3,1,2,1,0,2,4,12,110,69,43,34,22,30,6,30,77,146,25,16,8,5,5,6,1,4,19,32,2,1,2,0,0,1,0,0,0,0,9,8,5,6,3,7,2,8,13,33,1,2,2,0,0,0,0,0,1,5,48,33,15,19,10,21,2,9,28,66,167,106,92,60,43,69,9,55,149,259,34,35,33,16,5,12,5,25,29,93,113,102,62,38,30,51,7,42,111,156,110,72,55,35,21,35,5,22,57,133,45,45,32,19,21,17,4,20,58,94,81,55,39,38,27,23,4,31,68,151,108,78,66,39,28,29,11,44,107,200,34,26,16,5,4,11,1,7,24,48,22,13,10,8,5,3,2,4,19,42,32,14,15,14,7,11,4,18,28,60,47,37,26,15,12,17,2,17,50,105,39,26,14,12,13,10,2,11,48,76,151,106,84,67,42,60,12,61,152,292,64,52,28,37,26,16,7,34,72,145,367,284,189,128,94,98,22,125,296,621,117,85,65,41,38,34,7,34,93,173
389.75,16,6,8,6,3,5,2,4,23,35,6,8,2,0,0,2,0,0,7,16,53,37,34,13,14,18,3,14,35,70,6,3,4,0,1,1,2,2,3,15,47,34,31,26,27,16,3,18,53,83,0,1,0,0,0,0,0,0,0,1,21,11,14,9,4,7,1,5,17,44,53,35,15,12,11,5,0,7,28,39,40,31,20,14,10,20,1,19,23,87,4,8,3,1,1,3,0,2,6,12,114,89,54,39,30,32,8,28,91,163,24,9,13,9,2,6,2,4,13,21,1,0,0,1,2,0,0,1,2,3,16,8,9,5,3,5,0,15,12,19,3,1,2,1,0,0,0,0,2,4,37,29,30,13,5,10,5,19,30,52,159,123,88,61,32,43,7,59,132,255,46,26,23,16,9,11,2,20,40,89,120,80,72,43,31,28,7,31,99,168,105,75,51,27,21,27,7,21,87,135,39,36,35,25,12,20,2,17,48,92,74,52,43,26,15,20,5,21,65,132,91,67,58,40,42,40,5,40,109,199,27,15,16,10,7,4,0,16,27,43,27,14,12,8,3,9,0,10,19,36,34,19,15,9,16,9,1,13,16,71,50,37,29,17,21,24,4,16,51,112,28,22,25,11,7,12,0,9,30,55,145,106,107,60,49,45,3,54,145,292,55,50,40,29,18,34,4,21,79,163,331,230,202,137,113,130,23,129,310,629,140,68,68,40,29,35,4,37,88,170
390.25,11,12,9,8,3,6,1,7,12,33,14,8,4,3,1,1,0,1,6,8,50,37,29,21,15,20,3,12,39,70,3,2,3,0,1,1,1,1,1,8,53,41,36,17,17,15,4,13,50,97,0,0,0,0,0,1,0,0,0,0,29,16,16,13,8,3,2,19,24,55,37,23,22,19,7,10,1,3,21,44,38,26,23,20,17,15,1,14,26,72,5,3,1,2,1,2,2,2,7,7,114,72,70,40,25,34,1,25,63,154,22,17,17,5,9,10,1,4,17,29,0,1,2,1,0,0,0,0,1,0,9,5,7,5,3,4,1,2,12,41,4,1,0,1,2,2,0,1,0,0,32,31,17,17,9,7,3,16,37,60,133,110,91,69,45,37,8,58,138,262,25,28,25,25,20,10,3,12,41,85,119,72,60,45,32,34,7,33,89,153,84,53,41,37,37,33,5,23,82,113,45,42,26,22,18,22,5,22,50,110,65,61,29,19,22,20,3,30,55,138,85,67,53,43,30,23,13,27,99,183,22,12,9,13,8,9,1,9,22,60,20,15,12,8,8,4,1,12,19,45,11,23,12,13,6,15,1,15,16,65,49,23,26,24,13,12,9,25,40,98,37,26,27,15,8,11,1,10,34,65,110,99,87,59,44,51,5,63,124,290,67,54,36,22,23,26,10,28,70,154,328,242,166,137,82,92,16,126,319,626,104,81,72,41,28,43,6,37,110,188
390.75,12,7,12,11,8,6,1,5,16,32,6,10,6,4,2,1,0,1,10,9,45,17,19,17,12,16,3,20,43,86,2,4,2,2,1,0,0,2,5,6,49,31,21,23,11,17,3,19,54,82,0,0,1,0,0,0,0,0,0,1,28,20,12,7,6,9,0,13,17,35,35,20,20,18,10,14,0,3,21,49,29,20,20,22,11,12,0,16,32,70,11,0,3,4,2,1,0,2,3,7,118,70,54,46,27,25,6,27,97,122,14,10,11,6,4,7,3,7,21,25,2,1,0,1,2,0,0,0,0,1,8,7,5,7,4,1,1,6,18,26,1,0,0,0,1,2,0,0,1,3,30,21,26,12,8,17,2,10,29,54,137,87,70,62,48,37,5,39,121,226,32,26,17,23,13,21,5,23,32,69,124,64,55,44,38,34,5,24,102,170,92,53,49,35,18,25,1,17,67,109,53,35,24,26,19,20,2,23,45,92,65,53,42,37,20,31,7,18,64,146,99,64,59,45,39,40,11,33,86,182,27,18,14,8,10,5,2,9,11,53,10,17,11,11,8,10,1,11,19,33,30,13,16,14,14,9,6,10,28,83,32,36,17,25,14,13,3,18,45,104,39,26,19,10,15,14,3,15,27,74,120,115,85,67,38,49,9,74,115,286,56,51,31,32,15,30,3,28,62,137,317,262,173,147,98,99,29,124,286,624,101,83,61,49,28,31,3,40,95,169
391.25,10,9,14,7,2,3,2,7,14,24,10,3,2,4,3,1,0,1,8,10,42,29,26,26,15,11,0,19,21,56,4,1,2,0,2,0,0,5,3,8,37,52,20,24,13,15,4,22,28,113,0,0,0,0,0,0,0,1,1,0,19,13,17,14,8,5,3,11,28,34,43,18,14,10,13,9,1,14,27,33,30,20,19,9,7,13,6,13,42,73,3,3,3,0,2,2,0,3,5,14,96,72,63,36,25,31,3,36,87,126,19,14,12,4,6,2,0,4,8,33,0,1,1,0,1,2,0,0,2,3,8,11,7,4,1,3,2,2,9,34,4,2,0,0,0,0,0,1,2,1,37,28,18,18,10,13,2,13,31,48,138,109,81,48,35,54,10,63,138,272,32,16,18,9,13,18,3,22,30,71,109,67,50,41,24,27,7,26,71,147,60,62,50,35,16,33,1,30,84,139,49,44,36,12,16,9,3,20,46,92,51,48,32,19,26,16,5,27,54,123,72,62,48,40,40,42,8,37,87,191,27,13,15,13,5,13,0,4,17,38,19,15,8,8,4,3,2,10,17,31,15,22,19,13,4,13,5,15,30,79,38,34,19,19,11,22,4,21,51,102,39,27,22,18,16,10,3,18,37,53,122,97,68,58,40,46,11,58,130,292,66,38,34,26,10,16,9,30,48,132,283,229,168,136,79,105,14,112,318,594,99,80,59,42,30,26,5,28,84,155
391.75,11,8,6,3,7,3,2,6,14,33,11,1,5,3,2,2,0,4,9,11,44,26,20,18,11,19,3,16,38,62,5,2,3,4,2,1,1,0,6,8,43,32,23,15,19,18,6,16,42,81,0,0,0,0,0,0,0,1,0,0,26,15,11,5,8,7,2,10,20,36,30,24,16,3,4,10,0,4,31,40,23,34,21,9,12,12,3,21,35,67,3,0,3,2,1,0,0,3,8,9,78,71,54,36,22,30,3,23,80,147,24,8,11,10,6,4,1,5,19,26,0,1,1,0,0,2,0,0,1,1,9,5,7,5,4,2,0,7,17,37,1,0,0,0,0,1,0,1,1,2,39,28,25,20,17,13,1,13,33,62,155,92,83,51,47,44,9,50,108,250,34,27,18,13,12,12,2,11,34,88,103,74,59,41,42,37,7,33,77,156,78,57,43,36,30,27,5,32,66,136,41,35,30,29,17,16,7,25,34,112,44,36,42,21,13,17,3,28,65,119,76,66,47,38,26,41,5,45,82,143,24,16,18,10,9,3,2,9,22,41,12,21,17,5,6,2,1,5,15,43,24,19,15,10,4,10,3,16,22,70,37,20,25,18,9,20,4,18,47,88,31,23,22,15,6,7,1,12,44,61,134,112,74,56,46,44,8,37,124,281,45,44,42,18,27,23,5,23,55,120,331,230,174,118,86,103,18,102,285,575,111,62,64,38,23,29,4,41,96,171
392.25,13,8,6,5,4,5,2,10,9,31,3,3,2,1,1,2,0,2,10,8,43,31,39,19,11,17,1,7,40,76,0,3,3,3,1,3,0,1,3,10,36,40,18,20,7,10,2,15,42,102,0,0,0,0,0,0,0,0,0,1,26,23,15,7,12,4,2,10,26,42,28,25,13,12,7,8,2,11,30,51,20,24,19,15,9,10,2,29,27,80,9,3,2,0,0,2,0,1,3,9,94,58,57,42,33,31,9,26,72,121,18,9,12,6,3,10,0,4,15,21,0,0,1,1,0,1,0,0,0,3,10,9,6,7,4,5,0,4,8,20,0,1,2,1,0,1,0,1,0,1,48,21,20,9,13,12,4,9,25,52,133,87,85,44,37,35,14,57,109,256,27,20,22,16,9,10,2,14,29,104,107,74,56,35,27,30,1,30,101,171,93,50,41,35,19,22,4,23,65,106,40,30,22,16,6,30,4,26,52,100,61,49,31,36,18,30,4,24,56,118,82,59,51,26,19,51,9,28,77,174,28,21,10,15,6,6,3,17,20,47,18,10,9,6,5,7,0,7,20,33,16,11,9,11,12,8,3,10,32,61,33,39,14,13,17,15,3,20,33,95,31,28,14,12,13,15,1,13,19,67,127,76,65,48,42,41,7,61,132,287,54,37,37,29,12,22,4,33,57,155,301,218,159,135,91,99,22,125,293,613,94,74,51,37,33,42,7,24,99,163
392.75,14,5,2,5,5,3,0,10,10,31,5,6,6,1,4,0,1,2,5,9,30,32,19,20,10,16,2,11,33,58,2,1,1,2,1,4,0,1,3,3,49,22,23,10,12,16,1,16,40,97,0,0,0,0,0,0,0,0,0,0,19,18,12,11,6,6,1,8,10,26,35,17,21,13,6,5,2,9,28,35,42,12,18,23,9,10,2,14,38,55,6,3,3,2,1,4,0,0,5,11,104,68,49,46,19,25,3,34,68,130,9,9,8,10,4,1,2,11,6,22,1,1,0,0,0,1,0,1,0,3,9,5,5,5,3,7,0,8,13,42,4,0,0,1,0,0,1,1,2,2,24,25,22,12,8,8,2,9,30,53,122,93,69,58,38,40,5,45,118,241,30,22,19,11,7,17,1,11,29,90,100,63,65,44,29,37,4,28,91,164,79,55,41,32,24,25,5,29,58,119,45,39,25,20,17,17,5,17,32,109,63,44,28,21,16,17,4,25,58,143,86,56,63,40,23,26,3,41,69,196,16,14,12,3,12,7,1,11,25,42,26,16,6,11,5,8,1,10,12,30,25,18,12,9,10,9,3,10,26,48,35,27,18,19,11,12,4,19,35,83,25,22,15,18,6,8,2,10,29,63,107,81,52,55,44,49,9,55,105,254,42,34,38,21,13,23,4,24,54,145,282,191,138,113,77,103,17,126,264,567,80,71,48,39,30,24,10,28,92,159
393.25,13,15,5,2,2,4,0,4,11,33,10,7,8,2,3,2,0,2,8,8,51,30,20,14,10,14,5,14,34,72,2,0,3,0,2,0,0,1,3,6,30,34,20,20,8,18,5,18,37,88,0,0,0,0,0,0,0,0,0,1,17,15,9,12,2,4,1,10,11,33,32,18,16,8,11,8,1,7,18,47,21,20,19,15,7,14,3,14,32,65,9,2,0,2,2,0,0,1,6,7,84,67,45,38,27,42,4,25,82,155,16,7,12,9,6,7,0,7,8,34,2,0,1,1,1,0,0,1,0,3,10,5,2,10,8,0,1,3,4,23,1,3,3,0,0,0,0,0,2,2,33,24,24,11,8,9,1,6,22,51,133,87,66,55,41,43,7,42,125,234,40,19,23,9,14,8,3,17,30,64,100,88,59,30,36,34,6,36,88,140,72,52,45,38,17,24,5,23,71,128,42,34,22,20,14,12,1,25,38,91,58,39,30,15,18,23,3,18,52,127,69,78,51,30,21,27,8,46,54,163,17,15,13,10,11,9,3,9,21,48,22,16,9,7,8,5,0,9,19,30,10,19,11,3,11,8,1,13,20,50,29,32,29,15,8,14,0,16,34,90,22,21,13,15,9,13,6,9,31,62,100,94,71,36,31,38,9,56,101,270,57,41,37,17,11,20,3,22,52,145,265,204,183,117,74,88,23,112,238,579,88,65,52,38,28,32,5,41,76,158
393.75,12,14,5,3,6,7,0,5,15,31,11,3,6,2,2,2,1,3,1,9,32,29,14,17,14,17,2,17,31,67,4,1,1,0,0,2,0,1,5,11,31,31,18,18,12,16,4,19,41,91,1,0,0,0,0,0,0,0,0,0,14,12,14,10,6,7,2,2,19,40,27,19,15,13,7,10,0,5,28,40,29,17,22,11,16,9,3,16,23,75,3,9,2,3,0,3,1,4,1,10,94,67,43,46,18,25,4,39,59,129,15,5,3,9,3,5,0,7,16,26,1,0,0,0,1,1,0,0,3,0,7,8,7,0,2,1,0,8,10,28,2,1,1,0,0,1,0,0,5,2,27,22,19,13,11,9,1,19,21,52,108,78,64,54,36,42,12,41,123,231,33,25,16,20,16,11,2,12,25,78,99,56,59,34,25,25,2,27,93,142,93,52,31,30,11,24,6,25,46,131,51,29,17,18,11,11,3,18,41,94,56,40,24,24,22,25,5,33,56,125,89,53,52,32,22,43,5,40,75,186,17,17,18,10,6,6,1,11,20,42,20,10,9,5,7,4,0,4,17,47,20,21,15,10,15,8,1,15,22,44,42,29,22,11,9,10,2,20,35,90,28,17,20,16,7,9,2,17,24,61,109,92,44,43,35,55,4,49,112,268,60,31,21,22,17,15,3,43,42,121,254,196,159,93,75,109,19,111,258,568,79,56,51,32,43,28,6,28,75,170
394.25,15,5,8,5,3,9,1,1,12,32,6,7,3,2,4,2,0,2,9,4,30,27,24,11,10,7,3,9,39,72,1,1,1,2,1,1,0,2,1,9,38,17,24,18,9,9,3,24,42,89,0,0,0,0,0,0,0,0,0,1,19,13,8,11,8,10,3,6,15,43,35,14,18,12,7,10,0,9,22,54,19,18,9,20,8,23,1,10,20,73,2,5,5,2,1,2,0,2,4,11,101,63,45,26,29,26,6,37,69,142,18,14,8,6,6,3,0,5,6,17,3,2,2,0,0,0,0,0,1,2,3,1,4,2,1,4,0,7,6,31,1,2,3,1,0,0,0,0,1,1,32,17,15,12,12,12,4,16,35,50,111,66,65,53,41,43,13,45,102,243,28,25,23,11,11,7,1,12,32,73,92,78,62,38,28,36,6,32,79,133,65,40,52,26,17,12,7,29,72,126,40,25,23,19,18,19,8,22,38,98,55,42,35,15,11,23,4,24,49,114,62,59,38,29,29,17,5,32,56,165,18,15,6,2,6,8,0,11,14,39,16,16,12,6,4,4,0,8,15,38,16,13,15,9,3,9,4,12,21,61,42,28,15,12,13,15,1,15,25,104,35,22,15,13,9,18,0,10,27,63,113,73,80,41,41,28,10,43,102,245,30,31,19,23,12,11,9,25,62,124,265,185,146,115,85,83,22,89,272,529,82,70,57,37,40,29,4,31,96,168
394.75,10,7,8,6,4,4,2,2,14,25,9,6,4,1,0,3,0,4,6,4,44,28,19,14,18,13,3,11,33,64,1,1,2,1,1,1,1,1,1,5,34,28,23,17,15,16,0,7,42,84,0,0,0,0,0,0,0,0,0,1,19,12,6,8,7,7,1,3,17,34,36,17,24,12,9,11,2,7,22,41,25,15,24,12,8,14,4,10,22,59,5,2,5,0,3,1,0,0,3,13,66,54,49,30,25,22,5,25,75,121,11,7,8,7,11,7,2,3,10,21,3,0,1,0,1,0,0,1,1,2,11,7,3,7,2,3,2,9,5,26,0,0,1,1,0,0,0,0,2,6,28,18,19,10,5,12,1,8,26,60,96,89,80,50,36,45,7,46,113,241,17,21,19,15,13,16,5,13,23,65,74,64,51,35,29,48,1,33,79,148,75,57,43,23,21,19,4,29,65,127,33,31,23,18,11,14,5,24,34,112,46,34,27,22,15,23,4,24,55,133,63,57,34,35,23,33,8,44,66,190,16,13,7,9,3,2,3,12,22,32,11,9,10,8,4,3,1,8,18,46,20,12,17,12,10,13,2,16,21,52,22,28,21,13,7,8,5,15,43,94,11,17,16,7,6,8,4,10,20,59,110,72,71,44,28,43,11,48,112,249,31,32,22,23,17,12,3,23,38,136,262,197,150,105,70,85,17,112,240,545,89,47,52,40,26,42,10,43,76,193
395.25,8,9,7,2,1,6,2,6,13,31,4,4,1,1,3,1,0,3,2,12,26,27,16,15,10,9,2,13,34,68,2,4,1,1,0,3,0,2,0,12,33,22,18,14,8,17,2,14,36,96,1,0,0,0,0,0,0,0,0,2,18,15,13,3,11,7,2,9,25,40,32,20,19,7,11,9,1,8,21,32,32,16,13,8,11,8,5,16,17,67,5,3,5,3,2,0,0,0,7,10,82,45,47,25,24,29,3,31,76,125,13,12,6,1,5,3,2,6,12,25,2,0,2,0,1,0,0,0,0,1,10,7,7,1,2,3,0,9,12,29,2,0,1,1,0,0,0,1,0,4,33,16,8,10,6,2,1,7,26,42,101,75,57,55,32,39,4,47,107,220,25,19,17,10,10,14,3,14,25,70,78,76,34,37,20,27,7,35,68,143,53,44,28,37,18,28,2,24,54,107,30,22,27,10,12,13,0,20,34,87,59,25,30,28,18,19,6,20,65,108,50,57,49,30,23,30,6,33,68,149,23,16,13,4,3,12,0,8,15,46,13,5,5,2,5,9,1,3,12,39,21,13,13,8,8,12,1,19,12,52,31,31,18,12,15,5,2,29,38,77,24,11,17,15,6,10,2,10,22,60,103,81,59,49,30,39,8,56,103,241,34,32,31,21,13,19,4,27,36,149,233,180,162,121,83,82,25,109,243,585,88,51,44,34,31,35,4,25,64,179
395.75,4,9,5,5,2,7,1,10,14,27,7,6,2,2,1,5,0,3,5,7,39,23,19,16,4,11,3,18,41,75,5,2,0,0,3,1,1,1,0,6,35,32,24,13,8,12,0,8,34,82,0,0,0,0,0,0,0,0,0,0,14,15,16,8,2,4,2,8,22,40,28,12,19,11,7,10,3,8,20,43,20,24,18,7,6,11,3,15,17,60,3,3,1,2,1,0,1,3,3,6,88,55,42,28,32,19,3,21,49,124,13,5,6,3,5,6,0,8,6,22,1,0,2,0,0,3,0,1,0,2,3,4,5,4,1,1,1,5,8,16,3,0,1,0,1,0,0,1,1,3,25,22,14,16,5,10,0,10,20,58,101,86,79,41,31,40,8,44,100,229,25,17,18,20,10,12,3,9,20,66,84,59,54,28,27,24,11,33,75,148,61,46,27,28,19,21,2,25,57,122,34,23,17,26,13,17,6,23,29,89,30,44,33,16,19,18,3,26,40,117,62,49,36,33,23,28,7,31,78,168,15,10,8,5,6,3,2,15,25,48,17,11,15,5,3,6,0,7,11,32,17,12,11,13,7,12,1,13,16,58,30,15,22,12,10,18,0,20,22,89,26,20,16,14,8,8,1,9,32,47,109,69,47,46,22,56,11,49,104,236,37,25,23,28,10,13,2,30,50,117,225,183,132,108,84,73,15,100,238,496,64,51,38,24,31,30,5,38,68,175
396.25,10,7,6,7,0,2,2,5,9,32,7,4,4,3,2,0,0,1,9,13,28,24,16,14,8,4,5,10,26,68,0,3,1,0,1,3,0,3,2,2,31,29,16,16,8,19,1,14,25,71,0,0,0,0,0,0,0,0,2,1,21,14,14,12,5,5,1,2,20,39,32,16,14,8,10,9,2,11,22,36,31,16,12,12,6,13,3,15,31,64,5,4,3,2,2,4,0,1,4,7,75,62,45,26,19,22,3,26,64,113,14,7,7,3,4,9,1,4,13,27,2,0,1,0,1,0,0,0,0,2,6,0,2,6,3,4,1,4,9,26,3,0,2,0,2,0,0,1,0,7,24,23,17,14,12,8,1,5,22,41,93,85,48,45,34,41,4,50,106,227,17,22,10,14,5,11,2,10,29,73,99,50,46,45,25,20,4,41,70,148,61,38,34,25,14,11,0,20,47,104,46,25,22,11,6,16,2,27,36,90,38,47,27,18,15,24,5,25,39,110,65,39,35,24,12,20,5,35,62,149,26,16,13,7,9,9,2,9,15,44,14,10,13,7,4,4,0,3,10,23,19,10,11,9,4,9,3,14,23,70,22,18,11,14,14,11,4,14,28,76,32,18,13,13,8,4,1,14,15,61,81,76,68,37,27,27,10,57,88,259,38,36,35,25,11,11,6,28,25,109,223,176,143,134,65,74,28,108,223,501,81,41,36,30,27,30,3,41,63,135
396.75,8,6,2,7,3,2,0,9,5,28,5,5,5,4,4,1,1,4,9,12,37,17,16,12,8,15,3,16,29,63,1,1,1,3,1,1,0,2,2,7,31,22,15,16,11,10,2,19,26,92,0,0,0,0,0,0,0,0,0,0,12,11,9,9,4,6,2,6,12,44,31,25,15,12,8,5,3,11,22,35,23,17,17,10,9,9,5,6,16,52,1,1,4,4,0,1,0,3,5,12,69,67,35,40,23,33,5,23,69,134,7,11,5,2,6,3,1,3,10,33,4,1,0,2,0,0,0,1,0,3,8,6,4,5,2,1,0,1,11,27,0,0,0,0,1,0,0,0,0,1,28,31,13,13,7,11,1,12,26,52,108,74,47,47,34,34,6,40,93,227,16,14,13,7,9,10,2,16,17,52,78,57,36,35,19,27,6,29,62,137,63,43,38,25,13,20,3,25,59,115,36,27,22,12,14,7,4,18,38,74,45,34,25,20,14,18,6,27,34,140,58,41,41,40,23,29,4,37,65,149,21,15,7,4,6,13,0,13,15,38,13,12,10,7,1,3,4,1,15,27,9,13,9,5,4,8,1,7,20,41,24,18,15,14,15,15,5,17,23,91,23,19,14,10,6,5,1,11,18,41,107,66,54,37,43,27,7,66,91,270,42,22,21,24,18,17,1,24,34,107,206,159,127,98,66,81,26,96,218,521,56,52,52,32,30,32,6,28,56,150
397.25,12,5,6,4,6,3,0,8,8,20,7,5,5,0,1,2,0,2,5,10,30,19,13,15,4,10,2,11,31,78,3,1,1,0,0,2,0,3,5,8,11,25,20,17,7,10,3,14,32,90,0,0,0,1,0,0,0,0,0,1,23,15,10,2,12,5,1,15,16,45,31,13,17,7,10,8,2,8,18,34,24,7,14,13,7,9,5,12,17,64,1,3,3,3,1,0,0,2,1,10,82,50,41,23,16,21,4,26,79,132,16,10,5,5,9,10,0,6,5,27,1,0,2,1,1,1,0,1,2,3,6,6,9,1,2,3,1,6,3,34,1,1,1,2,0,1,0,1,1,1,22,16,21,5,4,7,3,4,27,39,109,58,59,48,31,27,9,47,94,216,25,14,14,14,5,14,3,14,21,56,78,65,37,31,24,25,6,30,78,153,48,28,35,31,14,24,5,24,47,120,30,26,21,15,7,12,0,21,47,77,53,32,16,16,15,16,3,24,54,119,64,54,36,23,15,24,6,28,60,159,22,13,9,4,5,8,0,3,11,50,11,12,3,10,3,2,2,4,14,24,15,9,4,5,4,8,1,10,15,40,21,15,12,8,10,10,5,9,20,93,17,10,10,6,7,12,1,13,20,63,79,54,67,31,29,32,14,57,106,219,36,25,18,18,14,24,2,20,45,121,197,139,109,108,75,78,22,91,202,565,68,47,39,26,19,42,6,24,66,152
397.75,3,11,3,4,5,3,2,8,11,29,7,2,2,4,1,0,0,0,1,13,27,23,15,12,7,8,3,7,26,60,3,0,1,0,1,1,0,0,2,8,30,13,23,7,7,11,2,15,24,74,0,0,1,0,0,0,0,1,0,0,18,7,11,8,1,7,1,10,12,29,17,13,14,9,9,9,2,6,26,49,26,16,7,16,7,9,4,9,22,57,2,0,3,1,0,3,0,2,3,9,83,57,47,29,14,23,4,34,65,115,12,10,3,4,6,5,1,7,16,25,2,0,1,0,1,0,1,0,0,3,10,3,7,0,2,2,1,10,9,31,2,1,1,1,0,0,0,0,1,3,35,18,15,12,8,9,1,8,28,45,90,72,67,39,27,37,8,48,88,206,25,9,9,8,7,9,2,7,22,59,71,57,48,26,18,22,10,29,86,131,59,40,41,17,8,10,7,25,46,120,37,30,19,12,14,17,5,20,33,69,50,41,32,22,10,10,1,29,40,99,57,40,31,33,24,16,5,34,59,137,17,11,13,7,2,7,2,9,14,42,13,14,6,10,7,10,0,6,6,28,9,10,7,4,9,5,0,9,21,39,30,14,12,11,6,14,4,13,37,60,19,10,6,13,6,6,0,14,23,57,106,75,47,39,17,35,12,54,86,209,34,21,16,15,17,13,2,13,31,124,194,132,116,95,62,92,19,110,209,486,58,51,33,32,18,30,7,26,60,136
398.25,7,1,6,4,3,1,0,2,5,24,3,4,3,2,2,2,0,1,8,10,26,22,19,11,11,6,6,11,25,69,3,1,1,0,0,1,1,2,3,5,23,19,11,11,7,14,0,15,31,61,0,0,0,0,0,0,0,0,0,0,16,13,8,5,2,4,0,3,21,32,32,15,11,6,5,9,2,6,18,42,18,24,6,14,10,10,2,23,19,66,5,3,0,2,1,0,0,0,4,6,81,53,32,37,30,14,9,33,53,106,6,10,7,5,4,4,4,3,10,23,3,0,0,0,0,1,0,0,0,1,8,4,4,2,6,3,1,8,6,23,0,1,0,2,0,1,0,0,1,1,18,21,18,14,9,11,2,15,29,61,93,84,52,33,25,35,6,38,67,228,24,19,9,13,5,9,3,18,22,57,86,57,32,25,17,33,6,27,63,138,65,40,36,29,11,20,3,20,56,95,32,21,20,12,13,13,2,11,32,88,48,32,28,20,11,16,6,23,46,106,49,35,29,28,16,27,4,30,49,138,13,11,8,6,4,4,1,8,15,28,8,5,4,6,4,9,2,7,14,29,13,12,9,6,4,7,4,15,7,45,28,16,20,14,5,6,1,24,33,75,29,12,15,18,6,8,3,8,20,53,83,76,50,45,43,30,8,45,79,231,23,28,24,14,12,10,6,19,22,116,192,130,138,104,57,66,18,97,173,466,44,45,46,22,18,26,5,24,51,159
398.75,9,8,3,2,3,6,1,8,7,24,6,0,4,2,2,2,0,0,2,8,24,25,20,12,9,12,4,9,28,73,5,1,1,1,1,0,0,0,1,7,23,12,13,11,3,12,2,24,25,61,0,0,1,0,0,0,0,0,0,3,14,12,10,4,8,3,0,9,8,33,28,11,9,3,5,7,1,10,17,38,21,18,15,8,8,7,2,8,19,44,3,6,1,0,0,2,0,2,2,7,76,49,41,26,29,20,4,31,56,106,9,6,3,4,2,5,0,6,11,29,1,1,1,1,0,0,0,1,1,1,6,5,4,3,1,2,2,3,4,26,1,0,1,0,0,0,0,0,0,2,31,10,16,9,5,5,3,8,20,46,96,70,55,49,35,36,7,39,81,216,14,14,4,6,4,8,5,16,21,63,68,34,40,30,20,23,5,26,57,160,61,44,25,22,16,15,8,17,45,100,27,20,18,15,12,6,2,10,33,91,45,26,16,17,11,14,7,31,23,104,57,44,24,31,18,16,3,30,56,131,17,9,10,4,5,5,1,9,17,30,22,11,6,6,4,7,2,9,7,25,13,8,11,7,4,4,1,8,16,44,26,17,12,6,3,12,10,18,25,92,16,18,13,8,6,9,1,12,22,53,89,55,41,40,28,24,5,38,91,243,38,29,21,16,12,12,4,31,41,112,211,149,98,94,58,67,17,111,193,492,71,35,33,30,19,28,4,37,52,150
399.25,15,7,9,4,2,2,0,5,8,24,2,4,2,2,0,2,0,0,1,15,30,20,14,10,9,7,1,13,26,66,1,4,1,0,3,0,0,1,2,6,23,16,9,9,9,7,1,18,24,65,0,0,0,0,0,0,0,0,0,1,17,5,10,10,5,11,1,11,17,35,26,15,12,8,5,5,3,9,22,40,22,18,10,4,6,10,1,11,22,73,4,0,1,0,0,1,0,3,1,8,74,33,37,31,20,32,6,27,59,134,16,9,1,5,1,4,0,2,10,32,1,2,0,0,1,0,0,0,0,1,7,5,5,8,4,5,0,2,3,19,0,0,2,0,0,0,1,0,0,2,22,15,11,12,4,6,0,9,23,46,93,64,50,38,30,47,5,40,88,190,25,15,9,5,7,11,2,10,20,69,84,47,37,19,23,16,7,30,58,138,56,34,22,22,11,17,0,21,42,107,32,19,17,10,14,10,3,16,23,83,33,27,28,13,8,9,2,14,36,115,61,35,19,25,13,22,6,36,43,151,17,10,8,8,4,3,2,4,11,38,11,9,6,6,1,4,1,3,10,26,10,9,2,8,6,9,2,10,13,55,20,13,17,9,7,7,2,9,25,81,15,13,9,7,6,4,2,16,19,45,64,58,47,44,28,34,12,41,83,234,27,31,17,12,11,11,3,23,35,101,180,136,100,95,43,68,13,106,195,462,55,48,28,27,27,26,6,35,59,135
399.75,10,7,4,4,3,3,2,5,7,28,4,3,3,2,2,1,0,3,2,11,19,20,12,8,5,9,0,7,34,67,1,1,1,1,0,0,0,2,2,9,22,8,12,11,7,8,1,11,29,54,0,0,1,0,0,0,0,0,0,0,19,9,10,2,5,3,0,4,14,39,31,13,20,10,10,6,1,11,18,37,26,19,15,9,3,4,0,13,20,51,0,0,2,2,1,1,0,1,2,7,69,53,32,31,27,21,4,26,51,116,10,8,5,3,6,5,1,4,7,26,0,1,0,0,0,0,0,0,1,0,6,3,5,1,5,5,2,6,9,30,4,1,1,0,1,1,0,0,0,2,25,15,20,7,8,8,0,6,18,40,73,70,52,41,26,25,10,40,78,205,17,11,11,5,4,11,1,16,23,65,64,58,46,25,20,18,4,21,67,127,57,40,33,17,18,13,2,21,39,114,26,13,9,14,15,12,4,10,21,70,31,31,25,15,8,17,2,15,45,125,57,43,33,19,15,17,5,39,55,118,16,15,9,8,6,4,1,7,17,50,12,11,11,8,1,1,0,6,4,9,10,9,4,2,2,5,3,8,12,42,25,16,7,5,13,11,2,24,24,73,13,10,12,6,6,5,1,8,14,43,78,49,49,37,18,37,10,40,69,175,33,18,21,20,13,18,3,20,30,91,200,117,84,94,47,78,13,101,173,467,57,45,35,27,14,27,8,39,49,122
400.25,8,3,3,2,1,1,0,3,6,21,1,5,4,0,2,4,1,1,5,11,21,23,18,7,11,5,0,10,19,59,4,0,3,0,3,0,0,1,4,5,22,18,14,15,14,13,5,16,24,68,1,0,0,0,0,0,0,0,1,1,17,10,10,15,8,10,1,8,7,37,23,14,20,5,5,5,2,12,23,32,22,6,12,7,6,9,2,15,14,46,2,1,1,0,3,0,0,3,0,6,64,59,38,17,13,24,4,25,66,129,7,7,1,1,3,2,0,7,12,22,2,0,0,1,0,0,0,2,0,0,9,1,4,0,5,3,1,7,5,16,2,1,0,1,0,1,0,0,2,0,23,8,21,11,11,16,1,9,17,53,106,61,52,33,22,24,6,49,65,208,14,14,15,8,7,2,3,17,16,55,67,46,40,36,22,25,6,25,61,129,55,35,28,26,17,15,7,24,43,120,33,21,9,9,7,5,1,12,29,80,34,21,25,18,20,9,6,26,40,121,38,36,25,20,15,9,7,21,55,149,17,14,8,5,10,6,1,8,12,33,11,7,5,2,5,4,1,7,12,27,8,13,7,6,2,4,3,9,15,45,16,16,15,8,4,6,4,10,30,71,19,7,18,12,3,8,1,16,15,52,65,51,38,33,27,26,7,58,77,203,28,24,21,7,14,18,3,22,28,89,157,132,110,79,61,63,20,103,168,453,59,39,33,28,16,16,7,36,75,140
400.75,9,3,5,4,1,2,0,7,9,23,6,2,3,3,4,3,0,2,2,14,23,24,10,10,15,7,1,10,28,55,1,0,1,0,1,1,0,2,0,5,16,16,11,9,6,5,3,12,15,70,2,0,0,0,0,0,0,0,0,1,7,6,5,4,3,7,0,5,15,34,17,20,10,10,7,8,0,5,15,43,17,13,15,10,4,6,3,11,28,72,3,1,1,2,2,2,0,1,1,4,59,40,29,18,21,26,4,17,52,113,9,14,4,0,3,7,0,5,14,25,1,0,2,1,0,0,0,0,0,0,1,4,2,1,7,5,0,4,3,26,0,0,1,1,0,1,0,0,1,4,21,10,14,12,8,6,2,7,26,33,88,67,35,40,25,19,7,45,71,190,18,13,12,12,1,7,2,21,19,49,71,53,35,28,20,37,4,27,58,139,49,26,29,17,21,12,5,26,40,87,25,17,14,11,9,22,4,16,18,77,26,31,22,11,11,13,2,26,38,88,48,28,20,19,19,17,5,40,40,155,13,11,5,6,9,9,0,6,9,36,10,9,3,6,1,1,1,3,13,23,11,8,7,9,2,5,3,18,5,40,15,15,5,11,4,11,5,13,8,70,12,7,5,4,1,9,2,12,22,53,87,54,47,44,25,27,7,43,60,211,20,22,11,12,15,17,2,18,25,99,165,134,94,75,55,79,21,72,157,441,51,47,35,23,20,18,8,21,43,141
401.25,5,3,3,3,0,4,0,4,9,21,7,3,1,0,2,1,0,2,2,10,17,11,20,5,3,13,0,11,23,53,1,2,1,1,0,2,0,3,0,3,23,13,15,6,5,6,0,8,24,67,1,0,0,0,0,0,0,0,0,1,10,11,3,6,1,3,3,8,11,30,24,20,17,12,5,10,2,9,11,34,18,17,9,2,11,4,1,14,12,56,1,1,1,1,0,1,0,3,2,6,66,42,46,28,10,12,5,21,51,121,16,8,4,2,3,2,0,6,9,21,1,1,0,1,0,0,0,0,1,2,6,5,6,2,1,6,2,3,2,17,0,3,0,1,0,0,0,2,2,0,22,10,4,9,8,7,4,16,7,51,91,46,40,38,15,30,10,36,61,187,20,11,10,11,5,8,3,12,22,58,66,38,26,18,17,25,6,25,54,129,57,37,28,18,15,19,4,25,49,106,31,17,17,14,7,6,1,9,28,76,36,21,25,9,12,20,4,18,34,98,49,36,24,19,16,15,5,26,50,140,7,12,12,5,3,5,0,10,19,47,9,6,6,3,3,6,1,2,22,31,7,7,5,5,3,7,0,5,9,39,18,18,14,10,5,6,2,9,24,66,22,14,6,3,12,3,2,4,15,48,64,52,33,27,31,30,6,51,59,211,25,21,13,11,7,10,1,22,38,91,160,129,91,68,51,59,17,101,166,483,42,37,38,15,11,21,3,32,50,124
401.75,7,4,2,8,1,3,1,4,3,27,3,2,1,2,0,5,0,0,4,10,21,18,10,13,9,11,2,7,32,61,2,4,1,0,1,0,0,3,1,6,19,23,12,13,8,9,0,11,13,74,0,2,0,0,0,0,0,0,0,0,13,9,11,5,1,6,3,6,15,39,22,15,6,9,5,4,1,3,20,36,24,14,6,7,5,5,2,17,15,63,2,1,2,3,2,0,0,0,4,8,57,48,36,17,22,24,6,21,56,125,3,7,6,2,2,3,2,5,11,24,0,2,0,0,0,0,0,1,1,2,4,2,2,2,1,2,1,5,5,22,0,0,1,1,0,0,0,0,0,6,17,10,11,5,7,6,1,10,20,43,76,53,36,29,37,31,5,32,74,191,17,9,8,13,6,8,1,16,12,64,55,47,35,24,16,10,4,22,57,134,48,37,29,15,13,21,3,26,40,103,20,31,15,12,1,14,5,13,22,81,29,20,18,13,3,12,5,22,34,89,38,35,26,19,16,20,4,33,56,121,8,12,6,9,4,6,2,10,11,34,9,8,7,4,0,8,2,4,8,25,6,9,6,6,3,2,2,13,9,47,14,15,16,15,7,5,2,13,20,69,15,9,4,8,7,3,1,7,13,34,72,54,37,32,22,18,6,43,63,211,30,12,14,12,8,13,0,20,31,107,159,106,91,66,55,55,9,93,177,445,61,29,28,22,21,14,4,21,55,127
402.25,4,4,5,2,1,4,3,4,11,23,5,1,3,0,0,2,1,1,2,7,29,16,13,3,11,11,2,10,21,59,1,3,0,3,0,5,0,1,2,6,18,24,8,11,5,5,6,16,21,66,0,0,1,2,1,0,0,0,1,0,14,8,2,5,3,1,1,6,10,26,17,15,13,10,1,6,0,7,13,42,26,12,9,12,7,7,1,5,16,60,0,2,1,1,1,2,0,4,2,5,62,38,25,31,21,36,1,17,48,128,3,8,6,7,1,5,1,3,6,27,0,0,1,0,0,0,0,0,1,1,4,3,1,5,3,5,1,3,3,14,1,0,3,0,1,0,1,0,0,0,24,18,10,7,9,9,1,8,13,44,85,62,41,39,28,25,7,47,75,200,12,13,11,4,0,2,4,7,16,53,67,51,41,32,24,19,5,26,54,136,40,46,35,26,19,12,4,20,41,94,20,15,18,9,8,8,3,19,26,70,38,15,16,14,9,7,7,23,25,102,42,28,18,15,15,24,2,32,47,106,10,8,5,7,2,8,0,5,17,24,15,12,4,0,4,4,1,3,18,39,11,10,6,9,6,5,3,10,13,39,18,8,15,10,5,5,1,15,14,63,17,15,8,5,1,12,0,4,13,43,77,61,36,38,26,35,6,39,67,193,24,28,20,8,11,7,2,17,29,103,142,100,91,76,60,78,11,90,118,385,48,43,36,19,12,16,3,23,66,143
402.75,6,5,1,4,1,2,0,2,10,10,2,7,5,1,1,1,1,1,1,7,27,16,10,8,10,10,0,13,19,51,2,1,0,1,0,1,0,0,3,2,16,13,8,9,6,7,1,16,23,63,0,0,0,0,0,0,0,0,0,0,9,5,10,8,1,3,2,8,9,29,10,17,14,5,6,3,1,6,19,45,14,12,15,9,11,9,1,8,19,48,0,0,2,0,0,1,1,1,1,6,54,46,38,17,13,24,4,17,48,103,2,4,5,3,6,2,1,6,8,17,2,0,0,1,0,0,0,0,0,0,1,4,0,3,0,1,1,4,3,16,2,1,1,0,2,0,0,1,1,3,24,15,10,9,6,6,0,15,18,43,62,46,41,31,18,36,12,31,84,183,18,11,7,13,4,5,1,12,18,53,71,41,34,26,25,17,9,28,59,103,40,28,25,22,15,12,6,21,42,71,19,18,9,9,12,7,4,12,21,65,41,20,14,17,9,15,6,14,32,96,32,23,17,12,13,12,2,35,37,108,12,3,5,2,6,5,3,7,15,22,9,9,4,10,2,2,1,6,10,33,9,7,4,2,2,5,3,6,11,41,15,12,10,13,4,10,5,11,8,63,12,10,14,5,2,6,1,9,10,55,61,48,41,26,25,24,13,37,68,192,29,18,12,16,12,14,2,12,26,76,137,116,77,69,35,50,15,97,134,432,58,38,33,19,15,11,4,26,54,125
403.25,3,4,6,3,1,0,1,9,3,26,6,6,2,2,1,4,0,2,4,9,22,20,11,6,2,7,3,4,13,48,1,4,0,0,0,0,0,2,2,9,20,7,5,7,5,10,0,10,17,77,0,0,3,0,0,0,0,0,0,1,14,9,10,6,4,6,1,5,9,29,28,17,17,15,11,2,0,11,18,32,13,12,9,6,2,7,1,4,15,55,4,2,0,1,2,0,0,0,2,8,47,46,38,16,13,23,2,29,55,118,5,10,1,5,4,5,2,6,5,16,1,1,2,0,1,0,0,0,0,0,2,0,5,2,2,5,1,6,4,10,2,2,0,1,0,0,0,0,1,1,15,19,15,9,14,10,2,18,24,40,62,45,54,26,24,21,7,41,72,193,10,6,9,7,6,6,1,9,10,45,57,41,35,16,18,23,7,37,55,131,49,25,21,21,19,21,4,18,24,92,20,11,18,9,6,9,4,12,18,66,29,27,26,13,5,12,4,15,19,95,37,26,22,15,9,16,2,14,27,131,7,5,5,7,5,6,2,5,8,30,6,6,4,2,4,2,0,7,8,29,7,4,2,2,2,3,1,8,7,45,19,18,7,11,3,8,3,11,20,76,13,10,8,6,3,4,1,4,10,38,77,47,42,21,25,26,7,52,65,165,25,16,13,13,16,10,1,18,18,91,127,84,70,62,44,55,17,90,147,403,57,39,27,21,14,19,6,26,39,114
403.75,4,7,2,0,3,1,0,3,3,22,6,3,4,1,1,1,0,0,5,10,18,9,6,5,5,8,3,7,12,49,2,1,3,0,0,0,0,0,1,2,24,13,6,7,5,6,3,13,16,81,1,0,0,1,1,0,0,0,0,1,8,14,6,2,5,5,0,2,10,27,17,14,13,9,10,9,1,1,16,28,14,11,10,4,4,11,0,14,18,54,2,2,1,2,0,1,0,0,1,8,51,38,41,22,15,14,2,28,49,128,5,6,5,2,0,6,5,5,9,15,2,2,2,0,3,0,0,0,1,1,8,3,3,4,1,3,1,2,1,16,3,1,2,1,0,0,0,1,0,1,26,8,6,7,5,14,1,6,16,48,58,39,33,24,20,30,9,38,58,170,13,10,9,5,13,5,1,8,8,43,53,37,26,17,17,15,5,19,58,127,45,30,23,15,11,9,4,22,42,95,19,10,9,11,8,6,1,16,31,59,29,21,19,16,4,13,4,28,33,76,24,34,14,18,10,17,3,37,31,122,10,8,5,2,2,5,1,7,12,30,8,7,1,4,2,4,0,5,8,27,6,5,8,6,4,5,2,6,12,36,18,12,7,4,1,4,4,16,20,61,17,6,6,6,3,5,2,11,17,43,58,37,42,21,17,33,10,36,54,191,25,17,13,16,8,11,2,16,23,79,151,105,72,49,38,47,17,89,137,407,49,31,32,18,13,23,3,29,42,118
404.25,5,4,4,5,3,3,1,6,4,23,3,2,1,2,2,0,1,0,6,6,21,10,11,10,6,9,3,13,22,53,1,1,1,0,1,1,0,2,0,4,13,15,11,5,2,2,3,9,19,60,1,0,0,0,0,0,0,0,0,0,15,3,5,2,4,6,1,3,9,31,32,7,11,9,5,9,2,5,8,44,11,10,7,8,5,7,1,13,12,57,4,0,0,0,0,0,0,1,4,11,53,30,23,14,21,20,2,24,53,109,9,7,5,2,1,7,1,9,9,12,0,1,0,1,0,1,0,0,0,0,4,3,0,3,2,4,0,3,4,15,1,0,0,2,0,1,0,0,0,4,17,16,10,5,4,9,0,16,12,49,62,53,28,32,23,35,8,27,62,165,19,7,10,8,1,12,1,5,8,55,58,44,39,21,17,24,6,26,49,122,32,37,26,15,7,19,2,17,41,81,19,17,14,7,5,7,2,13,12,64,33,18,15,12,18,6,1,13,32,73,36,27,27,16,8,24,4,18,29,122,4,9,7,4,4,3,1,5,4,19,9,5,6,4,1,1,1,4,7,27,6,2,6,5,2,1,0,8,12,42,13,11,10,6,5,6,1,10,23,68,6,16,10,8,2,1,2,4,5,38,62,32,34,24,22,31,5,37,75,157,25,15,21,9,1,9,4,18,22,89,132,99,76,51,48,57,17,84,114,414,28,42,29,22,20,18,3,36,43,115
404.75,5,7,2,3,1,2,1,4,8,20,5,5,1,2,2,1,0,4,2,5,17,9,17,7,8,9,2,7,19,49,0,3,1,1,1,0,0,2,0,3,15,13,5,5,2,4,1,11,26,65,0,0,0,2,0,0,0,0,0,1,14,2,5,6,5,6,1,1,14,22,13,14,10,8,2,9,3,10,13,36,15,12,7,4,5,2,2,13,15,47,1,3,0,0,2,1,0,1,3,4,48,33,26,16,16,18,4,23,37,95,5,6,3,2,2,1,0,2,4,21,2,0,0,1,0,1,0,0,1,0,3,4,3,1,1,2,0,2,5,11,2,1,2,0,1,1,0,0,0,3,20,11,7,5,6,9,1,10,23,40,65,51,29,37,13,26,7,48,70,168,11,6,5,3,6,2,2,12,15,45,48,37,30,19,19,26,7,28,54,124,39,30,25,18,9,12,5,23,33,83,18,9,16,11,8,7,1,19,16,60,25,25,15,11,12,9,2,16,20,74,32,28,13,14,17,16,7,28,30,112,14,5,5,2,6,6,0,8,5,34,12,8,4,3,4,1,0,3,9,20,8,5,7,3,4,5,2,6,6,37,12,10,9,7,5,5,4,8,20,55,13,7,9,4,5,7,0,8,9,50,51,47,34,24,11,28,7,47,58,177,15,9,11,11,4,9,6,9,26,64,123,97,65,59,48,48,15,92,137,376,43,25,30,18,15,18,6,23,35,95
405.25,7,1,4,5,2,0,1,4,8,16,6,4,0,1,1,2,0,1,4,8,14,11,8,9,1,5,1,13,16,42,2,0,0,1,0,1,0,3,5,5,12,14,11,5,4,4,3,8,13,60,1,1,0,0,0,1,0,0,0,0,9,9,7,3,4,6,1,5,11,34,18,5,12,5,7,6,3,8,17,34,14,8,9,6,7,9,1,11,12,42,1,1,2,0,1,2,0,2,3,5,31,24,29,21,18,19,7,34,36,93,6,4,5,2,1,1,1,5,6,21,1,1,1,0,1,1,0,1,1,3,1,2,1,4,2,0,0,7,8,19,1,1,0,1,1,1,0,1,0,0,18,13,11,7,4,6,2,7,9,50,53,47,42,29,24,19,8,37,69,181,16,11,9,12,7,7,2,7,9,44,54,38,24,22,10,20,2,26,31,120,37,26,20,17,12,9,3,19,36,77,21,12,13,7,8,9,3,12,18,72,24,20,11,20,12,4,2,14,35,73,33,13,20,14,9,11,4,28,38,121,14,8,8,1,1,8,0,7,10,28,8,2,8,5,1,4,1,2,7,21,6,8,5,4,3,3,2,5,5,37,10,13,12,5,3,1,3,17,15,57,18,9,5,8,5,1,0,6,13,46,40,52,34,28,16,28,6,30,54,169,16,12,13,8,8,12,3,17,36,71,95,77,74,55,30,55,11,85,128,370,46,31,21,16,20,12,2,22,33,103
405.75,6,5,4,3,0,1,1,4,4,18,7,3,2,2,1,2,0,3,9,10,19,12,12,4,6,10,2,15,12,56,1,2,0,1,1,0,0,3,1,6,13,9,12,5,7,2,1,6,14,41,1,0,0,0,0,0,0,0,0,1,9,10,2,5,3,2,0,3,6,25,22,9,10,10,9,10,4,7,14,25,9,16,9,7,1,4,1,11,19,46,4,2,1,1,0,1,0,2,0,7,58,33,22,23,12,20,3,17,52,108,3,6,5,3,0,2,0,5,3,16,1,0,0,0,0,0,0,0,2,1,3,6,4,0,1,3,1,3,1,22,1,2,0,0,0,0,0,0,2,1,20,11,12,8,6,5,1,7,14,40,48,49,25,26,20,31,10,40,56,186,12,8,7,8,2,6,1,16,8,56,60,29,21,21,14,21,7,16,40,115,36,30,19,12,14,19,4,7,29,86,13,21,13,8,5,8,1,9,13,69,27,10,15,16,4,7,2,13,25,59,31,27,23,10,10,9,4,25,30,82,14,10,11,5,5,5,2,1,10,27,8,7,8,3,2,5,0,7,8,24,8,4,5,2,3,4,1,9,8,34,17,12,6,11,6,4,5,13,15,56,12,12,12,5,5,1,0,8,7,39,49,37,31,31,21,22,4,38,51,164,21,10,13,6,4,11,1,22,11,53,112,81,73,52,31,44,10,89,110,393,39,30,23,15,11,15,5,22,34,121
406.25,7,4,4,3,3,4,0,4,4,18,7,2,3,1,1,0,1,0,7,8,18,19,11,10,9,3,4,7,8,45,2,0,0,0,0,1,0,1,1,4,14,16,10,5,3,8,2,12,14,75,0,0,0,0,0,0,0,0,0,1,6,5,8,1,2,4,4,5,10,37,23,22,10,6,4,5,1,5,13,35,13,11,12,8,3,6,3,8,9,48,0,2,1,0,0,0,0,2,3,6,50,36,20,19,20,12,2,21,36,105,8,5,1,3,4,0,1,0,8,17,0,0,0,0,0,1,0,1,1,0,3,2,3,3,0,3,0,9,3,16,1,0,1,1,0,1,0,0,2,3,16,12,12,5,2,7,2,6,16,36,64,35,34,23,17,18,4,36,54,166,12,11,11,6,1,8,2,12,10,41,46,24,29,28,17,17,3,24,43,117,33,21,12,17,15,10,6,16,39,81,15,6,12,8,6,10,1,12,17,76,27,16,15,11,6,10,3,11,23,88,31,24,23,13,6,11,3,23,35,109,10,13,5,4,1,4,0,6,13,32,3,6,4,3,1,2,1,2,7,11,6,4,7,2,2,2,2,8,8,29,12,10,15,13,5,9,0,13,6,51,13,12,8,6,3,4,1,7,21,39,57,29,30,28,24,17,12,36,54,179,12,8,10,11,12,5,4,16,13,79,121,79,64,45,26,39,20,66,108,317,42,22,27,23,20,16,5,25,36,128
406.75,6,2,1,0,4,4,1,2,2,17,4,2,2,3,4,1,0,2,4,7,16,15,13,10,5,3,0,11,13,45,1,1,0,0,0,2,0,2,1,4,15,9,4,6,6,6,1,15,14,49,0,0,0,0,0,0,0,0,1,0,6,4,9,3,0,1,2,6,8,23,17,8,6,9,4,7,1,7,19,18,12,9,4,8,0,4,1,10,11,44,0,0,1,0,1,0,0,4,0,4,40,29,24,18,7,13,3,23,27,101,12,2,5,3,3,5,1,5,5,17,2,2,0,0,0,2,0,1,1,3,3,1,3,1,2,0,1,6,5,14,3,0,1,0,1,0,0,0,0,2,20,15,10,5,9,5,1,5,16,36,57,36,25,19,17,25,8,44,41,173,7,16,9,3,3,5,1,10,11,34,49,28,24,26,8,13,4,20,35,112,39,28,14,15,10,10,2,10,30,97,17,12,7,8,5,6,1,17,20,42,23,23,18,15,5,10,0,12,18,64,20,17,21,12,6,6,4,25,45,89,6,3,4,6,0,5,1,6,11,35,7,5,6,1,2,1,0,5,10,23,8,4,3,4,7,3,1,3,7,39,11,10,3,6,2,6,1,9,17,55,12,11,9,8,5,6,2,6,8,38,42,28,29,22,8,23,6,41,51,162,8,16,8,6,8,6,1,10,10,91,102,81,78,55,51,42,17,74,92,357,32,19,20,12,15,17,3,18,39,105
407.25,3,7,0,5,1,1,2,5,5,22,8,1,2,2,0,2,0,2,1,10,14,12,10,6,4,7,1,9,17,29,5,1,3,0,0,0,0,1,4,7,12,8,3,5,2,6,3,10,20,40,1,0,0,0,0,0,0,0,0,0,4,7,5,4,5,4,2,10,8,30,12,13,10,7,4,8,2,6,10,28,13,4,9,4,5,2,2,5,11,34,0,3,1,0,0,0,0,2,1,3,35,32,27,21,10,17,4,15,47,103,7,5,1,2,4,5,2,3,2,17,0,0,1,1,0,0,0,0,0,3,2,1,1,2,0,1,2,2,3,10,3,1,0,0,1,0,0,0,1,5,15,17,10,9,3,6,0,18,12,37,56,26,38,25,11,24,5,41,56,154,11,10,11,5,4,3,2,3,11,39,48,31,24,25,13,14,3,25,37,103,38,26,16,12,13,16,1,26,26,93,17,11,9,10,5,11,1,13,21,53,26,19,7,10,9,5,2,20,24,55,27,18,12,13,7,9,1,22,24,96,8,13,4,3,1,5,1,9,5,21,10,9,0,3,4,3,0,9,4,25,12,6,2,6,5,7,5,5,7,29,13,7,5,4,3,7,2,5,15,42,8,9,3,6,7,4,0,5,20,39,38,26,26,17,14,13,9,38,54,150,16,10,9,11,6,9,2,21,16,57,97,84,65,57,25,33,16,82,101,311,44,29,19,19,12,12,5,16,36,124
407.75,3,6,2,0,1,2,1,6,5,22,0,3,2,2,0,2,0,1,2,7,16,12,14,9,8,8,0,8,9,44,1,2,1,0,0,0,0,2,1,6,9,11,4,6,5,6,3,12,13,53,0,1,0,0,0,0,0,0,0,1,10,6,2,2,2,4,0,6,11,22,14,5,16,17,2,4,3,9,5,37,12,10,5,9,2,5,0,7,11,29,3,0,0,0,0,0,0,1,1,6,53,26,26,12,18,7,2,29,56,107,5,3,0,2,3,3,0,2,9,15,0,0,0,1,0,0,0,0,0,3,2,2,4,1,0,0,2,1,4,12,2,0,0,0,0,2,0,0,0,1,16,16,11,8,5,6,2,12,13,29,42,40,34,30,17,27,7,36,46,161,11,5,3,5,6,4,3,6,9,49,36,34,22,13,13,14,4,31,48,102,44,19,25,12,10,11,3,20,29,75,14,10,8,10,3,7,1,12,24,50,23,19,13,13,10,18,2,11,26,79,19,28,16,10,9,14,4,23,23,96,7,9,5,6,3,3,1,7,12,27,9,8,4,3,4,2,0,8,7,28,7,4,8,1,1,3,1,5,5,37,16,9,4,8,5,3,2,10,11,56,4,10,3,4,2,3,1,7,10,28,43,27,33,23,13,19,5,33,41,166,12,11,10,9,3,11,2,21,27,71,97,70,54,49,34,48,13,68,97,340,35,23,27,16,15,28,8,16,41,111
408.25,3,5,0,1,1,0,1,0,1,14,4,5,1,2,1,1,0,3,4,6,22,5,3,10,10,5,1,9,14,42,0,3,1,0,0,0,0,2,2,5,12,12,10,6,4,5,2,12,9,32,0,0,0,0,0,0,0,0,0,1,10,4,2,1,2,2,0,4,8,20,16,15,12,7,4,4,1,6,11,28,11,9,10,3,3,3,3,10,12,46,1,1,2,0,0,0,0,1,0,3,46,35,25,25,14,23,5,16,26,76,2,1,5,1,2,2,1,1,4,20,0,1,0,0,0,0,0,1,2,1,3,2,0,0,2,2,3,9,5,14,0,0,1,0,1,0,1,0,0,3,19,10,5,10,5,2,3,11,17,36,31,32,26,21,10,17,6,26,43,139,12,15,6,10,4,2,3,6,6,38,35,38,21,14,14,22,3,17,35,90,43,19,17,6,8,18,1,19,28,78,9,6,11,4,3,5,2,11,14,53,23,21,12,10,5,9,4,13,18,80,24,14,19,6,7,11,1,18,30,94,11,8,7,8,1,3,0,5,10,23,9,3,2,3,2,3,0,1,6,17,8,3,4,3,4,0,1,7,4,34,4,8,5,6,3,2,1,12,11,47,17,6,4,7,3,2,0,12,9,31,36,24,24,23,17,17,9,35,51,150,9,16,8,7,4,8,2,10,8,70,82,71,58,57,41,32,12,64,83,336,33,27,20,17,16,14,5,27,40,101
408.75,1,3,5,1,2,1,0,0,6,13,4,4,5,0,2,0,0,1,5,9,14,12,11,8,9,11,4,11,10,58,1,1,0,2,0,0,0,0,0,3,14,10,7,5,5,3,2,15,15,40,0,0,0,0,0,0,0,0,0,0,8,7,5,7,3,1,1,2,4,25,11,6,11,1,6,2,1,8,8,33,10,8,8,5,7,5,2,9,15,33,1,0,0,0,0,0,0,2,0,6,47,26,21,11,15,14,2,12,31,106,8,2,1,1,1,2,2,5,11,13,0,0,2,0,0,1,0,1,0,0,2,1,1,2,0,1,0,3,4,11,4,0,1,0,1,0,0,1,0,2,16,6,10,8,1,9,3,10,16,37,40,29,28,13,13,18,10,23,37,131,14,8,3,4,4,1,4,8,15,43,54,24,26,14,16,15,4,23,45,92,23,33,28,9,7,15,5,13,36,77,15,12,9,7,7,5,4,7,13,44,30,17,11,14,11,10,2,18,19,72,32,14,14,15,11,6,2,20,28,93,11,4,4,2,5,1,1,7,6,29,2,6,1,1,2,2,1,4,6,16,4,4,3,5,2,3,3,12,8,27,6,9,9,3,5,0,1,11,10,40,12,6,6,5,4,11,2,8,11,43,46,30,22,27,9,14,8,32,36,159,12,7,9,12,11,11,5,18,11,59,104,76,40,45,25,38,15,66,107,339,33,17,27,22,6,10,4,16,32,112
409.25,6,4,2,2,0,3,0,10,1,13,6,2,2,0,2,1,0,2,6,5,15,14,5,6,6,5,2,13,16,41,0,0,0,3,1,0,0,2,0,4,17,11,3,5,5,3,4,15,18,56,0,0,0,0,0,0,0,0,0,0,7,4,3,2,3,4,0,5,7,21,18,11,8,11,4,10,2,4,12,28,10,6,5,6,3,2,0,11,10,39,3,1,0,2,0,2,0,1,2,5,34,23,21,13,10,11,6,13,31,100,6,2,10,1,0,3,0,3,3,11,2,0,0,0,1,0,0,0,2,0,4,2,2,3,1,1,1,5,1,7,2,2,0,0,0,1,0,0,1,1,7,10,10,4,5,2,0,7,12,33,37,43,26,22,9,9,5,29,31,148,8,7,4,4,5,3,0,2,12,33,41,27,25,13,11,9,3,23,29,108,27,24,28,12,8,7,3,14,17,74,20,17,5,7,8,7,1,14,8,51,22,15,13,4,8,3,1,15,21,64,31,16,14,10,11,8,4,22,20,100,10,2,3,3,3,2,1,10,15,28,7,4,3,1,3,1,0,8,9,12,7,4,5,3,3,3,3,11,7,26,10,6,6,8,8,8,0,6,16,47,4,7,3,3,3,4,1,5,10,33,39,39,24,16,16,15,11,25,36,156,22,7,8,6,6,4,2,17,12,61,90,80,59,47,32,40,14,71,86,339,26,20,16,12,12,15,3,15,26,88
409.75,3,2,2,4,1,1,0,4,5,15,8,2,1,1,0,1,0,4,4,10,7,11,6,7,5,6,0,7,21,38,1,0,0,1,0,1,0,1,1,7,8,12,4,4,1,4,1,12,5,54,0,1,0,0,0,0,0,0,1,0,8,7,10,1,3,2,0,3,10,31,19,12,6,8,5,2,1,11,11,35,13,10,6,2,4,6,3,5,8,33,0,0,0,1,1,0,1,1,3,7,47,29,29,16,18,16,2,15,30,80,7,1,3,2,1,2,0,2,5,13,0,0,1,0,0,0,0,0,0,0,2,1,2,1,0,0,0,4,3,11,1,2,2,0,0,0,0,1,4,0,12,4,10,9,6,3,1,7,17,39,47,32,20,16,10,12,7,25,42,138,8,10,4,3,3,5,1,13,12,44,41,24,26,9,13,19,4,20,36,97,44,13,9,16,11,7,4,19,26,66,16,5,8,12,4,5,2,7,9,45,17,13,8,11,7,5,1,13,23,67,22,22,11,13,8,12,3,13,19,91,4,4,4,2,0,3,2,4,9,26,9,3,4,5,2,2,0,2,5,16,3,4,3,2,1,2,1,12,4,19,9,1,3,4,1,6,5,9,11,45,8,4,4,4,0,4,1,9,7,24,51,27,25,29,13,20,2,29,42,153,12,8,12,6,5,6,4,20,21,58,105,93,62,33,32,39,16,66,79,335,34,31,24,17,13,7,3,17,30,102
410.25,2,0,2,0,0,2,0,1,5,16,7,1,2,2,1,1,0,1,1,7,15,12,8,11,3,10,0,11,10,36,0,0,0,0,0,0,0,1,3,7,9,3,11,3,1,5,1,14,10,23,0,0,2,0,0,0,0,0,0,0,5,4,3,1,3,3,0,5,2,20,18,15,4,8,3,4,0,4,12,20,13,4,5,4,5,2,1,9,14,33,1,4,0,1,0,1,0,1,1,3,39,17,18,14,9,20,2,22,33,99,5,4,2,2,1,2,1,2,6,19,1,1,2,0,0,0,0,0,0,1,2,3,1,4,1,2,1,1,0,24,1,1,1,0,0,0,0,0,0,3,9,5,11,6,4,4,1,3,5,37,55,22,25,23,23,22,6,29,49,136,9,6,4,4,2,4,0,10,17,47,51,39,19,13,8,18,4,29,34,105,30,19,21,13,6,16,0,11,33,77,16,12,12,3,3,9,0,7,13,41,17,9,13,4,7,7,5,16,20,57,28,22,17,12,10,12,4,26,35,86,11,7,5,6,2,2,3,6,13,28,5,5,2,2,0,3,0,2,10,22,8,3,3,4,4,1,0,6,3,22,9,0,2,7,2,3,0,12,14,39,14,11,5,7,2,1,0,9,13,30,49,27,26,18,9,12,4,27,26,133,15,12,8,4,5,6,5,16,13,69,96,68,65,37,39,28,13,70,102,309,34,12,19,11,7,20,3,24,24,93
410.75,2,0,2,3,2,2,1,2,4,14,4,4,1,4,0,2,1,1,1,5,12,10,9,4,2,4,3,8,11,41,2,1,0,0,0,0,0,1,0,4,8,10,3,7,4,7,1,13,10,46,0,0,0,0,0,0,0,0,0,0,2,4,6,3,3,4,0,3,10,24,17,9,6,4,3,4,0,6,5,29,12,12,7,5,3,4,1,7,9,34,0,0,3,0,1,0,0,0,0,3,44,19,16,19,8,14,5,24,33,82,5,3,4,4,1,1,0,3,5,11,2,1,0,0,2,0,0,0,0,1,4,3,2,0,0,0,0,2,3,13,1,0,0,1,0,2,0,0,0,0,16,5,4,8,4,8,2,2,14,32,44,32,29,19,15,10,5,23,40,141,9,4,3,2,1,5,2,12,10,39,53,26,27,14,11,20,8,23,40,95,37,15,13,15,12,11,1,19,33,82,17,5,9,12,2,6,0,17,14,46,29,14,8,8,8,8,2,16,15,68,21,25,16,12,9,11,4,10,30,105,14,5,4,3,1,2,0,6,6,33,12,1,2,0,1,1,1,3,8,20,2,3,3,4,0,2,0,8,7,21,9,5,6,3,3,4,1,8,9,43,7,8,5,2,2,4,1,6,15,27,34,29,13,15,10,14,6,20,37,124,17,11,3,10,5,7,7,14,14,59,97,71,45,38,16,32,10,62,82,360,30,12,16,10,8,15,5,19,26,117
411.25,2,1,2,0,2,2,1,5,5,12,4,1,0,0,1,0,1,2,4,7,12,13,15,1,5,1,3,12,10,42,0,1,0,0,1,0,0,2,2,3,11,5,3,0,3,5,3,4,18,31,0,0,0,0,0,0,0,0,0,1,7,6,7,7,4,2,0,4,7,24,22,12,9,7,5,3,1,8,14,35,13,6,7,2,4,5,1,13,7,39,0,0,0,0,1,0,0,0,1,3,29,27,29,16,11,15,5,29,37,79,5,2,3,0,1,0,0,8,5,11,1,0,0,0,0,0,0,1,0,1,0,0,0,0,0,0,0,3,3,19,0,2,3,0,2,0,1,1,0,4,11,4,5,5,5,4,1,11,10,34,34,37,33,14,15,14,7,23,58,122,9,5,6,3,3,2,0,7,10,25,33,28,18,13,10,11,3,19,33,99,29,13,11,7,11,7,2,14,19,67,11,10,8,4,6,6,2,14,10,45,17,13,13,6,8,7,0,14,19,62,27,9,16,6,6,7,3,24,22,78,5,5,4,6,1,0,3,4,3,24,6,4,6,3,0,2,0,1,3,16,7,4,4,0,0,5,0,1,2,29,5,9,8,5,2,9,1,7,5,53,8,5,4,5,0,8,1,6,3,39,47,31,27,21,12,16,3,22,27,139,16,12,12,5,5,7,2,12,16,64,91,47,46,30,23,29,9,65,86,281,34,16,24,10,7,7,8,24,30,87
411.75,3,3,1,0,1,1,0,2,4,14,3,2,2,1,0,2,0,2,4,3,17,8,5,6,5,4,2,9,15,48,0,0,0,0,0,0,0,1,1,4,13,11,3,3,6,1,0,8,5,53,1,0,0,0,0,0,0,0,0,3,7,3,3,3,0,1,2,2,5,27,22,18,6,5,3,4,0,10,13,28,18,6,5,1,3,5,3,10,12,27,4,0,0,0,0,0,0,2,1,7,23,15,16,14,7,9,3,17,32,96,1,3,2,2,1,2,1,2,4,13,0,3,1,0,1,1,0,0,1,0,5,0,0,0,0,0,1,8,2,5,1,0,1,0,1,0,0,0,2,1,7,12,7,5,1,4,1,9,9,29,30,21,19,21,13,14,9,23,36,126,5,9,4,4,1,2,0,5,7,31,38,32,24,18,16,9,5,15,35,84,31,21,15,8,6,14,2,19,29,60,18,8,11,2,6,5,5,12,16,57,20,21,10,11,3,16,1,12,21,52,24,12,12,8,10,13,0,23,14,84,7,5,4,3,2,1,1,3,9,21,6,3,3,4,2,2,0,5,2,18,5,3,4,3,1,2,0,5,3,22,8,5,6,3,3,6,2,9,1,34,11,8,9,8,1,3,1,7,7,20,39,29,26,14,10,10,4,30,32,119,11,16,3,10,3,7,4,13,8,58,80,62,53,37,31,48,22,64,89,305,44,18,10,15,15,14,3,23,10,86
412.25,4,1,1,1,1,1,0,3,1,16,0,6,3,1,0,0,0,2,2,7,12,5,8,9,2,9,2,6,12,34,0,0,1,0,0,0,0,2,3,7,15,16,2,6,4,2,3,12,9,32,0,0,0,0,0,0,0,0,0,0,5,3,2,3,4,5,1,3,5,19,16,10,13,5,2,7,0,4,15,38,12,2,9,5,3,5,3,11,8,29,2,2,0,1,0,1,0,0,2,4,45,20,17,12,12,11,1,18,28,74,6,1,2,5,2,1,0,3,4,16,1,0,1,0,0,0,1,0,0,0,1,5,0,1,0,0,0,2,4,18,1,0,0,0,0,1,0,0,1,3,13,5,2,6,5,3,3,12,5,33,31,26,22,13,7,16,7,26,31,143,7,7,2,4,1,2,1,11,9,20,46,22,19,19,10,9,3,19,38,90,33,22,17,6,7,10,1,14,27,80,19,14,10,9,6,2,5,14,13,45,16,10,8,5,3,7,4,15,15,61,21,15,8,10,12,9,6,16,17,73,5,3,2,3,5,2,1,5,3,13,4,4,3,3,0,2,1,5,6,23,6,6,1,0,1,1,0,2,6,21,6,7,9,5,5,1,2,6,2,42,8,6,8,1,4,2,2,5,8,26,37,16,22,19,15,11,3,23,48,108,12,11,6,5,5,5,2,11,13,55,86,62,41,28,31,34,9,54,75,281,35,15,20,25,12,15,4,20,30,84
412.75,4,2,1,0,1,1,1,2,3,11,3,4,3,1,3,0,0,0,0,5,12,1,7,5,3,7,1,9,8,36,2,0,1,0,0,0,0,0,0,0,17,9,7,6,1,2,4,10,13,37,0,0,0,0,0,0,0,0,0,0,9,6,1,3,4,4,2,4,5,22,25,12,5,7,5,7,3,5,15,25,8,3,8,8,1,1,1,10,8,20,1,0,1,0,0,1,0,1,2,5,33,24,10,14,6,8,5,13,36,70,6,1,2,4,1,2,0,4,6,8,2,0,0,1,0,2,0,0,1,0,3,3,2,2,1,0,0,1,0,9,2,1,1,1,0,0,0,0,0,1,18,9,5,5,0,1,0,7,13,33,30,21,18,8,14,19,3,29,29,130,9,8,6,3,4,2,1,13,10,29,45,23,18,15,10,16,2,19,25,97,26,21,16,10,5,2,5,11,21,81,11,4,6,3,5,9,2,8,9,44,14,17,7,10,3,9,3,12,16,57,32,18,12,8,7,8,4,17,24,73,7,8,4,2,1,6,1,1,6,21,10,5,4,3,6,1,0,2,4,12,4,4,2,3,2,4,2,8,2,15,5,5,2,1,2,4,2,9,7,37,11,4,7,1,1,2,2,1,3,40,37,17,18,13,12,20,5,34,38,117,9,9,8,2,3,3,1,15,10,43,75,57,41,41,27,27,8,64,71,301,25,20,18,12,10,9,7,19,22,94
413.25,1,5,1,1,2,2,1,3,3,15,3,1,2,1,1,2,1,0,1,5,14,10,8,3,5,4,1,9,15,38,0,0,1,0,0,0,0,0,1,4,4,14,5,3,2,5,1,3,17,42,1,0,0,1,0,0,0,1,0,0,4,4,2,2,3,3,1,4,6,15,13,10,12,7,3,3,0,6,10,23,12,5,5,2,3,3,0,7,6,38,2,1,1,1,0,1,0,0,2,6,30,18,17,15,6,9,2,9,32,78,5,4,1,0,9,0,0,9,4,11,1,0,0,0,1,1,0,2,0,1,1,2,0,1,0,0,0,0,0,7,1,0,0,0,0,0,0,3,0,2,10,13,9,4,1,3,1,9,13,29,35,20,21,28,8,8,4,20,41,113,8,6,2,1,2,3,1,12,4,35,39,23,16,14,9,13,5,15,24,82,31,14,14,15,9,10,1,15,19,70,13,8,7,5,7,6,1,12,10,44,22,11,7,10,5,3,3,19,25,56,12,19,5,12,4,11,3,12,18,73,4,2,5,0,2,2,0,4,4,18,4,7,2,0,1,1,0,0,6,14,4,1,7,3,2,0,0,2,3,34,11,12,7,4,2,4,3,5,8,38,8,4,5,3,1,2,0,7,6,29,30,23,20,26,11,7,3,31,25,117,10,5,11,3,4,9,3,13,17,40,63,57,43,33,23,27,9,47,66,279,16,23,14,11,9,10,5,24,21,92
413.75,5,2,0,0,0,1,2,2,5,19,4,1,3,1,2,1,0,2,3,5,14,11,9,4,5,2,0,10,11,28,1,0,0,0,0,0,0,0,0,4,10,7,4,1,3,0,0,7,12,39,0,0,0,0,0,0,0,0,1,0,5,3,6,6,2,3,1,3,4,14,24,9,6,8,5,1,0,13,11,24,12,8,5,3,8,6,1,6,9,22,4,0,1,1,1,1,3,3,0,7,28,17,18,14,15,10,0,14,26,72,2,4,8,1,0,1,0,3,1,14,1,0,0,0,0,0,0,0,2,0,3,2,1,1,0,0,1,0,3,10,1,0,1,1,1,1,0,0,1,2,9,5,9,5,5,3,1,5,8,30,35,24,17,17,8,11,6,26,38,89,3,4,1,2,1,4,0,1,11,29,36,27,21,9,12,19,3,18,38,86,30,27,14,16,5,10,0,14,23,57,13,9,7,7,0,6,1,12,9,45,16,15,5,6,5,8,3,11,12,55,21,15,11,4,4,7,2,18,19,74,7,6,6,4,5,1,3,5,4,19,8,3,3,2,0,4,0,7,7,17,4,4,3,4,0,2,1,5,2,19,9,8,5,4,1,3,2,10,6,48,8,6,8,3,3,1,0,8,7,21,27,24,18,6,8,12,5,28,24,101,15,10,6,5,0,5,1,11,10,39,85,62,38,30,20,29,12,61,65,258,34,37,15,7,5,11,4,19,26,71
414.25,3,2,0,0,0,1,1,1,0,15,4,1,1,2,1,2,0,1,4,3,9,9,5,7,4,7,1,7,9,35,0,0,0,0,0,0,0,0,0,3,10,7,2,2,0,0,4,4,14,30,0,0,0,0,0,0,0,0,0,2,8,5,0,4,2,1,1,4,5,16,12,7,7,6,3,3,1,5,15,30,5,4,6,7,5,7,2,6,5,26,0,0,0,1,0,0,0,0,2,2,38,18,18,10,13,15,5,19,25,61,3,2,2,0,2,2,0,3,8,17,1,0,1,1,0,0,0,0,1,3,2,1,2,2,1,0,0,1,4,4,2,1,1,1,1,0,0,0,2,0,9,12,5,4,6,2,3,7,8,29,31,28,12,17,12,8,5,22,22,102,7,6,1,2,1,2,2,6,10,33,23,26,16,18,7,9,0,32,37,81,27,21,15,12,6,7,0,16,21,63,7,8,4,4,7,6,1,11,9,41,10,9,12,6,4,5,3,14,14,55,18,13,6,11,6,11,5,20,16,73,6,6,2,1,2,3,0,7,5,24,7,7,4,2,2,2,0,5,4,19,6,3,1,4,1,3,3,7,1,24,6,5,2,6,0,3,1,12,8,36,12,7,3,6,4,0,1,10,7,22,42,27,15,11,7,15,2,27,31,84,6,2,4,4,3,6,1,13,10,48,92,51,35,32,27,29,12,57,71,253,27,18,20,19,10,10,2,28,24,71
414.75,2,2,3,1,0,0,0,3,7,9,6,6,1,0,0,1,1,1,2,5,17,4,2,2,3,7,2,9,9,27,0,1,0,1,0,0,0,2,0,3,5,4,5,4,7,4,2,7,15,46,0,0,0,0,0,0,0,0,0,0,3,4,6,2,2,4,1,7,1,13,8,9,9,6,5,7,2,6,13,29,10,8,6,4,3,4,1,7,8,29,0,0,1,0,1,0,0,0,0,3,20,27,17,9,8,9,3,10,15,65,4,4,2,0,2,2,0,1,2,11,1,3,2,0,1,0,0,3,0,1,2,0,1,1,0,0,0,3,4,17,1,0,0,0,0,0,0,1,2,1,9,5,5,3,1,5,2,6,9,23,38,29,17,10,12,10,3,21,29,117,7,7,4,1,0,4,1,4,5,22,30,33,22,14,9,15,1,20,28,86,21,14,17,8,9,11,1,11,15,63,18,12,11,6,8,3,2,14,10,35,17,14,6,12,4,9,0,11,19,45,24,26,13,10,3,7,3,9,14,78,3,3,2,4,0,1,1,4,9,28,4,2,4,2,1,1,0,6,7,10,5,12,4,2,4,5,2,3,4,18,8,6,2,3,4,2,2,8,9,35,8,6,7,1,6,3,1,7,11,26,23,22,18,18,5,13,3,25,16,115,11,12,9,6,2,3,0,15,15,44,75,50,47,33,16,26,13,58,62,254,24,14,15,8,5,13,3,18,23,66
415.25,2,2,2,1,1,1,0,3,2,10,3,1,1,1,1,1,0,0,4,6,8,6,8,4,3,5,0,4,10,32,2,1,0,0,1,0,0,1,1,5,8,8,10,4,3,2,2,7,5,33,1,0,0,0,0,1,0,0,0,1,5,3,3,2,2,1,1,3,5,14,15,7,5,7,0,3,0,0,17,28,8,10,8,3,4,3,0,8,9,20,0,1,1,0,0,1,0,0,2,0,25,14,20,10,8,11,1,22,21,51,4,4,3,3,2,3,0,9,4,9,0,0,1,1,0,1,0,1,0,2,4,5,2,2,0,1,0,1,1,9,2,0,0,0,0,0,0,1,0,3,12,5,6,4,5,4,2,9,11,18,44,24,17,13,7,12,3,22,26,116,8,1,4,4,1,2,0,8,8,26,30,23,15,15,8,11,4,20,27,83,25,19,16,10,9,8,1,13,26,67,13,6,4,4,2,9,3,8,5,40,15,11,9,5,5,4,0,10,13,48,18,19,12,8,6,9,3,14,22,68,4,3,4,2,2,3,1,5,4,27,7,4,2,0,1,2,1,3,0,19,7,3,2,3,2,6,0,9,9,22,5,4,3,3,6,0,1,6,7,29,9,7,2,8,3,0,1,4,14,26,27,17,17,17,20,12,3,22,29,123,5,6,2,4,3,4,1,14,13,40,76,52,48,28,29,23,5,57,62,227,21,22,11,14,7,9,1,19,18,78
415.75,2,2,2,1,1,0,0,6,3,15,1,1,2,1,0,0,0,1,3,3,11,13,6,6,6,2,1,11,7,26,1,1,0,0,0,0,0,0,0,4,5,5,5,4,3,6,3,8,4,33,0,0,0,0,0,0,0,0,0,0,8,3,2,2,1,2,1,3,5,18,17,11,4,5,2,2,2,4,10,40,8,9,7,5,3,2,1,6,4,32,0,1,1,1,0,0,0,2,1,2,15,19,21,11,7,10,1,21,31,56,3,3,1,3,0,4,0,0,1,18,0,0,0,1,0,0,0,0,1,0,2,2,2,2,0,0,0,1,4,12,3,1,1,0,1,0,1,1,0,2,10,7,6,6,4,2,1,5,8,29,37,21,15,11,2,15,2,22,32,97,6,3,3,5,1,1,4,12,9,26,30,25,20,13,10,6,1,20,35,74,24,27,13,13,5,4,1,10,27,48,13,4,9,3,4,5,3,10,14,50,19,8,9,9,4,2,1,7,15,43,15,13,7,8,2,8,5,18,25,71,12,4,3,2,2,2,1,6,5,20,4,5,3,2,0,2,0,2,6,16,4,0,1,3,0,1,2,7,4,18,5,4,4,0,3,2,1,6,9,25,5,4,6,5,1,4,0,3,4,23,14,20,16,10,5,7,2,33,33,102,8,3,3,7,5,3,3,9,6,41,71,54,27,35,23,26,7,51,68,238,31,16,7,15,7,8,4,12,16,74
416.25,0,2,2,1,1,0,1,3,3,13,1,5,4,2,2,0,1,1,1,6,9,7,8,4,1,2,1,4,9,32,0,0,0,0,0,0,0,0,1,1,6,6,3,3,1,3,2,5,4,32,0,0,0,0,0,0,0,0,0,0,3,2,2,0,2,2,0,3,6,15,12,7,9,4,2,4,0,5,9,32,8,2,1,2,3,4,1,5,7,24,2,1,0,1,1,0,0,1,0,8,25,21,13,11,9,5,1,12,21,70,4,2,1,1,1,3,0,3,5,12,1,1,0,0,0,0,0,0,1,2,3,0,0,0,1,0,1,1,3,17,0,0,0,0,0,2,0,2,0,0,8,12,7,2,2,2,3,6,4,29,37,27,21,14,9,9,4,13,34,92,6,2,1,2,0,2,1,7,9,30,31,27,18,14,10,6,0,18,19,92,25,16,17,9,9,9,5,14,8,63,9,8,4,7,1,5,4,10,7,28,14,9,6,2,3,6,2,9,8,56,20,20,15,6,3,4,3,20,17,71,9,3,3,2,1,3,0,3,2,23,8,6,1,1,0,0,0,3,4,16,1,3,3,1,2,1,2,6,1,24,7,5,4,3,2,1,0,6,3,24,11,4,3,2,1,6,1,7,4,19,20,16,14,16,6,9,5,26,16,115,12,5,4,2,3,2,1,8,8,53,63,46,34,35,18,29,10,48,56,219,17,13,19,7,12,11,1,10,18,73
416.75,4,1,0,1,1,0,0,7,4,8,2,0,4,1,1,1,0,0,3,11,9,11,0,2,6,8,3,8,17,22,0,0,2,0,1,0,0,1,0,5,4,4,1,4,1,5,2,8,7,27,1,0,0,0,0,0,0,0,0,0,6,3,3,3,2,6,1,4,5,11,11,8,4,11,2,0,0,4,14,19,8,3,2,1,3,7,0,10,4,31,4,0,2,1,0,0,0,1,3,1,48,16,10,9,9,10,5,19,26,74,4,5,2,1,1,3,1,7,6,8,1,1,0,0,0,0,0,0,0,0,0,0,2,2,1,1,0,1,0,6,2,0,1,0,1,0,0,1,0,1,13,9,9,3,2,8,0,5,7,27,27,28,22,12,8,8,5,22,29,99,7,5,4,0,1,1,2,9,6,19,31,19,15,11,12,8,2,10,30,86,20,25,10,11,5,7,2,15,17,60,16,7,3,7,5,8,1,5,9,29,6,12,4,5,4,3,0,10,15,52,17,11,3,6,1,7,0,17,12,86,7,5,8,0,0,0,0,6,7,19,6,5,4,3,1,0,0,6,4,9,5,3,1,0,2,3,0,5,3,19,5,4,8,0,2,1,0,4,3,25,9,5,1,1,2,3,0,1,5,27,19,14,14,6,8,12,6,29,27,94,4,12,3,6,3,4,1,8,11,37,61,39,36,25,22,23,6,43,68,223,23,18,13,7,12,8,2,17,18,81
417.25,1,1,4,2,1,0,0,2,2,12,6,1,2,2,1,0,0,2,2,5,6,7,3,2,2,4,3,8,16,32,0,1,1,0,1,1,0,0,0,7,10,8,8,1,4,4,1,7,9,36,0,0,1,0,0,0,0,0,0,0,5,2,4,3,4,0,1,4,4,16,13,11,7,4,1,2,4,3,9,31,4,4,5,6,0,3,2,9,7,24,0,0,0,0,1,0,0,2,0,6,24,24,14,13,9,8,3,15,20,74,3,1,6,1,0,0,0,3,2,7,0,0,0,0,0,0,0,0,0,0,1,0,0,0,0,1,0,1,1,7,0,2,1,0,0,0,0,1,0,0,10,5,5,4,2,4,2,4,10,22,27,21,15,12,12,10,5,17,36,95,6,8,3,3,2,0,1,4,4,22,33,22,16,11,11,10,3,11,27,66,39,22,7,11,8,7,3,13,28,57,8,5,5,5,6,2,1,8,14,28,15,13,8,5,3,5,4,7,13,42,17,6,8,5,7,9,2,16,16,65,8,1,4,1,1,2,0,2,5,18,8,1,3,4,2,1,0,1,8,11,5,1,3,2,0,2,1,3,4,25,4,4,1,2,0,3,1,2,3,29,4,1,4,6,2,2,1,10,6,16,25,23,15,17,11,12,5,21,20,99,5,4,4,2,2,3,2,8,11,61,54,29,32,24,18,25,6,50,62,214,19,19,8,13,4,9,3,22,19,65
417.75,4,1,0,0,0,2,0,1,2,9,5,0,2,2,1,3,0,2,5,5,8,7,2,3,2,3,1,10,10,21,1,0,0,0,0,1,0,1,1,4,14,1,4,0,2,2,0,4,12,31,0,0,0,0,0,0,0,0,0,0,4,6,4,0,1,4,0,6,2,16,8,12,4,2,4,5,0,6,15,26,7,3,6,7,2,3,0,9,5,31,1,0,0,1,0,1,0,2,1,9,25,9,18,18,10,9,5,24,24,65,5,1,1,2,1,1,0,4,3,11,0,0,0,0,0,0,0,0,0,1,2,0,0,0,0,1,0,1,2,6,1,0,0,1,1,2,1,0,2,2,11,5,5,4,1,4,2,5,8,24,18,21,19,8,10,14,4,26,30,87,4,1,5,3,2,1,0,4,5,22,31,20,15,11,9,12,4,13,24,68,21,10,6,7,10,10,0,12,19,56,13,14,9,1,2,4,4,7,7,40,10,10,10,2,4,6,1,8,18,36,13,13,6,6,4,2,3,21,12,58,9,9,7,6,0,0,3,2,4,17,9,6,7,2,0,0,1,2,4,7,2,0,8,1,0,0,0,4,7,15,5,1,3,1,1,1,1,4,10,29,7,3,4,3,4,2,1,7,3,22,25,14,12,16,9,9,8,22,21,86,1,4,4,2,0,7,1,10,8,38,48,45,41,22,17,29,9,49,65,219,24,21,9,6,6,8,1,16,19,65
418.25,0,2,1,1,1,1,0,4,2,14,4,1,1,2,1,0,0,1,1,1,9,5,2,4,4,0,1,5,11,22,0,1,0,0,0,0,0,0,0,0,11,4,4,2,1,4,0,4,5,21,0,0,0,0,0,0,0,0,0,0,2,3,1,4,3,3,0,6,4,18,10,10,13,1,1,6,1,6,10,22,8,8,0,8,5,0,2,9,8,17,0,2,2,0,0,0,0,1,1,3,20,22,3,11,5,8,3,25,15,72,2,3,2,3,1,2,0,1,5,9,1,0,0,0,0,0,0,0,2,0,2,0,2,0,1,0,1,1,2,10,1,0,1,0,1,0,0,0,3,3,9,8,4,6,3,2,3,8,7,27,22,15,15,14,14,7,6,20,23,94,11,8,6,2,2,2,1,6,6,19,19,22,9,7,9,13,4,14,21,60,14,22,10,9,11,6,7,12,29,60,11,2,9,1,2,3,3,10,4,39,8,10,5,7,3,1,2,15,6,41,12,10,11,7,6,4,2,8,13,58,8,9,0,2,1,0,0,4,2,17,8,5,4,3,1,0,0,2,6,12,5,1,0,0,0,1,1,7,4,25,8,1,5,2,1,5,1,7,11,19,5,5,3,3,4,2,0,3,6,24,18,14,18,6,2,14,2,21,18,91,3,7,4,4,2,4,1,12,6,41,53,40,32,25,14,26,6,39,54,208,19,18,11,6,8,13,5,8,20,61
418.75,4,3,1,2,2,2,0,2,0,9,3,3,1,2,0,0,0,2,7,11,10,4,7,2,1,3,0,6,6,32,1,0,0,0,0,1,0,2,1,0,8,7,3,3,0,3,1,5,9,26,0,0,0,0,0,0,0,0,0,0,4,3,2,3,0,0,0,5,7,15,14,5,2,4,7,0,0,1,10,23,10,6,3,3,1,1,0,3,5,22,2,0,0,2,0,0,0,0,1,7,22,20,17,8,2,9,1,14,18,63,3,3,2,1,1,1,0,2,4,5,2,0,0,0,1,0,0,0,0,0,0,2,1,0,0,1,0,0,1,12,0,2,0,0,1,0,1,2,1,0,13,5,2,3,5,3,0,6,7,25,29,11,8,10,10,15,4,26,20,85,3,3,1,0,1,3,2,8,6,18,22,18,24,9,7,8,2,18,26,59,17,18,4,7,3,9,4,9,19,70,9,5,4,7,4,5,2,8,10,40,5,10,9,5,4,2,4,12,16,44,12,13,4,7,4,4,2,9,13,55,6,3,4,1,2,2,0,6,15,13,6,3,1,1,1,2,1,1,9,13,4,2,1,2,2,1,0,4,2,20,2,4,3,0,1,5,0,9,1,18,8,9,3,3,2,1,2,3,5,17,21,12,15,10,6,12,3,20,20,80,14,7,2,2,5,3,2,7,12,36,47,36,30,27,17,17,6,59,53,193,13,17,11,11,6,9,1,12,14,65
419.25,2,1,2,1,0,1,0,2,2,8,1,0,0,1,0,0,0,5,1,3,7,2,3,1,2,2,1,9,8,33,1,1,0,1,0,0,0,0,1,4,6,5,3,1,3,2,3,6,3,26,1,1,0,0,0,0,0,0,0,0,3,1,0,1,2,1,1,3,2,13,16,10,3,2,6,7,0,4,10,25,5,6,4,5,2,2,1,9,7,18,1,0,1,0,0,1,0,1,1,3,25,25,16,17,5,6,1,14,23,57,3,2,1,1,1,1,0,5,5,6,1,0,0,0,0,0,0,0,1,1,1,0,0,0,3,1,1,2,0,10,2,1,0,0,2,1,0,0,0,0,15,10,2,3,3,0,4,9,6,11,22,22,17,8,9,9,3,12,23,106,6,6,2,1,3,0,1,3,1,27,40,20,10,14,5,10,1,11,20,70,20,10,12,4,5,5,2,8,23,46,8,8,8,5,3,3,2,6,11,33,7,4,4,3,4,7,7,10,9,48,16,9,12,4,6,4,1,15,11,50,7,3,2,2,2,3,1,3,6,13,8,4,2,5,4,2,2,4,4,14,3,4,3,2,1,1,1,3,2,13,9,5,3,1,0,0,0,7,5,27,11,4,6,5,1,3,2,3,10,25,23,24,14,11,7,7,5,18,17,98,8,4,5,2,0,1,2,10,4,42,56,35,34,26,10,32,2,45,43,186,14,10,8,9,4,7,1,12,15,65
419.75,0,0,2,2,0,0,1,1,3,6,3,5,0,1,1,0,0,1,0,7,4,7,3,1,1,3,2,3,9,35,0,0,0,0,0,0,0,2,0,3,8,6,6,1,4,3,1,5,9,42,0,0,0,0,0,0,0,0,0,0,5,3,4,0,0,3,0,3,6,14,13,5,6,2,5,3,0,7,6,14,5,1,1,4,2,3,1,7,4,29,1,0,0,2,0,0,0,0,0,6,17,20,13,9,4,11,0,12,20,76,7,2,2,0,0,2,0,2,2,6,1,1,0,0,0,0,0,0,0,0,1,2,2,0,0,1,0,1,1,9,2,0,1,1,0,0,0,1,0,0,10,9,4,1,3,2,2,4,10,18,25,23,20,17,9,14,4,18,20,102,6,5,4,2,1,0,1,4,9,21,33,19,12,7,6,9,1,9,30,72,25,12,14,10,4,3,1,14,18,52,4,8,5,3,7,2,0,6,12,31,12,6,5,7,6,5,0,12,7,56,15,5,3,9,2,4,2,14,15,53,3,1,2,4,2,1,2,8,2,17,3,2,3,2,1,1,0,0,8,8,3,2,2,0,1,0,0,10,4,11,10,5,4,2,2,1,1,6,7,31,6,5,5,3,3,1,0,5,8,17,18,5,5,9,4,8,5,27,25,91,3,4,2,4,2,1,4,6,7,33,51,36,26,19,22,14,10,44,55,172,18,10,6,7,6,12,3,20,14,80
420.25,2,1,0,1,0,1,0,0,3,12,2,3,1,0,4,2,0,0,3,7,5,4,5,5,0,9,0,5,8,34,0,0,0,0,0,0,0,0,0,2,3,3,5,3,3,1,4,8,5,30,1,0,1,0,0,0,0,0,1,0,5,2,7,3,1,1,3,5,4,13,9,10,6,5,1,3,1,2,7,17,6,3,3,4,5,2,2,4,1,24,0,1,1,0,0,0,1,0,0,3,25,15,10,8,5,11,2,7,20,68,4,1,1,2,1,1,0,3,1,12,0,0,0,0,1,0,0,1,2,2,1,1,2,2,0,0,0,0,1,5,1,0,3,0,0,1,0,0,0,0,9,3,5,2,3,5,1,2,9,16,31,10,8,9,9,9,2,18,17,83,4,3,3,4,0,2,2,8,1,20,25,16,19,13,11,8,1,19,21,72,21,14,15,3,6,10,1,7,21,50,12,9,7,3,3,5,0,10,3,23,11,4,6,3,1,4,0,8,10,43,21,7,7,5,8,4,0,14,9,55,4,4,3,4,2,3,1,1,3,10,4,2,1,3,1,1,1,2,3,20,7,3,4,1,0,0,0,6,4,17,7,3,1,5,5,4,0,8,3,28,8,3,4,0,3,2,0,6,5,26,18,16,9,18,6,6,6,17,17,98,1,5,5,2,1,0,2,10,2,40,51,37,30,27,15,21,9,31,47,229,20,13,5,4,5,5,3,10,21,53
420.75,3,3,1,1,1,3,1,0,0,8,2,0,1,0,0,1,0,0,2,6,12,6,3,5,2,2,0,10,9,31,0,0,1,0,0,0,0,0,1,2,5,3,2,2,2,2,2,4,4,24,0,0,1,0,0,0,0,0,0,0,2,3,1,1,4,3,0,2,3,12,16,11,7,2,1,4,0,4,8,25,8,3,5,1,1,4,2,6,2,12,1,0,0,1,1,0,0,2,0,3,23,12,11,6,6,12,5,12,20,60,2,2,0,2,0,1,0,1,6,4,0,1,1,0,0,0,0,0,0,0,2,1,0,2,0,0,0,1,2,6,1,1,1,0,0,1,0,0,0,2,12,5,7,4,2,1,1,6,7,19,30,11,15,6,4,10,5,14,19,83,5,3,3,0,0,1,2,6,0,24,31,15,11,14,6,14,4,11,24,62,14,12,13,8,6,9,1,10,17,48,6,5,5,4,0,3,3,12,12,23,12,3,4,8,4,3,2,4,15,52,12,10,10,5,0,3,3,12,13,49,7,7,1,1,5,1,3,3,6,22,5,3,8,4,1,4,0,2,5,15,3,4,3,0,0,1,0,3,5,17,6,7,1,2,4,2,1,2,2,27,3,5,6,1,1,4,1,4,7,12,12,15,8,6,6,9,2,17,10,88,11,5,2,2,4,2,2,12,9,38,51,35,31,14,18,14,13,39,36,198,9,11,3,7,5,4,6,11,13,55
421.25,1,3,2,1,0,0,0,1,2,13,1,3,1,1,1,0,0,2,3,2,6,2,7,1,2,5,0,5,5,19,1,0,0,1,0,0,0,1,0,4,12,3,3,4,0,3,2,1,7,19,0,0,0,1,2,0,0,1,0,0,4,1,1,1,1,4,0,4,1,14,17,8,9,1,2,1,0,3,12,21,6,7,4,0,1,2,2,1,7,23,0,1,1,0,0,0,0,0,1,4,25,13,6,10,3,7,2,6,24,65,1,1,3,2,1,1,0,2,0,10,0,0,0,0,0,0,0,0,1,2,1,2,1,2,1,1,0,0,1,4,2,1,1,0,1,1,0,0,1,2,7,5,6,2,1,5,0,0,4,9,24,18,9,10,6,5,3,7,24,95,4,1,2,1,0,1,1,2,7,18,18,25,12,17,4,2,1,21,23,59,21,14,10,5,8,5,2,10,23,52,7,4,5,3,0,3,1,7,4,27,13,7,11,5,2,2,1,10,12,49,16,8,10,7,5,8,3,10,9,62,5,1,4,2,4,3,1,3,3,10,5,3,2,1,1,0,1,2,0,7,6,2,1,1,0,0,2,4,3,19,4,5,4,3,2,0,0,8,3,26,3,3,3,1,2,2,0,4,4,22,27,9,18,9,3,9,1,15,26,96,4,5,3,4,2,1,0,5,6,39,38,37,23,29,8,18,7,37,57,171,14,13,6,4,1,8,2,6,17,60
421.75,1,2,1,1,0,1,0,3,2,10,1,2,0,1,1,2,0,2,1,4,8,5,2,4,4,3,0,5,4,34,0,0,0,0,0,1,0,0,0,1,10,5,2,1,2,4,1,5,3,27,0,0,0,0,0,0,0,0,0,0,0,2,1,0,0,2,1,5,0,13,15,11,6,4,5,2,0,3,13,19,7,3,3,3,1,1,0,4,6,23,1,2,1,0,0,0,0,0,0,3,23,14,11,11,6,5,2,12,14,48,1,4,3,1,0,2,0,2,1,8,0,1,0,0,0,1,0,0,0,1,2,0,0,0,0,1,0,2,1,5,3,1,1,0,0,0,0,1,1,3,6,4,4,4,3,3,0,2,3,31,27,18,6,6,9,5,1,12,21,79,8,5,6,2,2,1,0,3,3,19,21,13,16,9,12,8,2,10,26,67,12,11,11,8,2,10,2,10,12,48,11,7,5,2,4,4,0,7,4,29,11,9,3,6,1,6,0,10,12,41,17,8,7,7,4,3,0,10,5,52,4,1,2,3,2,5,0,2,3,15,4,6,2,3,1,1,0,3,0,15,3,3,1,3,3,1,0,5,5,15,9,4,2,3,1,1,1,9,6,30,4,3,2,3,4,3,0,2,4,26,13,9,11,8,4,9,4,16,15,91,9,5,4,3,0,3,1,10,8,34,53,34,24,14,15,25,5,48,33,144,20,13,9,3,4,6,4,19,20,48
422.25,4,1,0,2,1,1,0,4,2,9,3,3,0,0,1,0,0,0,0,4,5,4,7,1,0,0,0,6,3,22,0,0,1,0,0,0,0,0,1,2,7,5,3,1,1,2,0,4,4,24,0,0,0,0,0,0,0,0,0,0,2,1,1,4,0,2,0,3,6,15,10,6,4,3,4,2,1,3,10,26,8,8,3,2,0,0,2,6,5,20,0,0,0,0,0,2,0,1,2,3,17,13,19,7,1,8,2,9,16,55,3,0,1,0,1,0,0,4,1,11,0,1,0,0,0,0,0,0,0,2,0,0,1,0,1,2,0,1,1,2,0,0,0,0,1,1,0,0,0,2,9,5,5,3,5,2,1,2,4,19,16,17,9,10,10,9,3,17,20,79,7,3,4,4,1,0,0,5,3,18,24,23,15,10,4,10,3,14,18,69,19,11,7,6,4,4,2,10,15,57,12,7,4,4,4,1,1,4,3,22,7,7,6,1,1,5,2,12,2,35,11,8,10,10,2,2,3,13,12,57,1,4,1,2,2,3,1,3,3,14,1,0,1,1,1,0,0,3,1,12,2,1,0,3,1,1,1,3,2,18,4,7,1,1,2,1,1,3,14,24,3,4,5,1,3,0,0,1,8,19,26,9,7,4,2,3,4,15,10,86,13,3,7,3,1,0,1,10,1,29,53,40,23,17,18,10,7,37,39,171,17,6,17,10,2,6,4,11,18,46
422.75,1,2,0,0,1,0,0,1,3,8,2,0,1,0,0,2,0,0,4,0,6,7,4,5,1,3,0,4,5,26,0,0,0,1,0,0,0,1,0,2,8,5,4,7,2,0,2,6,7,30,0,0,0,0,0,0,0,0,0,0,2,2,1,3,0,2,0,1,2,12,9,4,5,6,5,4,2,1,4,25,10,4,3,0,1,2,0,3,5,18,0,0,0,0,0,0,0,0,0,1,19,17,15,2,3,6,2,13,16,53,2,5,1,3,0,0,2,3,2,8,1,0,0,0,0,1,0,0,1,0,0,2,0,0,0,0,0,1,1,7,0,2,0,0,0,1,0,0,0,1,15,11,7,3,3,2,0,2,3,19,21,26,17,14,6,8,3,24,14,80,4,2,3,3,1,1,0,2,7,23,18,13,13,5,3,8,2,15,23,59,19,11,13,7,2,6,2,16,22,46,11,6,1,6,3,4,1,5,6,19,5,3,9,6,3,1,0,8,9,42,14,8,15,2,4,3,2,11,14,50,4,3,3,0,0,1,1,2,7,13,8,2,1,2,1,0,0,0,3,13,5,2,0,0,1,0,0,0,2,13,10,1,3,4,0,8,1,7,5,17,5,2,3,2,2,8,0,2,3,18,22,12,12,9,6,7,5,24,15,79,6,3,6,0,1,3,0,7,3,26,48,35,20,15,7,9,5,42,49,155,22,9,13,5,3,3,2,9,19,55
423.25,0,1,0,1,0,1,0,2,2,6,1,1,1,0,0,2,0,0,2,5,5,5,3,3,1,2,2,6,6,24,2,0,2,0,0,0,0,0,1,2,8,3,2,2,2,6,0,2,6,27,0,0,0,0,0,0,0,0,0,0,0,4,2,0,2,3,0,3,2,15,9,5,6,3,1,3,1,2,8,12,7,5,2,1,1,0,0,3,10,27,0,0,1,1,0,1,1,2,0,0,16,7,6,7,6,5,1,13,21,59,4,0,1,0,1,0,0,1,0,7,2,0,1,0,0,0,0,0,1,1,0,0,2,1,0,0,0,2,1,3,0,0,1,1,0,1,0,0,2,3,8,6,5,2,2,3,1,6,15,28,9,16,13,3,2,11,1,17,19,72,3,3,4,2,2,1,2,2,6,18,23,10,8,11,7,4,2,7,21,53,19,11,7,8,4,6,1,10,19,44,5,6,3,7,1,1,1,6,4,26,5,12,3,11,3,2,0,4,4,35,12,13,11,6,5,6,1,7,8,39,0,2,4,3,2,1,1,2,2,13,3,4,2,2,1,1,1,5,3,13,0,2,2,5,4,0,0,2,2,7,5,4,2,2,0,1,0,3,4,29,3,3,3,3,1,2,1,4,4,17,19,10,14,9,4,4,2,27,12,82,6,3,2,1,3,3,1,9,8,31,50,19,20,13,10,7,4,39,45,177,14,10,8,4,3,6,1,8,19,58
423.75,2,2,0,0,0,0,0,0,4,12,3,3,0,0,0,2,0,1,2,8,6,3,4,4,0,1,2,5,8,20,1,0,0,2,0,0,1,0,0,0,7,2,4,2,1,1,1,8,9,21,0,0,0,0,0,0,0,0,0,1,4,0,2,1,1,2,1,3,0,13,14,7,4,4,1,2,1,3,10,28,9,8,4,2,2,1,1,5,6,18,1,0,0,1,0,0,0,0,0,2,16,15,12,8,8,4,2,14,18,51,5,2,3,0,0,0,0,1,3,9,0,0,1,0,1,0,0,0,0,0,0,1,0,1,0,0,0,0,1,5,3,2,0,0,0,0,0,1,0,2,7,4,2,4,3,4,0,2,6,23,28,15,9,10,8,7,7,14,26,71,3,3,0,2,4,0,0,4,3,16,36,14,8,11,2,1,1,9,24,75,20,13,18,8,2,3,0,7,17,43,12,7,3,1,2,4,0,3,11,30,8,3,5,0,0,3,0,6,10,41,14,3,8,7,7,10,3,7,17,35,4,1,2,2,2,4,1,4,1,15,6,3,1,2,1,1,0,3,4,7,5,1,3,0,0,1,0,1,2,11,6,0,3,4,0,1,0,4,6,18,5,4,2,4,3,2,0,7,2,22,15,16,16,7,5,10,2,18,16,65,4,2,4,3,0,1,1,5,4,34,43,38,21,21,10,24,6,40,45,151,26,8,5,4,8,6,2,8,12,69
424.25,2,1,0,0,0,0,0,0,2,13,1,2,0,1,0,1,0,0,0,6,5,6,4,1,2,1,4,4,4,18,1,0,0,0,0,0,0,0,0,1,4,5,2,2,2,1,1,4,4,24,3,0,1,0,0,1,0,0,0,0,6,2,2,4,0,0,0,2,3,14,7,9,8,2,7,1,2,1,11,18,6,5,1,1,2,2,1,0,3,21,0,1,0,2,0,0,0,0,0,3,19,9,8,10,2,2,1,9,22,49,2,4,1,1,2,0,0,4,0,10,1,0,0,0,1,2,0,2,0,1,1,0,0,0,1,0,0,3,1,8,1,2,0,0,2,0,0,0,1,1,2,8,4,4,1,3,1,5,10,26,26,11,10,8,3,6,1,16,22,83,0,3,2,6,2,3,0,2,4,22,22,14,7,12,6,5,3,13,23,49,21,7,10,5,4,1,3,13,13,45,11,2,8,1,2,3,3,5,14,21,13,4,4,3,4,3,1,4,9,31,15,11,3,7,5,4,2,13,4,40,4,6,5,4,1,2,0,2,5,12,4,4,5,2,0,4,0,1,4,13,0,2,1,1,0,1,0,1,4,10,5,6,2,1,0,2,1,7,2,14,9,3,2,4,0,2,0,6,1,21,12,12,8,5,5,7,2,17,7,70,8,3,3,1,2,2,0,8,4,34,52,37,25,18,21,15,5,35,35,139,19,9,12,5,3,1,2,14,11,49
424.75,1,2,2,0,0,1,0,0,0,11,2,1,2,2,0,1,0,3,1,3,3,4,1,4,3,1,0,5,3,21,0,1,0,1,0,0,0,0,0,1,9,8,6,3,0,2,1,3,5,26,0,0,1,1,0,1,0,0,0,0,0,1,3,1,0,1,0,3,4,9,12,7,5,4,2,2,0,4,8,24,0,3,3,2,4,2,1,6,6,17,1,0,0,0,0,0,0,0,0,3,11,6,9,6,7,4,0,13,24,51,3,0,5,2,1,2,0,4,3,6,0,2,0,0,0,0,1,0,0,0,0,0,1,0,0,1,0,0,0,4,0,0,0,1,1,1,0,0,2,0,10,4,3,1,3,5,0,1,10,15,19,17,12,14,4,8,3,12,16,61,5,2,0,2,2,5,0,3,4,23,23,16,13,4,7,6,3,8,15,62,15,14,6,7,6,5,1,5,8,38,8,9,4,6,1,1,3,5,7,21,4,3,8,4,2,2,0,5,9,37,18,7,14,5,2,7,4,11,13,37,7,1,1,0,0,4,1,4,8,13,6,0,0,1,1,2,1,4,6,17,3,1,3,0,1,0,0,1,4,9,1,7,2,2,0,1,1,3,4,23,7,4,2,2,2,2,1,5,7,17,15,10,14,7,7,3,2,17,12,72,5,2,6,4,4,2,2,1,7,39,47,30,23,23,10,11,5,42,33,170,14,14,12,8,6,3,1,7,13,54
425.25,1,1,0,2,0,0,1,0,1,3,3,2,2,0,0,0,0,0,1,7,9,3,11,3,1,1,0,3,6,22,0,1,0,0,0,0,0,2,0,2,4,2,1,4,3,1,0,3,5,18,0,0,0,0,0,0,0,0,0,0,1,2,1,1,1,0,0,3,3,13,4,11,7,4,1,1,0,3,7,19,4,9,4,2,0,2,0,0,5,18,1,1,1,0,0,0,0,1,0,1,18,9,7,7,7,2,0,3,14,45,4,2,1,1,1,2,0,3,2,10,0,0,0,0,0,0,0,0,0,1,1,0,0,0,2,1,0,1,0,4,0,1,0,0,0,1,0,0,0,3,6,14,6,4,1,1,0,4,7,23,14,15,12,9,5,3,1,18,15,66,2,6,5,4,0,0,1,3,7,15,24,10,11,7,5,4,4,12,13,63,16,8,4,6,4,8,1,9,8,46,8,7,0,3,2,4,3,1,7,20,11,6,4,3,7,2,3,5,6,33,12,6,4,7,2,3,3,9,10,32,3,1,1,0,1,1,0,1,7,9,5,3,2,2,1,0,1,2,2,10,4,1,0,0,0,2,0,3,1,14,2,2,3,7,1,1,2,2,4,21,6,3,1,1,2,2,2,5,3,19,14,10,7,11,8,1,1,13,22,65,7,5,4,6,5,2,2,5,4,22,42,27,31,17,11,12,6,29,39,155,11,5,7,5,1,7,2,14,14,44
425.75,1,0,0,0,0,0,0,4,1,4,2,1,0,0,1,0,1,1,1,5,4,3,3,2,2,3,1,2,6,12,1,0,0,1,0,0,0,0,0,3,9,6,3,1,1,0,1,3,1,18,0,0,0,0,0,0,0,0,0,0,4,1,1,2,0,0,0,3,3,13,10,8,8,5,1,7,0,2,12,19,4,4,2,3,0,2,0,1,2,25,0,0,1,0,0,0,0,0,1,4,11,12,16,6,6,7,0,6,13,42,1,1,0,1,1,0,0,2,2,6,0,0,0,2,0,0,0,0,0,4,0,0,0,0,1,0,0,3,0,3,1,2,0,0,1,0,0,0,1,0,9,3,5,4,3,2,0,6,9,17,24,13,11,8,5,6,4,15,12,62,4,2,1,2,1,2,0,5,8,14,19,14,8,1,7,1,2,11,23,73,16,11,9,10,7,3,2,5,9,43,4,5,5,2,1,2,3,8,7,21,6,5,7,0,1,5,0,6,8,41,12,7,5,8,7,3,0,9,8,31,1,3,5,1,0,0,1,0,2,16,5,3,2,2,1,1,0,1,5,11,3,0,0,1,0,1,1,2,2,7,5,1,1,1,0,0,1,2,3,17,4,4,3,1,1,4,0,4,1,14,21,13,11,6,4,7,6,15,14,64,7,4,2,2,3,2,0,9,6,21,37,22,21,19,11,7,5,35,27,149,12,11,6,11,6,2,1,10,7,50
426.25,0,1,1,0,0,0,0,1,4,4,3,3,1,4,0,2,0,0,4,7,2,4,3,3,2,0,1,6,0,22,0,0,0,0,0,0,0,0,0,3,6,5,0,1,1,0,2,1,5,19,0,1,0,0,0,0,0,0,0,1,4,2,3,0,0,0,0,4,0,9,8,5,3,4,1,4,0,5,6,16,3,3,4,1,0,2,0,3,6,19,0,0,0,0,1,0,0,0,1,3,22,10,10,7,9,6,1,14,10,53,1,0,2,4,1,0,1,2,2,4,0,0,0,1,0,1,0,0,1,0,0,0,0,0,0,2,0,1,2,8,1,1,1,1,0,1,0,0,1,0,6,5,5,1,2,0,1,2,3,20,13,11,6,9,7,7,4,15,16,68,3,1,0,1,1,1,0,3,0,18,10,9,11,5,7,6,2,6,16,42,14,9,8,5,4,4,2,7,12,47,8,2,2,3,3,4,1,2,1,18,8,10,5,2,4,1,3,10,4,35,9,15,2,7,1,4,1,5,11,38,4,3,1,3,1,1,0,3,1,14,3,2,3,2,0,1,0,2,3,10,4,1,0,1,1,1,0,3,3,13,4,2,2,1,1,1,1,1,2,23,2,3,5,4,1,1,0,5,2,15,10,9,4,10,3,3,3,14,12,61,4,5,4,5,0,3,1,6,4,27,43,28,28,11,12,17,7,15,34,149,19,14,0,4,3,6,2,11,8,41
426.75,2,1,0,0,2,0,1,0,1,5,1,2,0,2,0,0,0,0,2,0,7,3,4,3,3,0,0,3,3,17,0,0,0,0,0,0,0,1,1,0,5,6,3,1,1,2,1,5,3,20,0,1,0,0,0,0,0,1,0,0,3,3,3,2,1,1,0,3,1,9,7,4,3,5,4,1,1,2,9,17,5,4,3,3,3,0,0,7,3,18,1,0,0,0,0,0,0,3,0,3,15,11,9,17,3,6,1,7,21,49,2,1,2,1,2,1,0,2,3,9,0,0,0,0,0,0,1,0,0,0,0,0,0,1,0,1,0,0,0,3,3,0,1,0,0,1,0,0,1,2,13,9,3,3,1,3,0,2,6,12,22,14,10,7,8,8,4,10,15,63,4,1,3,1,1,1,0,5,4,19,16,18,13,10,6,7,1,11,10,50,18,10,8,4,3,9,0,7,10,37,7,3,2,1,1,2,2,3,5,21,7,10,6,2,0,6,2,11,7,20,12,5,5,4,1,2,1,8,10,34,4,3,2,0,0,0,1,5,2,19,2,1,2,1,0,1,2,1,5,12,2,3,0,1,1,1,0,2,4,9,0,5,4,4,1,0,0,2,3,19,8,1,3,2,1,2,0,2,4,15,16,8,8,10,3,5,1,16,9,60,2,5,6,1,0,4,1,8,6,32,38,24,22,13,9,14,3,38,42,155,15,6,3,6,4,8,6,9,15,43
427.25,0,1,0,0,0,2,0,1,1,4,4,1,2,0,0,0,1,0,2,3,7,3,4,4,0,1,2,2,5,10,0,1,0,0,0,0,0,0,0,0,13,3,1,3,2,2,1,3,7,20,1,1,0,0,0,0,0,0,1,0,5,2,1,3,1,0,1,4,0,11,10,10,6,3,2,1,2,2,3,17,5,3,0,1,0,1,2,5,3,19,1,0,0,0,0,0,0,0,0,0,15,15,9,10,4,6,3,12,11,49,4,0,2,0,1,0,2,0,0,9,1,0,0,0,0,0,0,1,0,1,0,0,1,0,0,0,0,2,1,5,0,0,0,0,1,0,0,0,1,1,13,6,1,3,3,1,0,4,7,16,17,14,11,8,5,12,4,12,17,56,2,3,2,0,0,2,1,4,1,22,20,13,14,7,2,9,3,10,16,48,17,11,11,1,3,4,2,10,13,30,6,6,3,3,1,1,1,8,7,18,8,7,2,1,4,2,2,4,5,36,9,4,9,2,2,2,4,7,8,36,3,2,2,1,2,1,0,0,3,6,6,1,1,1,0,0,0,1,4,11,3,1,1,4,0,0,0,3,1,9,2,4,4,3,2,1,0,3,2,14,2,4,2,2,0,1,0,4,4,8,20,12,10,6,3,3,3,13,18,46,8,3,1,1,3,2,1,9,5,24,37,25,21,11,10,5,4,33,36,116,14,16,5,4,6,2,4,14,10,41
427.75,1,0,0,0,0,1,0,1,2,2,2,1,1,0,1,0,1,2,2,1,9,5,3,2,1,0,1,8,3,17,1,0,0,0,1,0,0,1,0,1,4,3,2,4,1,0,0,3,5,21,0,0,0,0,1,0,0,0,0,1,3,4,0,1,2,0,0,5,2,7,7,8,5,3,4,2,0,4,5,16,6,2,0,2,3,1,0,0,5,11,0,0,1,0,0,0,0,0,0,0,15,10,9,9,3,4,1,4,17,40,5,2,0,1,1,0,0,3,1,6,0,0,0,0,0,0,0,0,0,0,0,1,0,0,0,0,0,3,0,5,1,1,0,1,0,1,0,0,1,0,4,9,6,5,4,0,0,3,4,11,27,5,8,6,4,6,3,10,17,57,0,2,5,2,0,3,2,9,3,10,16,15,6,3,7,11,1,7,14,54,17,12,9,5,3,6,2,11,9,35,12,1,2,0,1,1,0,2,4,23,6,3,6,4,2,5,1,3,5,25,19,4,5,4,5,2,2,13,3,43,3,1,1,1,2,1,2,2,3,14,1,3,2,2,1,0,1,4,3,7,0,1,2,0,0,1,1,4,2,8,6,5,1,1,1,1,1,4,3,20,3,3,1,1,2,0,0,5,8,12,14,13,5,3,3,3,1,16,9,66,8,3,0,1,4,1,3,7,4,27,32,26,23,24,5,15,3,24,30,130,16,9,6,5,2,6,2,9,12,55
428.25,2,0,2,0,1,0,1,0,2,8,0,3,1,0,0,0,0,2,1,4,11,3,2,3,1,2,0,0,3,17,1,0,0,0,0,0,0,0,0,5,5,3,4,2,4,1,0,3,8,18,1,0,0,0,0,0,0,0,1,0,3,0,0,1,1,1,3,1,4,11,17,5,0,2,0,2,0,2,6,14,1,5,4,2,0,2,1,2,6,14,0,0,0,1,0,0,0,0,1,1,22,5,9,4,6,5,1,9,16,51,5,2,0,1,0,1,0,0,2,7,1,0,0,0,0,0,0,0,0,2,0,0,0,1,0,0,0,0,1,8,1,1,1,0,1,0,0,0,0,0,5,4,3,1,5,3,1,2,3,15,16,19,8,2,5,3,0,18,16,54,4,1,0,2,1,0,1,3,2,14,11,10,7,4,6,5,0,12,15,55,20,8,9,4,3,1,1,5,9,40,7,4,4,2,2,4,1,6,3,25,13,4,4,3,0,2,0,6,8,33,10,7,5,4,4,4,0,3,8,46,3,3,3,2,1,0,0,5,3,11,2,7,0,1,0,1,1,0,3,9,2,0,1,1,0,0,0,3,1,7,6,6,2,2,0,1,1,2,8,15,6,2,2,1,1,2,0,4,2,11,19,5,8,3,6,3,0,13,4,49,6,0,1,1,2,3,0,7,7,18,45,29,23,23,13,13,2,22,29,112,15,12,9,6,6,1,1,7,15,36
428.75,0,2,0,1,0,0,1,1,0,4,2,2,0,0,1,0,0,1,1,5,7,2,2,4,3,1,1,9,5,14,1,0,0,0,0,0,0,0,0,2,3,3,4,2,1,2,0,0,4,18,0,0,0,0,0,0,0,0,0,1,2,3,0,3,1,0,0,3,1,5,8,3,3,7,3,1,3,5,8,12,10,2,0,3,1,2,0,5,4,17,1,0,1,1,0,0,0,0,0,2,12,8,8,4,3,6,3,14,8,42,1,1,3,0,0,0,0,1,0,3,0,1,0,0,0,0,0,0,0,2,0,0,0,0,0,0,1,1,0,4,1,0,1,0,0,0,0,1,4,1,6,2,2,1,1,5,0,0,9,26,19,7,10,4,4,3,3,19,12,58,5,1,2,1,1,3,2,3,4,21,11,12,16,7,3,5,0,8,9,47,12,7,8,8,6,2,4,4,8,25,3,10,2,0,3,0,0,2,7,19,8,5,2,3,1,3,2,4,4,34,9,7,4,3,3,0,2,10,10,28,2,2,0,1,0,0,0,2,2,5,3,1,2,2,1,0,0,0,2,5,2,2,2,0,0,1,0,0,1,11,4,5,0,1,0,1,0,1,5,25,3,3,2,1,1,0,0,0,3,8,26,6,8,4,4,6,0,18,15,57,1,1,4,1,2,2,0,7,1,19,32,24,16,9,5,10,6,31,39,121,11,4,3,5,5,3,1,14,11,44
429.25,1,0,1,2,0,0,0,1,1,8,1,1,1,0,0,1,0,1,2,6,4,4,2,0,0,2,2,3,10,18,0,0,0,0,0,2,0,0,0,2,4,2,0,3,2,1,0,4,3,17,0,0,0,1,0,0,0,0,0,1,2,1,3,1,0,0,2,2,4,10,9,4,7,5,0,5,0,5,6,23,1,6,2,0,2,1,0,6,4,19,0,0,0,0,0,1,0,1,0,1,12,14,5,5,4,4,0,12,12,36,0,0,2,0,0,3,0,2,2,9,0,0,0,0,0,0,0,0,0,2,1,0,0,0,0,0,0,0,0,7,0,3,0,0,0,1,0,1,0,2,6,3,2,4,3,8,0,7,7,13,17,15,8,5,4,3,1,20,15,59,2,2,1,0,2,0,0,2,1,13,11,10,6,5,8,6,0,12,19,40,17,19,8,4,4,3,0,7,15,30,8,11,5,1,3,3,0,6,10,22,7,5,5,3,1,0,2,6,8,27,15,8,6,3,0,3,0,16,6,36,1,1,3,4,0,1,0,0,4,6,4,2,2,2,2,0,1,0,2,11,2,0,1,1,3,2,1,1,2,12,4,1,1,0,0,0,0,2,4,16,4,2,1,0,0,0,0,2,3,15,14,8,6,2,5,2,3,14,12,57,3,10,3,2,0,3,0,4,3,19,53,27,21,21,15,20,4,29,24,124,10,13,4,4,1,4,2,7,7,34
429.75,1,0,1,0,0,1,0,2,1,4,2,1,0,0,0,0,0,1,0,3,2,0,1,0,1,2,0,2,2,17,0,1,1,0,0,0,0,1,0,0,6,3,8,3,2,2,0,2,5,21,0,0,0,0,0,2,0,0,0,0,0,1,0,1,3,0,0,3,2,10,4,3,5,5,1,1,1,3,3,16,4,0,3,2,0,3,0,4,2,11,0,0,0,0,0,0,0,1,0,4,18,15,4,1,2,6,1,6,8,43,5,2,0,0,0,3,0,0,1,3,0,1,1,0,0,0,0,1,0,0,0,0,0,0,0,0,0,0,0,3,0,0,1,0,0,0,0,0,0,0,6,3,2,1,2,2,2,5,4,19,22,8,15,5,4,5,2,15,19,65,2,1,2,0,1,1,0,1,2,13,19,13,8,9,5,10,1,17,19,41,13,9,7,6,4,5,0,5,11,37,10,6,1,3,1,2,1,4,5,18,12,5,3,3,1,1,0,5,5,25,6,15,9,6,6,6,1,7,10,34,7,2,1,0,1,1,0,0,2,11,3,1,1,4,0,1,0,1,1,14,0,3,2,0,1,1,0,2,2,11,2,1,1,1,1,1,0,4,3,12,2,3,6,1,3,1,3,2,2,19,12,7,10,6,2,3,3,13,5,50,7,3,4,0,1,3,0,4,4,24,30,34,15,14,9,13,5,30,39,112,14,12,9,3,2,5,0,7,12,32
430.25,2,0,0,0,0,0,0,1,0,4,0,0,1,0,0,1,0,0,2,5,6,6,6,2,1,1,1,6,5,28,0,0,0,0,0,0,0,0,0,1,1,7,4,5,0,1,0,5,5,16,1,0,0,0,0,0,0,0,1,0,1,1,1,0,0,1,0,4,0,10,6,2,3,4,1,3,0,1,9,11,1,3,3,0,0,2,2,1,4,13,0,0,1,0,0,0,0,1,0,2,16,15,8,8,6,2,3,11,10,42,1,3,4,0,0,0,0,0,2,2,0,0,0,0,0,0,0,0,0,2,0,0,0,0,0,1,0,0,0,1,3,0,0,1,2,1,0,1,0,1,3,5,6,1,3,3,0,2,4,23,14,7,12,12,3,4,3,14,13,53,6,1,1,1,0,0,2,2,1,13,18,14,7,7,2,6,0,6,15,49,16,10,8,7,5,6,0,11,12,42,11,2,4,2,2,0,4,7,6,19,13,4,4,2,2,3,1,4,4,21,8,9,7,3,1,2,2,9,4,26,3,1,2,4,0,1,1,1,4,5,3,3,1,1,0,2,0,0,2,10,0,1,0,0,1,1,2,2,1,10,2,0,3,1,0,0,2,2,2,24,7,2,1,0,1,2,0,1,5,10,17,12,11,6,3,9,1,15,11,62,0,3,1,2,0,1,1,4,3,31,35,24,22,10,12,19,4,20,32,104,14,9,4,4,2,3,0,7,9,39
430.75,0,1,1,0,0,0,0,1,2,7,1,1,1,1,0,0,1,1,0,2,6,6,0,1,0,2,1,4,3,16,0,0,0,0,0,0,0,0,0,3,5,3,2,0,1,2,0,1,3,11,0,1,0,0,0,0,0,0,0,1,3,1,1,0,0,0,0,2,1,8,9,5,4,1,2,1,1,5,8,21,5,3,1,1,0,0,0,1,4,8,0,0,0,0,0,0,1,0,0,1,20,13,6,4,4,2,0,10,10,37,4,0,0,2,1,1,0,1,0,3,0,0,0,0,0,0,0,1,0,0,0,1,0,0,0,0,0,1,0,1,0,1,0,0,0,1,0,1,0,1,5,2,3,2,1,2,2,4,5,12,17,14,9,3,6,6,2,6,9,56,5,1,4,3,0,0,0,1,3,17,14,13,11,3,6,10,2,15,9,34,16,10,5,6,4,2,0,7,6,34,9,5,2,2,0,3,1,2,6,21,4,10,7,1,2,1,3,5,5,38,8,8,3,5,0,4,0,5,10,26,3,2,2,3,1,3,0,0,5,6,4,2,1,3,0,0,0,4,3,10,4,2,2,2,1,0,1,2,1,8,4,2,2,1,0,1,0,1,3,15,3,2,1,2,1,1,0,3,1,13,16,9,8,15,1,1,1,11,12,51,5,4,1,2,1,0,1,9,4,20,27,20,19,16,6,5,5,21,23,105,9,7,8,4,2,1,1,11,6,29
431.25,0,1,1,0,0,0,0,4,0,4,2,0,1,0,0,0,1,1,1,5,8,3,2,3,1,1,0,4,3,13,0,0,0,0,0,0,0,0,0,2,4,4,4,2,0,2,0,3,7,18,1,0,0,0,0,0,0,1,0,0,3,0,2,1,0,1,0,1,0,6,11,3,3,0,1,1,2,4,4,10,5,1,0,2,1,0,1,5,4,10,0,0,0,0,0,0,0,1,0,2,12,9,7,0,5,3,1,13,9,42,1,3,2,1,0,0,0,0,2,4,1,0,0,0,0,0,0,0,1,0,0,1,0,0,0,0,0,1,0,5,0,0,0,0,0,0,0,1,1,3,2,4,0,2,4,8,1,3,4,13,13,8,4,6,6,5,2,18,9,53,3,2,1,0,0,1,2,2,2,18,14,11,2,9,5,8,0,9,16,36,15,3,12,1,3,3,1,6,11,24,4,11,4,1,1,2,0,7,7,20,9,6,1,3,4,1,0,10,5,23,9,2,6,2,0,1,1,8,7,26,3,1,1,4,0,0,0,3,0,8,1,1,4,0,0,0,0,1,1,6,3,0,0,0,0,0,0,1,2,4,4,1,3,3,0,0,1,6,2,12,2,0,1,1,0,1,0,1,4,8,26,17,4,8,4,6,0,8,10,39,1,7,1,1,0,2,1,4,5,18,22,25,17,14,7,5,7,23,19,119,7,5,9,4,4,4,0,10,3,30
431.75,1,2,1,1,1,0,0,2,1,1,3,3,0,1,0,0,0,0,2,3,8,3,5,0,2,3,2,4,8,16,0,0,1,0,0,0,0,0,0,2,6,3,2,0,4,3,0,1,1,18,0,0,0,0,0,0,0,0,0,0,1,2,0,2,0,1,2,2,1,6,12,2,4,5,0,0,0,0,10,7,5,7,2,2,1,2,0,2,3,15,1,0,1,1,1,0,0,0,1,2,14,2,6,1,2,5,0,7,13,42,0,0,1,1,0,0,0,1,1,1,0,0,0,0,0,0,0,0,1,1,0,0,0,0,0,0,1,0,2,0,1,1,0,0,0,1,0,1,0,1,2,6,0,2,2,2,3,2,4,12,14,14,10,3,6,6,1,13,7,54,3,1,0,1,0,1,1,1,3,18,19,6,7,3,5,3,3,8,15,47,10,4,7,4,4,5,2,8,9,37,3,2,5,2,1,4,1,3,3,11,7,4,3,5,2,2,4,3,5,23,7,5,4,3,3,2,0,5,7,31,1,0,0,3,1,0,0,1,2,13,5,3,1,1,1,2,0,1,3,6,0,2,0,0,0,3,0,3,1,4,4,1,3,0,1,0,1,3,1,15,3,4,2,3,4,0,0,4,2,13,13,7,10,6,1,2,1,7,14,35,6,2,0,1,2,0,1,7,2,21,38,25,17,15,5,13,2,23,30,89,14,8,2,5,4,3,3,8,10,37
432.25,1,0,2,1,0,0,0,1,1,4,0,3,0,1,1,0,2,1,0,1,9,2,5,2,0,0,1,2,5,18,4,0,0,0,0,0,0,0,0,3,2,5,2,1,1,3,0,5,3,14,0,0,0,0,0,0,0,0,0,0,1,0,1,0,0,0,0,2,1,7,6,4,5,3,1,2,0,2,3,15,3,3,0,1,1,0,0,7,4,16,0,0,0,1,0,0,0,0,0,1,14,10,6,6,7,9,3,7,12,42,1,1,1,1,0,0,0,3,3,9,1,0,0,1,0,0,0,0,0,1,0,1,0,0,0,0,0,0,0,5,0,0,0,0,0,0,0,0,0,0,5,2,2,1,2,0,1,1,10,16,17,18,7,7,3,8,2,8,14,42,3,1,0,1,0,2,0,4,2,17,9,7,6,4,3,5,1,9,17,39,16,13,7,7,4,10,0,9,6,28,7,4,1,2,1,1,1,4,3,20,7,8,3,3,2,2,1,5,6,25,12,8,5,0,1,2,0,2,10,19,4,0,1,0,0,1,1,1,0,9,5,0,3,0,0,1,0,0,1,10,3,3,2,1,0,0,1,1,0,10,5,1,0,5,1,2,0,3,3,18,5,1,2,2,1,2,0,3,3,13,14,7,11,6,1,2,0,9,9,35,1,2,3,0,0,0,1,4,8,16,26,18,16,14,11,10,2,22,22,115,15,7,6,2,2,2,3,8,8,33
432.75,4,1,0,2,0,0,0,0,2,6,3,1,0,0,0,0,0,1,1,3,5,2,1,1,4,1,1,3,7,20,1,1,1,1,0,0,0,0,0,0,2,3,1,2,2,2,1,5,7,16,0,1,0,0,0,0,0,0,0,0,1,1,2,0,2,1,0,1,2,6,7,6,7,1,1,3,2,6,2,21,2,2,5,3,1,0,1,5,7,13,0,0,1,0,0,0,0,2,0,0,16,12,10,4,7,4,1,7,5,40,3,2,1,2,0,0,0,1,5,7,0,0,1,0,0,0,0,0,1,0,0,0,0,0,0,0,1,0,0,2,1,0,0,0,0,0,0,0,0,2,2,3,4,1,2,2,0,8,1,20,10,11,4,6,3,2,1,7,8,41,0,3,0,3,1,1,0,4,2,13,11,13,3,5,6,5,1,11,10,35,9,7,8,5,2,2,1,11,7,36,8,4,2,2,1,3,1,2,6,20,5,8,2,2,2,0,1,2,8,15,10,8,2,6,4,2,1,4,10,32,0,4,0,1,0,2,0,2,3,8,3,4,2,2,0,0,1,1,3,11,1,1,4,2,1,1,2,2,0,10,1,2,1,0,0,1,0,4,0,19,3,3,2,0,1,3,0,4,1,8,17,16,12,5,5,3,2,6,13,45,5,1,2,1,0,2,0,3,4,12,31,25,11,11,13,10,6,10,25,101,7,11,2,4,1,3,1,10,10,37
433.25,2,1,0,1,0,1,0,1,0,6,4,0,1,0,2,3,0,0,0,2,3,3,5,1,4,2,0,2,1,9,1,0,0,0,0,0,0,1,0,0,3,5,1,0,2,2,1,0,3,5,0,0,0,0,0,0,0,0,0,0,2,0,0,1,1,1,1,1,2,5,9,5,2,1,0,3,0,5,3,12,5,7,2,2,0,1,1,2,3,11,0,0,0,0,1,0,0,0,0,3,14,6,7,4,5,5,1,8,10,31,4,0,0,1,1,0,0,0,0,7,1,0,1,0,0,0,0,0,0,2,0,1,0,0,0,0,0,1,0,1,0,2,0,0,0,0,0,0,0,1,6,3,1,0,0,1,0,3,5,15,14,8,12,1,3,2,1,11,14,42,3,0,2,1,0,0,0,4,4,15,12,13,4,3,3,8,2,6,8,30,11,5,3,2,1,4,0,5,11,28,2,8,3,1,0,0,0,5,7,12,8,3,1,1,0,2,1,9,6,14,9,3,4,6,1,2,0,11,11,23,2,0,0,0,3,0,0,1,1,12,5,4,0,0,0,0,0,2,3,7,3,1,2,0,0,0,1,1,2,9,5,1,0,1,2,1,0,6,0,12,3,0,1,0,0,3,2,1,3,6,15,12,3,6,5,4,1,8,10,40,6,2,0,1,1,1,1,1,5,13,31,17,13,14,6,16,4,27,20,94,10,11,5,3,5,4,2,11,14,31
433.75,2,0,0,1,0,0,0,1,1,6,0,2,0,0,0,0,0,1,3,4,7,3,2,0,1,2,1,7,5,19,1,1,1,0,0,0,0,0,1,0,2,0,3,1,1,1,1,6,5,9,0,0,0,0,0,0,0,0,0,0,1,3,2,1,0,1,0,1,1,9,10,4,1,4,1,2,1,4,8,14,6,0,0,1,0,1,1,2,5,9,2,0,0,0,0,0,0,0,0,0,10,6,10,4,4,6,1,6,8,37,2,0,2,1,0,0,0,1,2,4,1,0,0,0,0,0,1,1,1,0,0,0,0,0,0,0,0,0,0,1,0,1,1,0,0,0,0,0,1,0,5,7,2,2,1,2,0,5,3,8,20,5,13,10,3,4,0,9,9,52,5,0,0,1,1,0,2,0,1,14,11,19,9,2,3,4,0,7,20,27,10,6,8,4,3,4,1,10,11,25,7,5,3,6,0,1,0,3,0,25,10,2,3,2,3,1,2,7,8,23,5,6,5,5,0,1,1,7,3,25,2,1,1,2,0,1,0,1,2,11,6,1,3,2,0,0,0,0,9,5,1,2,2,0,1,1,0,3,2,5,4,3,0,2,0,0,1,1,2,11,0,2,4,2,1,0,2,1,3,9,11,6,7,6,5,7,2,11,16,36,5,6,2,0,0,0,1,3,4,19,32,22,20,13,7,4,1,20,15,96,15,6,8,2,5,5,5,11,15,26
434.25,0,1,0,1,0,0,0,1,2,6,1,3,2,1,0,0,1,0,2,4,2,6,2,1,0,4,0,1,2,18,0,0,1,0,0,0,0,1,0,1,4,0,2,2,1,1,1,0,5,12,0,0,0,0,0,0,0,0,0,0,0,0,0,2,0,2,0,1,2,7,6,3,4,2,2,1,1,8,4,14,3,0,3,0,0,1,1,3,0,20,0,0,1,0,0,0,0,1,0,1,11,8,3,3,4,1,3,6,14,33,0,0,3,1,0,0,0,2,1,2,2,0,1,0,0,0,0,0,0,1,0,0,0,0,0,0,0,2,0,4,0,0,0,0,0,0,0,1,0,1,2,2,1,3,1,2,1,4,3,8,11,6,7,4,2,2,2,9,11,45,2,4,1,1,0,0,0,1,3,9,13,9,6,4,2,0,1,13,11,36,18,11,5,6,1,2,0,5,12,29,9,4,1,2,0,1,0,5,6,13,8,4,4,0,2,2,3,3,5,26,7,5,2,5,6,0,1,10,4,29,3,1,3,0,0,3,0,2,3,10,4,1,1,0,1,1,0,0,0,6,3,0,0,0,0,1,0,0,2,6,5,3,4,0,0,0,2,5,4,10,2,2,2,0,0,1,2,1,0,11,6,13,8,4,4,3,2,10,12,53,3,3,0,1,2,2,0,5,2,23,36,16,16,14,5,8,5,17,19,72,5,9,10,4,2,4,4,6,7,29
434.75,0,1,0,0,0,0,0,2,1,6,1,0,2,0,0,0,0,0,6,3,4,4,1,5,0,0,1,5,1,13,0,0,0,0,1,0,0,0,0,1,5,0,1,1,1,2,1,2,4,13,0,1,1,0,0,0,0,0,1,0,1,0,0,2,0,0,0,3,2,7,7,8,4,6,2,1,0,5,5,6,4,3,0,4,2,4,0,2,2,12,0,0,0,1,0,0,0,0,0,1,17,10,5,5,1,1,2,10,14,35,2,1,1,1,0,1,1,3,0,6,0,2,0,0,0,0,0,0,0,0,1,0,0,0,0,0,0,1,0,7,0,0,0,0,0,0,0,0,0,2,1,0,2,0,1,0,3,5,3,21,11,10,4,5,3,3,3,10,16,41,1,3,3,0,0,1,0,1,2,14,14,8,4,3,1,2,2,9,13,38,14,7,7,5,3,6,0,7,13,21,8,1,6,0,2,0,0,2,7,17,2,2,3,3,2,3,3,4,7,20,8,7,6,2,0,1,1,5,7,31,2,1,3,1,1,0,1,5,0,9,2,4,1,3,3,1,0,5,2,9,2,3,0,0,1,1,0,2,1,3,1,4,1,0,0,0,0,1,3,7,3,2,3,0,1,0,0,3,1,10,14,3,3,3,2,2,1,11,11,36,5,2,4,1,0,3,0,1,1,20,30,16,14,15,7,5,4,14,34,79,8,7,14,2,4,6,1,5,7,34
435.25,0,0,0,0,0,0,0,0,0,4,0,0,1,0,1,1,0,1,1,3,6,2,3,2,1,0,1,1,1,12,1,0,0,0,0,0,0,0,0,1,2,4,0,0,0,0,0,3,5,11,0,0,0,0,0,0,0,0,0,0,2,0,0,0,0,1,0,3,0,7,5,9,4,1,0,1,0,6,10,21,6,5,1,1,0,0,0,2,4,12,0,0,0,0,0,1,0,0,0,2,14,11,7,7,5,5,2,9,4,37,1,2,0,3,2,1,0,1,3,4,0,0,0,0,0,0,0,0,1,0,0,0,0,0,0,0,0,3,0,2,0,0,0,0,0,0,0,1,2,0,3,1,2,0,0,4,0,3,4,15,23,5,6,8,4,7,2,5,14,38,3,2,1,1,1,0,1,2,2,2,14,10,5,2,0,7,0,6,7,31,8,9,2,3,8,1,2,5,9,25,8,2,4,2,4,0,1,6,6,26,5,3,3,3,3,3,1,4,3,18,9,3,9,2,3,4,1,8,11,24,1,0,2,0,0,0,1,2,1,9,0,5,3,4,0,0,0,3,2,7,1,0,1,0,0,1,0,2,2,4,3,1,2,4,3,0,0,0,3,9,3,2,0,5,0,3,2,1,3,12,13,4,4,5,0,3,1,5,10,34,4,3,1,3,2,2,1,1,5,20,23,17,21,15,12,13,3,25,20,100,15,6,4,3,5,3,0,4,9,30
435.75,1,0,0,0,0,0,0,0,2,4,3,2,1,0,0,0,0,0,3,1,5,1,2,4,4,2,0,3,3,15,0,0,0,0,0,0,0,0,0,0,8,1,2,0,0,0,0,2,1,12,1,0,0,0,0,0,0,0,0,0,2,1,1,1,1,1,0,2,0,9,14,6,3,2,1,1,3,5,4,15,1,1,2,1,0,1,0,2,8,14,1,1,0,0,0,0,0,0,0,2,8,9,4,2,6,5,0,4,13,28,2,2,2,2,1,1,0,1,0,3,0,0,0,0,1,0,0,0,0,1,0,0,0,0,0,0,2,2,0,3,1,0,0,0,0,0,0,1,2,0,7,3,1,1,0,0,0,3,2,11,9,12,6,2,4,7,1,12,12,40,1,3,1,1,2,0,0,2,0,12,13,8,4,5,4,2,1,7,13,33,11,5,6,4,2,6,0,12,8,32,4,4,3,4,1,0,0,2,4,9,5,6,3,2,3,1,1,3,2,24,6,5,2,3,0,4,0,7,5,22,2,1,2,2,2,0,0,2,2,4,3,3,1,1,0,1,0,2,2,6,1,1,1,2,1,0,0,2,0,4,1,3,2,3,0,2,0,1,3,15,3,2,3,1,2,1,0,2,2,6,9,8,5,4,3,6,1,11,5,38,4,2,3,1,0,0,0,8,4,16,25,17,11,10,7,9,4,17,29,78,10,4,8,5,3,3,0,7,12,29
436.25,0,0,0,0,0,0,0,0,1,2,1,1,0,1,0,0,0,1,0,2,3,1,3,2,1,3,0,1,2,13,0,0,1,0,0,0,0,0,0,1,4,4,1,1,1,0,1,2,0,12,1,0,0,1,0,0,0,0,1,0,1,0,1,0,0,0,0,2,3,2,8,9,2,0,4,1,0,2,4,11,3,2,1,2,0,0,0,1,4,12,1,0,0,0,0,0,0,0,0,0,12,8,5,0,0,2,2,13,3,31,0,0,3,2,0,2,0,1,1,6,0,0,0,0,0,0,0,0,0,0,0,0,0,0,0,0,0,0,1,5,1,0,0,1,0,0,1,2,1,3,3,3,4,2,1,1,1,4,4,13,15,6,6,4,4,2,3,17,6,38,0,0,1,0,1,1,0,3,0,12,15,6,8,1,5,2,2,2,9,44,10,8,5,0,1,2,2,6,5,26,5,3,3,5,0,2,1,4,6,11,10,1,2,4,3,0,0,5,8,14,11,9,1,3,1,3,1,13,8,39,1,2,0,0,0,0,1,0,1,7,2,0,2,1,0,0,0,1,5,9,3,3,0,1,0,0,1,1,0,3,2,2,1,1,0,1,0,4,4,16,4,0,1,2,0,0,0,2,0,14,15,9,7,7,3,0,2,9,3,30,2,3,2,1,2,2,0,1,2,21,25,22,14,5,4,4,4,15,23,94,6,10,8,3,7,3,1,7,8,30
436.75,0,1,0,0,0,0,0,1,0,4,2,1,1,0,0,0,0,0,2,0,3,1,1,1,0,0,0,3,3,10,0,0,0,0,0,0,0,0,0,1,1,3,4,0,0,1,0,2,3,8,0,0,0,0,0,0,0,3,1,1,2,0,2,0,0,0,0,2,0,6,8,3,1,1,0,0,0,3,5,8,2,1,1,1,0,1,0,3,2,5,1,1,1,0,1,0,0,0,1,0,10,5,4,3,3,3,0,6,6,32,1,0,2,1,0,0,1,1,0,6,1,0,0,0,0,0,0,0,0,0,0,0,0,0,0,0,0,2,0,2,0,0,0,1,0,0,0,0,0,3,5,1,2,2,2,0,2,4,7,12,14,11,8,3,4,2,2,9,11,34,2,1,3,1,1,0,0,2,3,12,10,7,2,4,1,3,2,6,11,32,10,8,8,5,3,4,3,4,7,26,3,3,5,3,1,1,0,2,7,16,2,3,6,3,1,0,0,6,3,13,11,4,4,1,3,2,0,7,8,18,1,2,4,0,0,2,1,1,0,3,3,1,2,0,3,0,0,2,0,3,1,1,1,0,0,0,0,1,4,7,2,2,3,0,0,0,0,2,4,13,3,2,3,0,1,1,0,6,1,6,15,9,7,7,6,2,1,9,10,34,3,3,2,2,1,2,0,1,5,10,33,14,13,8,7,6,5,23,24,89,12,3,2,7,0,6,1,7,9,24
437.25,0,1,0,0,0,0,0,1,0,5,1,3,0,1,0,0,0,1,1,6,4,4,1,2,0,0,0,5,5,10,0,1,0,0,0,0,0,1,1,0,1,4,0,0,3,0,1,3,2,10,0,0,0,0,0,0,0,0,0,0,1,2,1,1,0,0,0,1,1,5,7,8,3,3,1,3,0,1,9,8,2,2,3,0,0,1,2,2,2,6,1,0,0,1,0,0,0,0,0,1,14,7,7,0,5,2,0,7,5,25,1,1,0,0,1,1,1,0,0,6,0,0,0,1,0,0,0,0,0,0,0,0,0,0,0,0,0,0,0,3,0,1,0,0,0,0,0,0,0,0,3,2,1,2,1,0,0,3,1,8,15,8,7,5,2,7,0,8,11,33,3,0,2,3,1,0,0,1,0,8,9,6,1,3,2,4,1,9,10,32,9,5,6,6,4,0,1,4,8,31,4,3,3,0,2,0,0,4,6,18,4,5,2,2,0,2,1,6,2,17,8,6,3,3,1,0,1,8,7,28,3,0,1,1,0,0,0,0,1,7,2,2,4,1,0,1,0,2,0,6,1,0,0,2,1,1,0,1,2,6,4,0,1,1,0,0,1,2,1,17,4,3,0,2,0,0,1,4,3,9,9,4,13,6,4,7,2,6,7,35,3,1,1,1,1,0,1,5,1,15,23,13,13,4,5,7,2,19,18,69,7,11,6,3,3,3,0,7,9,32
437.75,1,0,0,0,0,0,0,1,0,2,2,1,1,0,0,0,0,1,0,2,2,0,4,1,0,3,1,0,4,8,0,0,0,1,0,0,0,0,2,1,4,2,1,0,1,0,0,3,2,14,0,0,0,0,0,0,0,0,0,0,1,1,0,0,0,0,2,1,2,3,6,2,4,5,3,1,0,1,7,15,3,3,4,0,1,1,0,4,5,10,0,1,0,0,0,0,0,0,1,1,18,5,5,2,2,3,3,9,10,25,1,0,0,0,0,0,0,2,1,5,0,0,0,0,0,0,0,0,1,0,0,0,0,0,0,0,0,0,0,1,1,1,1,0,0,0,0,0,0,0,5,2,0,2,0,2,0,3,2,10,15,9,10,6,2,4,1,7,7,32,1,0,0,0,0,2,0,3,2,11,10,10,10,4,5,2,2,5,9,25,14,4,9,4,3,4,3,9,15,26,4,4,5,1,3,1,0,3,6,9,5,1,4,3,0,6,1,3,7,12,2,3,2,4,0,4,0,3,7,19,2,0,0,0,0,0,1,3,0,10,1,2,0,0,1,0,0,0,3,7,0,0,1,1,0,0,1,3,1,7,2,1,2,3,0,0,0,3,3,8,4,0,5,4,0,1,1,4,3,7,12,4,5,5,0,3,1,5,7,33,2,0,0,1,0,1,0,3,5,15,20,22,11,11,9,4,0,22,29,79,8,2,5,2,4,2,0,7,8,22
438.25,0,2,0,0,0,0,1,1,0,3,1,0,0,1,0,0,0,2,1,1,2,3,3,1,1,2,0,3,1,13,0,0,0,0,0,0,0,0,0,0,2,4,3,0,1,1,1,2,1,7,0,0,0,0,0,0,0,0,0,1,1,1,0,0,0,1,0,1,0,2,6,7,1,1,1,1,0,1,4,13,4,1,2,2,0,0,0,1,2,7,0,0,0,0,0,0,0,0,0,4,11,11,7,1,2,2,1,2,8,26,2,1,0,2,0,1,0,1,1,3,0,0,0,0,0,1,0,0,0,2,0,0,0,0,0,0,0,1,0,2,1,0,0,0,0,0,0,1,0,0,4,1,0,1,0,3,0,1,3,10,13,4,3,1,3,3,3,5,15,34,1,2,1,0,1,0,0,0,0,11,9,7,10,2,2,3,1,4,7,32,18,9,6,2,4,2,1,2,13,25,4,6,1,1,2,3,1,2,0,22,12,3,5,2,2,2,1,3,5,13,11,8,2,2,1,0,0,5,4,28,5,1,1,2,2,0,1,2,0,10,0,1,2,1,2,2,1,0,2,9,2,0,0,0,0,0,0,0,0,7,3,1,1,0,1,1,0,1,3,13,3,2,0,0,1,2,1,1,1,8,5,8,6,1,2,3,1,6,17,49,2,1,1,4,0,0,1,4,1,15,19,8,13,4,3,8,1,25,21,79,9,4,4,4,2,6,1,7,7,34
438.75,0,0,1,0,0,0,0,1,3,2,2,0,0,2,0,0,0,1,0,3,5,3,2,2,2,0,0,1,3,12,1,1,1,1,0,0,0,0,1,0,2,2,0,0,0,4,0,2,2,6,0,0,0,0,0,0,0,0,1,0,0,2,0,1,0,0,2,1,1,12,5,4,3,0,1,3,0,7,4,12,2,0,0,0,0,0,0,2,0,10,0,1,0,0,0,1,0,0,0,1,8,10,4,5,1,7,0,3,13,40,0,2,0,1,0,0,0,1,0,5,1,0,0,0,0,0,0,0,0,0,0,1,1,1,0,0,0,0,2,2,0,0,0,0,0,0,0,1,2,1,1,0,1,0,0,3,0,0,4,7,17,11,10,3,5,9,1,8,8,31,4,1,1,1,1,0,0,1,1,6,9,1,5,1,2,3,1,8,8,34,13,5,4,4,1,2,1,3,3,28,3,2,2,3,1,1,0,4,3,13,4,3,1,1,2,2,0,6,4,17,5,2,4,0,1,0,0,8,11,24,2,3,2,1,1,1,0,0,0,3,2,2,1,0,0,0,0,2,3,8,0,1,0,1,0,1,1,4,0,2,0,1,0,0,1,0,0,4,4,14,4,1,0,0,0,1,0,2,2,6,12,7,7,7,3,3,2,4,5,30,4,1,0,3,1,1,0,3,2,9,16,18,19,8,5,4,1,18,10,81,10,4,5,6,3,2,0,6,7,28
439.25,0,1,0,0,0,0,0,1,1,2,1,0,0,0,0,0,0,0,3,3,4,2,3,1,0,1,0,5,0,11,0,0,0,0,0,0,0,0,0,0,4,1,1,2,0,0,0,4,0,10,0,0,0,0,0,0,0,0,0,0,2,1,2,0,0,2,0,2,1,4,8,5,6,2,3,0,0,3,6,11,2,1,1,1,0,0,0,1,4,5,0,0,1,0,0,0,0,0,1,0,10,7,7,2,3,1,3,4,15,31,3,0,0,0,0,0,0,1,1,3,2,1,0,0,0,0,0,0,0,0,0,0,0,0,0,0,0,1,0,1,0,0,0,0,0,0,0,0,0,1,1,3,6,1,0,0,0,3,2,9,8,10,8,7,2,3,2,3,8,29,2,1,1,1,1,1,0,0,1,7,10,11,5,2,7,1,1,6,4,26,18,7,5,4,1,6,2,4,4,32,8,5,4,3,3,0,0,4,4,8,2,3,3,0,0,0,0,4,8,17,10,6,0,1,3,0,2,10,5,15,2,2,1,0,0,0,0,1,0,5,2,0,0,0,1,2,0,1,2,9,1,2,1,1,0,2,0,1,0,2,1,2,0,0,0,2,1,5,1,5,1,1,0,2,0,0,0,3,1,10,7,10,9,3,3,2,1,7,5,28,4,5,3,1,0,0,0,0,2,11,25,14,10,8,11,5,2,14,18,80,9,4,4,4,1,4,1,3,8,16
439.75,1,1,0,0,0,0,0,0,0,2,0,0,1,0,1,0,0,5,0,6,1,1,1,1,0,1,1,0,1,10,0,0,0,0,0,0,0,2,0,1,3,2,2,4,2,3,0,1,2,13,0,0,0,0,0,0,0,0,0,0,1,1,0,1,0,0,0,1,1,5,9,2,3,0,0,1,1,3,4,18,4,0,1,1,0,0,0,2,0,6,0,0,0,1,0,0,0,0,0,0,10,5,5,4,1,5,2,4,12,14,1,2,1,0,0,0,0,0,0,4,0,1,1,0,0,0,0,0,0,0,0,0,0,0,0,0,1,0,0,0,1,0,0,0,0,1,0,0,0,1,3,3,1,0,2,0,0,3,5,8,10,2,5,7,5,5,1,10,13,36,2,2,2,0,0,0,1,2,1,4,14,6,5,6,3,5,0,5,10,27,15,7,8,6,2,2,2,2,8,22,7,2,1,0,2,0,0,0,3,6,3,5,1,4,2,1,0,3,1,11,6,3,3,0,0,1,0,3,4,14,6,0,3,0,0,1,0,0,5,3,1,0,0,3,1,1,0,4,2,7,1,1,2,0,0,0,1,3,3,4,1,2,0,0,0,1,0,2,0,19,5,0,0,0,1,0,0,1,2,6,11,8,6,8,3,0,1,4,4,30,3,2,0,1,0,4,0,3,2,8,23,12,8,11,10,7,1,20,13,76,8,7,4,2,4,2,1,8,12,37
440.25,1,0,0,0,0,0,1,0,0,1,0,2,1,0,0,0,0,1,0,2,3,3,1,1,1,0,0,1,3,11,0,0,1,0,0,0,0,0,0,0,1,1,0,1,1,1,0,1,3,13,0,0,0,0,0,0,0,0,0,0,1,1,0,2,0,0,0,0,3,5,9,2,2,0,1,1,0,1,10,15,3,3,3,1,2,0,0,2,1,10,1,1,0,0,0,0,0,0,0,3,12,8,11,4,5,4,4,7,6,26,0,0,1,1,0,0,0,0,1,4,0,0,1,0,0,0,0,1,0,0,0,0,0,0,1,0,0,1,0,3,1,0,0,0,1,0,0,0,0,1,6,4,0,3,0,0,2,0,1,12,13,5,7,1,1,5,2,4,4,32,0,1,1,1,0,2,0,3,0,10,9,3,4,2,3,3,0,10,6,26,5,8,8,5,4,5,2,3,4,18,5,6,1,0,2,6,0,3,3,17,6,3,4,2,3,1,0,4,3,11,3,5,3,4,2,2,0,3,11,15,1,4,4,3,0,1,0,0,1,7,2,1,4,0,1,0,0,3,2,5,0,0,0,0,0,0,0,0,2,3,3,0,0,4,0,0,0,2,2,9,2,1,2,0,2,1,0,1,0,7,6,6,6,4,2,3,2,5,14,29,3,0,0,0,0,0,0,1,2,15,20,16,11,4,7,8,2,19,21,69,5,3,4,3,4,2,1,4,3,17
440.75,3,0,0,0,0,0,0,2,0,1,0,1,0,0,1,0,0,0,1,3,6,0,2,1,0,2,1,2,4,2,0,0,0,0,1,0,0,0,0,0,2,4,0,1,1,2,1,3,3,7,0,0,0,0,0,0,0,0,0,0,1,2,1,0,0,0,0,0,2,4,6,7,2,3,3,1,0,2,7,6,3,2,1,5,4,0,0,2,3,7,1,0,0,0,0,0,0,1,1,0,16,5,4,5,3,3,0,8,6,19,0,1,0,0,2,0,0,3,2,3,0,0,0,0,0,0,0,1,0,0,0,0,0,0,0,0,0,1,0,2,0,0,4,0,0,0,0,1,1,2,2,2,4,2,0,1,0,3,0,9,11,1,5,2,2,1,1,9,12,33,1,2,1,1,0,1,0,3,1,6,9,8,5,3,3,3,3,10,7,31,16,9,6,4,2,2,2,7,7,22,7,1,5,2,3,2,1,1,6,16,3,4,1,3,1,4,1,5,1,12,5,3,10,3,2,3,1,1,5,18,3,2,0,1,1,0,0,3,4,6,2,0,0,2,0,5,0,1,2,7,2,0,1,0,2,0,1,2,0,4,0,2,1,0,1,0,0,1,0,15,2,2,1,0,0,2,0,0,6,8,10,6,2,4,1,2,1,6,6,34,3,0,1,2,0,0,0,1,2,8,19,12,10,9,6,11,3,18,11,66,11,5,1,4,3,5,2,5,6,16
441.25,2,3,0,0,0,0,0,0,2,2,3,0,0,0,0,1,0,0,0,1,2,1,1,2,1,0,0,5,2,8,0,0,0,1,0,0,0,0,0,1,7,0,0,1,1,0,0,1,4,9,0,0,0,0,0,0,0,0,0,0,0,1,0,0,0,0,0,0,0,2,6,12,3,1,1,4,1,4,4,15,2,3,1,0,1,1,0,3,1,6,0,0,0,0,0,0,0,0,0,6,5,6,5,4,4,2,2,4,8,21,0,0,0,1,0,0,0,1,0,5,0,1,0,0,0,0,0,2,0,2,2,0,0,0,0,0,0,0,0,1,1,0,0,1,0,1,0,1,0,0,2,3,2,3,3,0,0,1,3,11,17,6,6,3,3,0,1,7,6,30,2,3,1,0,1,0,1,4,0,7,9,11,6,5,2,2,0,7,8,23,10,10,4,2,0,3,0,6,9,24,3,4,2,2,2,1,0,2,2,21,8,1,2,0,1,3,0,2,6,12,8,2,5,1,4,2,1,4,5,23,1,0,0,0,1,0,0,0,0,5,1,2,0,0,0,0,0,1,0,2,0,2,0,1,1,0,0,1,0,6,1,1,0,0,0,2,1,1,4,12,1,5,1,1,0,0,1,5,3,11,8,8,9,4,1,1,0,5,9,30,1,1,1,1,1,0,1,5,2,6,18,9,10,11,9,7,4,21,20,57,10,1,6,1,0,5,0,8,6,23
441.75,1,0,0,1,0,0,0,0,1,3,1,1,0,1,0,0,0,0,0,3,2,3,3,1,1,0,1,0,3,6,1,0,1,0,0,0,0,0,0,1,3,1,2,0,2,1,0,3,1,9,0,0,0,0,0,0,0,0,0,0,2,0,1,0,0,0,0,0,2,3,5,2,2,2,1,2,0,2,5,13,2,1,1,0,0,0,0,0,2,6,0,0,0,0,0,0,0,0,0,1,6,2,4,0,3,5,0,6,2,24,1,2,0,1,0,0,0,0,1,9,0,1,0,0,0,0,0,0,0,0,0,0,1,0,0,0,0,0,0,0,0,0,0,0,0,0,0,0,0,1,2,4,0,0,0,0,1,1,2,4,8,10,3,5,5,3,0,9,6,32,1,1,3,0,1,1,0,2,3,5,11,3,5,3,1,4,0,5,7,25,15,6,6,11,1,3,2,3,10,19,6,1,0,1,1,0,0,4,4,18,1,4,1,1,2,1,0,3,3,24,7,3,1,3,0,1,2,4,3,17,3,4,1,0,0,3,0,2,1,4,4,2,1,1,1,0,0,0,2,4,2,0,1,0,0,0,1,2,2,4,1,2,0,0,0,0,0,0,2,6,5,1,1,0,1,1,0,1,2,4,10,6,4,5,4,4,2,6,10,22,3,1,3,0,0,1,0,3,0,6,27,7,11,7,4,9,3,17,19,66,7,4,2,1,0,4,1,14,7,23
442.25,0,0,0,0,0,0,0,0,1,1,2,0,0,0,0,0,0,0,1,2,0,2,2,2,2,2,1,0,1,5,0,0,0,0,0,0,0,0,0,1,2,2,1,0,0,0,0,5,3,11,0,1,0,0,0,0,0,0,0,0,3,2,1,0,0,0,0,0,0,3,8,2,3,2,2,1,0,4,4,13,2,2,0,0,0,0,0,2,1,15,0,0,1,0,0,0,0,0,0,1,10,4,5,4,1,4,1,4,6,26,0,2,0,1,0,0,0,0,1,6,0,0,0,0,0,0,0,0,1,0,0,0,1,0,0,0,0,0,0,2,0,0,0,0,0,0,0,1,0,0,2,4,1,0,0,1,0,1,5,3,11,8,8,0,6,1,0,5,5,32,5,1,2,0,1,2,0,0,2,5,12,7,5,4,5,4,2,3,8,20,15,7,7,3,3,3,0,4,12,19,2,3,3,1,2,2,2,3,1,9,3,4,4,0,1,2,1,3,0,14,4,3,2,7,0,2,0,4,8,18,1,0,1,2,3,0,0,3,2,7,1,3,0,0,0,0,0,1,1,7,0,1,2,1,1,1,0,0,1,5,3,0,1,1,1,0,0,1,0,14,2,1,0,0,1,0,0,0,6,5,5,5,3,4,5,2,0,2,8,27,2,1,0,2,1,0,0,1,2,8,8,13,7,8,7,10,2,18,15,58,6,8,4,6,2,2,1,4,6,21
442.75,1,0,0,0,0,0,0,1,2,2,1,1,1,0,0,0,2,1,0,1,5,1,3,2,1,1,1,2,4,7,0,0,0,0,0,0,0,0,0,1,1,3,2,1,1,3,1,2,4,10,0,0,0,0,0,0,0,0,0,0,1,0,0,0,0,0,0,1,3,4,7,3,8,0,1,0,1,2,0,9,3,4,2,1,0,0,0,5,2,8,0,0,0,0,0,0,0,0,0,1,10,8,3,4,2,5,0,9,8,23,2,1,1,0,0,0,0,1,0,4,0,0,0,0,0,0,0,0,0,1,1,0,0,0,0,0,0,0,0,0,0,0,0,0,0,0,0,1,1,2,0,3,0,0,0,0,1,0,4,2,11,5,2,2,5,1,1,7,5,31,4,1,0,1,1,0,0,2,2,9,8,4,0,6,2,2,0,3,10,16,15,10,8,7,0,5,1,5,5,18,3,3,2,0,2,1,0,5,1,9,2,3,2,0,0,2,0,0,3,15,5,2,4,2,1,3,0,4,3,12,0,1,0,0,0,0,1,3,0,7,1,2,1,3,0,0,0,1,0,3,2,1,1,0,1,1,0,0,0,3,1,4,2,0,0,0,1,2,1,7,2,1,0,1,0,2,0,1,1,10,10,8,4,3,5,4,1,8,2,40,1,2,3,1,0,1,0,1,1,12,23,12,11,6,5,8,3,19,19,81,7,3,3,0,0,3,2,7,5,21
443.25,0,0,1,0,0,0,0,0,0,4,1,1,0,0,0,0,0,0,0,5,1,0,1,1,2,0,0,2,1,8,1,0,1,1,0,0,0,0,0,1,3,2,2,1,0,0,1,2,3,9,0,0,1,0,0,0,0,0,0,0,0,1,1,0,0,0,0,2,1,6,2,6,3,2,0,1,0,1,5,11,2,3,1,0,0,1,0,0,0,4,0,0,0,0,0,0,0,0,0,0,7,11,1,2,4,3,4,4,7,24,2,0,0,0,0,0,0,0,0,5,0,0,0,0,0,0,0,0,1,1,0,0,0,0,0,0,0,1,0,3,0,0,0,1,0,0,0,0,0,1,1,1,2,2,0,0,0,5,5,9,6,3,12,6,2,4,2,4,9,27,2,3,2,1,0,1,0,0,2,10,8,5,5,1,2,4,2,6,5,22,13,7,3,5,2,0,1,7,9,12,7,2,2,0,3,5,0,1,4,6,3,4,1,2,5,0,0,3,2,10,8,3,4,4,4,5,1,3,3,17,2,2,2,1,0,0,0,1,1,6,1,2,0,0,0,0,0,0,2,8,2,0,0,0,0,1,0,1,0,5,1,1,0,0,0,0,0,3,4,9,0,2,1,3,1,1,2,2,0,3,7,5,4,5,1,1,3,6,7,27,5,2,0,0,0,0,1,1,0,11,26,16,8,3,3,9,1,9,19,55,5,3,4,1,0,3,3,5,7,16
443.75,0,0,0,0,0,0,0,1,0,1,3,1,0,0,0,0,0,0,2,1,3,1,0,2,0,2,0,2,2,12,0,1,0,0,0,1,0,0,0,1,2,5,1,0,1,0,1,1,1,6,0,0,0,0,0,0,0,0,0,0,1,0,0,0,1,0,0,1,0,4,7,5,3,3,0,3,0,0,3,8,2,0,1,0,2,2,0,2,1,10,0,0,0,0,0,1,0,0,1,0,6,8,5,4,3,1,0,5,6,17,1,0,0,0,0,1,0,0,2,3,1,0,0,0,0,0,0,0,1,1,0,0,0,0,0,0,0,0,1,4,1,0,0,0,0,0,0,0,0,0,4,0,2,0,0,1,0,3,2,5,7,6,4,5,3,2,1,5,10,31,4,0,0,1,1,1,0,0,4,3,12,6,6,2,1,1,0,5,7,25,7,6,3,3,5,2,1,7,10,20,5,3,3,1,1,2,0,2,4,8,1,2,1,0,0,4,2,6,8,13,3,5,1,1,1,1,1,4,2,12,0,0,0,0,0,1,0,0,2,9,3,1,0,0,1,1,0,0,2,4,1,0,1,0,0,1,0,0,2,9,2,1,2,1,0,0,0,1,0,9,3,0,0,1,0,0,0,2,1,6,11,4,6,3,5,2,0,4,4,29,3,4,0,2,1,1,1,6,2,7,16,12,8,7,4,6,2,18,13,74,4,1,6,2,0,0,1,5,5,19
444.25,0,0,0,0,0,0,0,0,0,3,1,1,2,0,0,0,0,0,3,0,1,6,2,2,1,3,0,0,0,10,1,0,0,0,0,0,0,0,0,1,6,1,2,0,0,0,0,2,3,14,0,0,0,0,0,0,0,0,0,1,0,0,1,0,1,0,0,1,1,3,9,4,2,4,1,0,0,0,5,14,2,2,1,1,2,0,0,2,4,4,0,0,0,0,0,0,0,0,0,1,9,5,1,4,3,5,0,6,10,18,0,0,0,0,0,0,0,1,0,7,1,0,0,0,0,0,0,0,0,0,0,0,0,0,0,0,0,2,0,0,1,0,0,0,0,0,0,1,0,1,2,1,0,0,1,1,0,3,3,4,8,11,5,1,5,2,2,5,3,27,2,0,0,3,0,1,1,4,4,4,10,7,4,3,1,5,2,7,6,26,5,1,6,1,2,3,0,2,2,20,1,1,0,0,4,0,1,3,0,7,2,7,3,0,1,1,0,2,4,14,11,7,1,2,0,2,0,4,4,13,4,1,1,0,0,1,0,2,0,4,1,1,1,1,0,0,0,0,2,9,2,1,2,0,2,0,0,1,0,7,0,2,0,1,0,0,0,1,1,8,2,1,1,0,0,0,0,2,4,9,10,8,0,4,2,3,1,7,7,18,4,0,0,1,1,0,0,3,4,13,17,13,17,1,4,5,2,15,10,59,5,5,5,2,1,0,1,6,2,6
444.75,1,2,1,0,0,0,0,1,0,0,4,0,1,0,0,0,0,0,0,3,4,2,3,1,0,0,0,2,4,12,1,0,0,1,0,0,0,0,0,1,0,5,3,0,0,0,0,2,3,7,0,0,0,0,0,0,0,0,0,0,0,0,0,1,0,1,0,1,0,2,11,0,2,4,6,3,0,0,6,9,3,1,0,0,1,2,1,0,2,11,0,0,0,0,0,0,0,1,0,0,9,11,3,3,1,7,1,2,8,24,1,1,1,0,1,0,0,1,2,0,1,0,0,0,0,0,0,0,1,0,0,1,0,0,0,0,0,1,0,1,0,0,1,0,1,0,0,0,0,0,2,2,1,0,0,3,0,2,2,6,10,3,8,4,2,2,0,4,11,32,2,4,1,0,0,0,0,1,1,9,6,6,3,2,3,2,0,7,6,22,11,5,5,3,0,1,0,1,5,15,4,1,3,1,1,1,1,1,5,9,1,3,0,0,0,2,2,1,5,16,7,5,0,4,1,0,0,0,2,17,0,2,1,1,0,0,0,3,0,8,2,1,2,0,0,0,1,1,2,5,0,0,1,0,1,1,0,1,0,5,2,1,0,0,0,1,0,1,1,7,3,1,2,2,0,0,0,1,0,4,8,12,10,5,5,8,2,6,2,18,0,0,1,0,0,1,0,0,3,14,18,11,14,6,3,3,2,10,18,56,6,2,3,1,2,2,2,3,8,21
445.25,0,0,1,1,0,0,0,1,1,2,1,0,1,2,2,1,0,0,1,3,2,4,3,0,0,0,0,1,4,12,1,0,0,0,0,0,0,0,1,0,2,0,1,1,1,1,0,3,4,11,1,0,0,0,0,0,0,0,0,1,1,0,2,0,0,0,0,2,0,5,11,2,1,1,1,0,0,5,6,8,0,2,3,1,0,0,0,0,2,6,1,0,0,0,0,0,0,0,0,0,10,9,6,0,3,2,0,3,7,21,1,1,0,0,0,0,0,2,3,2,0,0,0,0,0,0,0,1,0,0,1,0,0,0,0,0,0,0,1,2,0,1,2,1,0,0,0,0,1,0,2,2,1,2,0,0,0,4,1,7,8,8,7,4,3,8,0,5,7,22,1,1,1,0,1,0,1,0,1,4,9,4,2,4,3,1,1,6,5,20,8,3,7,3,4,3,0,4,3,15,1,1,1,1,0,2,0,2,2,6,3,1,1,0,0,2,1,7,4,9,5,3,1,1,1,1,0,1,10,12,2,0,1,0,1,1,0,0,1,3,1,1,1,0,0,0,0,1,0,2,2,0,0,0,0,2,0,2,0,3,1,3,1,0,1,0,0,2,2,5,4,1,0,1,1,0,1,3,1,8,6,4,4,1,2,2,1,2,9,29,1,1,3,1,0,1,0,5,2,12,24,11,13,8,1,7,2,12,18,52,6,6,1,7,1,0,1,2,3,21
445.75,0,0,0,0,0,0,0,0,0,3,0,1,0,0,0,0,0,0,1,0,5,1,1,2,0,0,1,2,2,10,2,0,2,0,0,0,0,0,0,4,4,2,1,2,2,0,0,1,2,5,0,0,0,0,0,0,0,0,0,0,0,0,0,1,0,0,0,0,0,1,6,5,4,0,2,2,1,0,6,8,1,1,1,1,1,0,0,1,3,10,2,0,0,0,0,0,0,0,0,1,4,7,4,3,1,6,2,2,8,16,1,0,0,0,0,0,0,0,0,3,0,0,0,0,0,0,0,0,0,1,0,0,0,0,0,0,1,0,0,0,1,0,0,0,0,0,0,0,0,0,1,1,2,0,0,0,0,2,2,10,5,6,6,2,7,4,1,3,5,14,3,1,2,0,0,1,1,4,2,4,6,5,6,2,2,4,1,6,9,25,8,7,5,5,3,3,0,4,6,17,2,1,5,0,1,3,0,4,8,14,3,1,0,0,0,0,0,2,2,11,3,4,7,2,2,1,0,1,3,11,4,1,1,0,0,0,1,1,0,3,3,2,2,1,1,0,0,0,0,5,1,0,0,1,0,2,0,0,2,5,1,0,1,1,1,0,0,1,2,7,2,3,3,0,1,0,2,1,0,7,8,4,1,1,1,2,0,5,8,29,2,4,1,1,0,0,0,1,2,12,13,11,7,4,2,3,2,12,11,62,4,0,4,1,2,0,2,4,3,18
446.25,0,1,0,0,0,0,0,0,0,2,3,0,0,2,0,1,0,0,3,4,6,1,1,0,1,0,0,4,4,7,0,0,0,0,0,0,0,0,0,0,5,1,0,1,0,1,0,1,2,8,0,0,0,0,1,0,0,0,1,0,0,0,0,1,0,1,0,0,1,3,3,7,1,4,0,3,0,2,2,6,0,2,4,1,0,2,0,1,0,9,2,0,0,1,0,0,0,0,0,2,10,6,4,3,2,2,2,7,7,12,1,0,0,0,0,0,0,0,2,5,0,0,0,0,0,0,0,0,0,0,0,0,0,0,0,1,0,1,0,1,0,0,0,1,0,0,0,0,0,4,2,0,1,2,0,1,1,1,2,16,10,3,4,4,3,1,2,6,6,23,2,0,1,0,1,1,0,1,0,9,9,9,5,1,2,0,1,6,10,16,7,6,4,2,0,1,1,3,7,18,3,1,2,1,1,2,1,1,6,6,2,1,2,1,1,0,0,1,3,7,3,2,3,1,1,2,0,2,5,20,3,1,1,2,0,0,0,3,0,5,1,2,1,1,1,0,1,0,2,7,0,1,0,0,1,0,0,3,0,5,2,0,1,1,0,0,0,1,1,7,3,2,4,1,0,0,1,0,1,10,8,3,2,3,5,8,2,8,8,24,3,2,1,1,0,0,1,4,2,7,13,13,8,11,8,6,1,13,9,59,3,5,2,1,1,0,1,1,6,27
446.75,0,0,0,0,0,0,0,0,0,4,2,0,0,0,0,0,0,0,0,3,1,3,3,3,1,0,1,3,1,7,1,0,0,0,1,0,0,0,0,0,2,2,3,1,1,0,0,1,1,11,0,0,0,0,0,0,0,0,0,0,1,0,0,0,0,0,0,1,0,6,6,6,2,2,1,0,0,2,4,7,1,2,0,0,0,1,0,2,2,2,0,0,1,0,0,0,0,0,0,0,12,3,4,3,1,4,0,5,4,21,0,1,0,0,0,0,0,0,0,1,1,1,0,0,1,0,0,0,0,1,0,0,0,0,0,0,0,1,0,1,1,0,0,0,0,0,0,0,0,0,0,4,1,1,0,1,0,1,2,4,8,4,2,2,1,3,0,6,6,16,2,0,2,2,0,0,0,0,1,6,7,4,2,2,1,2,1,8,5,38,9,2,3,1,3,0,1,7,7,19,5,4,3,0,1,3,1,1,0,5,2,1,0,0,0,1,0,3,3,11,5,6,5,2,0,0,2,3,5,16,1,3,1,0,1,1,0,0,1,6,1,1,0,1,1,1,0,1,2,4,1,1,0,0,0,0,1,0,0,2,1,1,0,1,0,0,0,1,1,10,2,1,2,1,2,1,0,0,0,2,5,1,3,1,2,7,0,3,5,23,4,2,1,0,0,0,1,1,0,8,12,16,10,10,2,6,0,11,17,59,7,4,2,5,1,0,1,2,2,19
447.25,0,1,1,0,1,0,0,3,0,4,1,1,0,0,0,0,0,0,1,3,2,0,1,4,2,1,0,2,0,10,0,1,1,0,0,1,0,1,0,1,1,1,2,1,1,3,0,2,3,8,0,0,0,0,0,0,0,0,0,0,2,0,1,1,0,0,3,3,0,7,3,3,7,2,1,1,1,1,3,10,1,0,0,0,0,0,0,1,3,4,0,0,0,0,0,0,0,0,0,0,9,6,2,2,1,1,2,7,10,29,0,1,1,1,0,0,0,0,0,2,1,0,0,0,0,0,0,0,1,1,1,0,0,1,0,0,0,1,0,2,2,0,0,0,0,1,1,2,0,0,2,1,0,2,0,0,0,1,1,6,8,5,5,2,0,6,0,5,6,16,1,2,0,0,0,0,0,0,0,5,8,7,2,2,1,6,0,8,9,17,4,6,2,6,0,4,0,2,6,17,2,3,0,0,1,3,0,6,5,9,4,3,2,1,1,2,0,4,2,5,3,2,3,4,1,1,1,1,5,19,4,2,1,3,2,3,0,2,0,0,2,1,0,0,0,0,0,1,1,5,2,1,0,1,0,0,0,1,3,4,2,0,1,0,2,0,0,2,1,6,1,1,0,1,0,0,0,0,0,6,8,2,8,3,1,3,1,4,8,21,1,0,1,1,0,0,1,0,0,5,18,7,7,7,4,4,1,13,13,47,2,5,2,1,2,0,0,6,3,21
447.75,0,0,0,0,0,0,0,0,1,1,0,1,1,0,0,1,0,1,3,0,1,0,0,0,0,1,1,1,2,13,0,0,0,0,0,0,0,0,0,0,1,3,0,2,0,1,0,2,0,9,0,0,0,0,0,0,0,0,0,0,0,0,0,0,0,0,0,0,0,6,7,4,3,0,1,1,0,3,3,5,1,2,0,0,3,0,1,0,1,8,0,0,2,0,0,0,0,0,0,1,3,5,6,7,5,1,1,6,2,20,0,0,1,0,1,0,0,0,2,2,0,0,0,0,0,0,0,0,0,0,0,0,0,0,0,0,0,0,0,0,1,0,0,0,0,0,0,0,0,1,2,0,0,2,1,0,0,2,1,11,10,5,3,2,0,3,2,3,10,29,4,1,2,1,0,1,0,0,2,5,9,5,2,1,4,2,0,3,6,18,6,8,5,3,1,1,0,6,3,18,3,1,4,2,1,0,0,2,3,14,5,1,2,0,2,0,0,2,5,10,5,3,4,3,1,1,1,5,4,11,0,1,3,2,0,0,2,1,3,5,4,0,0,0,1,1,0,2,2,4,0,1,1,0,0,0,0,0,0,4,1,0,2,0,0,0,0,0,0,0,4,4,1,1,0,1,0,1,0,4,6,5,5,1,2,2,2,2,6,28,3,4,3,0,0,0,0,1,1,10,18,7,7,7,6,3,3,12,12,69,6,3,3,3,0,3,0,1,4,14
448.25,2,0,0,1,0,0,0,0,0,1,1,2,1,0,0,0,0,0,0,3,2,1,2,0,0,1,0,0,1,3,1,1,0,1,1,0,0,0,0,0,4,3,0,0,1,1,0,3,4,6,0,0,0,0,0,0,0,0,0,0,1,1,0,0,0,0,0,0,0,4,1,4,1,3,2,3,0,1,3,10,2,0,1,1,0,3,0,1,2,7,0,0,0,1,0,0,0,0,0,1,4,6,6,3,0,2,0,5,5,21,1,0,0,0,0,1,1,1,1,4,0,1,0,1,0,0,0,0,0,0,0,0,0,0,0,0,0,1,0,1,1,0,0,0,0,0,0,0,0,0,4,1,1,1,0,0,0,1,3,5,7,4,6,7,1,4,2,6,5,13,0,0,0,2,1,0,0,0,0,7,9,3,2,2,1,4,2,8,8,19,13,4,3,3,1,2,0,1,4,19,3,1,0,4,0,2,0,2,0,6,2,1,0,0,0,1,0,0,1,14,3,5,2,1,3,2,0,4,6,18,1,0,0,0,1,0,0,1,5,4,2,1,0,2,0,1,0,0,2,4,0,0,0,1,0,0,0,2,0,1,0,2,0,1,1,1,1,1,0,4,1,2,0,1,0,0,0,0,0,6,11,7,3,2,0,0,0,7,6,14,1,3,1,1,1,0,0,2,3,5,10,11,12,5,1,2,4,12,13,51,10,4,2,1,1,3,0,4,3,18
448.75,0,0,0,0,0,1,0,0,0,3,1,1,0,0,0,0,0,0,0,3,1,4,1,1,1,2,0,2,1,5,1,0,0,0,0,0,0,0,0,0,2,0,1,0,0,0,0,2,2,5,0,0,0,0,0,0,0,0,0,0,0,0,1,0,1,0,0,0,0,2,5,5,8,1,1,0,0,3,5,7,0,3,0,1,1,0,0,0,2,7,0,0,0,0,0,0,0,0,0,2,7,7,2,4,0,1,0,3,13,13,0,0,0,0,0,0,0,1,0,0,0,0,0,0,0,0,0,1,0,0,0,0,0,0,0,0,0,0,0,3,2,0,0,0,0,0,0,0,0,0,2,0,0,2,0,0,1,4,0,4,6,6,4,3,2,3,1,6,6,31,2,3,2,1,2,0,0,4,2,8,4,10,5,3,1,3,1,6,6,19,7,9,3,1,3,3,0,1,5,17,2,5,3,2,0,0,0,1,3,6,5,3,0,0,0,0,0,2,3,17,2,2,1,0,0,1,1,1,2,26,4,0,0,0,0,1,0,0,2,4,1,1,2,1,0,0,0,1,2,4,0,0,0,0,0,0,0,2,0,2,2,0,0,1,0,0,0,0,3,8,1,1,0,1,1,1,1,2,4,2,7,5,9,4,1,2,0,4,3,16,0,0,1,2,1,0,0,1,0,8,18,14,6,5,4,3,1,2,12,46,6,3,3,1,0,1,0,2,4,20
449.25,0,0,0,0,0,0,0,0,1,1,3,0,0,1,0,0,0,1,0,6,4,3,0,0,0,1,0,1,1,8,0,0,0,0,0,0,0,0,2,1,1,2,1,1,2,1,0,0,1,13,0,0,0,0,0,0,0,0,0,0,1,0,0,0,0,0,0,0,0,5,9,8,1,2,1,2,0,1,2,4,3,0,1,1,2,1,0,0,2,3,0,0,0,1,0,0,0,0,0,0,9,3,2,1,0,1,1,5,4,19,0,0,0,0,0,1,0,0,0,1,1,0,0,0,0,0,0,0,0,1,0,0,0,0,1,0,0,0,0,1,1,0,0,0,0,0,0,0,0,0,0,3,2,0,0,0,0,0,2,8,8,7,6,2,2,2,2,5,8,15,4,0,1,0,1,1,0,2,0,5,4,6,6,2,3,3,0,4,9,9,6,7,6,5,1,1,1,6,3,24,0,3,2,1,1,1,0,3,4,8,5,1,0,0,1,0,0,1,5,7,1,4,1,0,1,1,1,3,3,11,0,0,1,0,0,1,0,2,0,2,3,1,0,0,3,1,0,2,2,3,1,1,1,1,0,0,0,2,1,2,1,0,1,1,0,0,0,3,0,2,1,1,1,1,1,0,1,1,3,9,7,2,4,4,3,0,0,8,2,25,3,2,1,1,0,0,0,0,4,12,17,13,9,7,2,3,4,14,6,55,5,4,5,0,0,2,0,6,9,12
449.75,1,0,0,0,0,0,0,0,1,0,0,0,1,0,1,0,0,0,0,0,1,1,0,0,1,0,0,1,3,6,1,0,0,1,0,0,0,0,0,0,2,1,2,1,0,0,1,1,2,4,0,0,0,0,0,0,0,0,0,0,4,0,1,1,0,0,0,2,0,4,14,2,2,3,0,0,0,3,7,9,2,0,1,2,0,0,0,0,2,7,0,0,0,0,0,0,0,1,0,0,6,5,3,2,1,1,0,8,6,18,1,1,1,0,0,0,0,0,0,3,0,0,0,0,0,0,0,0,0,0,0,0,0,0,0,0,0,0,0,1,0,3,0,1,0,0,0,0,0,1,1,4,1,1,0,0,0,3,0,8,7,5,2,2,1,3,1,2,4,27,0,1,1,1,0,0,1,0,0,5,5,6,7,2,2,1,1,7,7,18,11,2,3,9,7,3,1,2,8,13,4,4,0,0,0,0,0,3,2,12,1,2,1,3,1,0,0,1,2,7,1,0,0,3,1,2,1,1,6,9,3,2,1,0,1,0,0,1,0,5,1,0,2,0,0,2,0,0,1,6,0,0,0,0,0,1,0,0,0,2,2,0,0,1,1,0,0,2,0,10,2,2,1,2,0,1,0,0,2,4,12,4,5,1,3,2,0,5,4,21,3,1,1,0,1,1,0,2,0,6,14,3,8,9,5,1,1,6,14,50,2,5,5,5,1,1,0,10,0,15
450.25,0,0,0,0,0,0,0,0,0,2,1,1,2,0,0,1,0,0,0,4,2,0,1,0,0,1,1,1,3,7,0,0,1,0,0,0,0,1,0,0,2,1,0,0,1,0,0,0,1,4,0,0,0,0,0,0,0,0,0,0,0,2,1,0,1,1,0,1,1,7,6,0,3,2,1,2,0,1,6,2,1,1,0,2,0,1,0,1,3,10,0,0,0,0,0,0,0,0,0,2,4,2,6,1,2,1,0,7,5,13,1,0,1,1,2,0,0,1,0,2,0,2,0,0,0,0,0,0,0,1,0,0,1,0,0,0,0,0,0,1,2,0,0,1,0,0,0,0,1,1,2,2,0,0,0,0,0,0,4,6,15,4,1,0,0,2,0,3,4,20,2,2,1,1,1,0,1,3,0,5,9,7,5,2,1,0,0,3,6,19,8,5,2,5,4,1,2,4,7,16,4,3,0,2,2,0,0,3,2,3,2,0,1,1,0,2,0,1,5,8,2,4,1,1,0,1,0,3,2,11,4,0,1,1,0,0,0,0,1,5,0,1,1,2,1,1,1,1,2,4,1,1,1,0,0,0,0,1,0,1,0,1,0,0,0,1,0,3,2,3,1,0,0,1,0,1,0,0,2,6,7,4,2,5,2,1,1,5,8,18,1,0,1,0,1,0,0,1,6,4,12,8,9,2,3,3,2,6,12,46,6,1,1,3,1,1,1,4,2,11
450.75,0,0,0,0,0,0,0,0,0,2,2,0,0,0,0,0,0,0,0,0,1,0,0,0,0,0,0,4,2,5,0,0,0,0,1,0,0,0,0,0,1,0,2,2,0,2,0,1,5,6,0,0,0,0,0,0,0,0,0,0,1,3,0,0,0,0,0,1,1,0,7,3,4,2,2,3,2,2,7,9,0,1,1,0,1,3,1,0,0,5,0,1,0,0,0,0,0,0,0,0,12,3,4,5,4,0,0,3,11,21,0,1,0,0,0,1,0,0,0,1,0,0,0,0,0,0,0,0,0,0,0,0,0,0,0,0,0,0,0,0,1,1,3,0,0,0,0,0,0,0,2,2,0,1,0,0,1,1,2,2,9,4,8,3,1,4,2,8,5,16,0,2,1,0,0,0,1,2,3,7,9,4,5,3,1,1,1,5,9,21,6,8,3,3,0,1,1,2,8,16,2,1,3,0,1,1,0,0,2,13,3,1,1,1,0,1,1,3,1,5,4,5,1,1,0,3,0,1,1,17,2,1,1,0,1,0,0,1,1,3,0,0,0,0,0,0,0,0,1,4,3,0,1,0,0,0,0,0,1,2,0,0,0,0,0,0,1,0,1,1,0,1,0,0,0,1,1,3,2,5,5,2,2,5,1,1,3,8,3,20,4,0,3,2,0,0,0,1,2,5,12,12,9,3,2,5,1,8,11,36,6,1,4,2,2,0,4,3,3,16
451.25,0,2,0,0,0,0,0,0,0,4,4,2,2,0,0,0,0,0,1,3,2,0,1,1,1,0,0,0,0,5,0,2,0,0,0,0,0,0,0,0,2,0,1,1,1,3,0,0,1,8,0,0,0,0,0,0,0,0,0,0,0,1,0,0,0,0,0,1,0,3,6,1,5,1,1,3,0,2,3,10,0,1,0,1,0,0,0,1,0,9,0,0,0,0,0,0,0,0,0,0,9,3,5,1,0,2,2,5,7,17,2,1,0,0,0,0,0,1,3,4,0,0,0,0,0,0,0,0,0,1,0,0,0,0,0,1,0,0,0,1,0,0,0,0,0,0,0,0,1,1,5,0,0,0,0,0,0,0,1,6,6,12,7,4,4,0,1,5,4,24,2,1,3,0,0,2,1,0,2,0,6,5,1,1,1,0,0,6,5,15,11,1,5,5,1,1,0,4,6,16,3,1,1,1,1,3,1,2,3,6,2,2,2,1,0,0,0,0,3,9,2,5,3,0,2,1,0,3,5,7,1,1,0,2,0,0,0,0,2,4,0,1,0,0,0,0,0,0,1,1,0,1,2,0,0,0,0,3,0,5,1,0,0,1,0,0,0,1,0,2,1,0,0,0,0,0,0,0,2,2,8,2,4,0,3,1,1,2,4,22,2,2,1,1,0,0,0,5,4,6,13,7,12,7,2,4,1,6,7,29,3,3,1,3,3,0,0,2,6,15
451.75,1,0,0,0,0,0,0,0,1,5,3,1,2,0,0,0,0,0,0,0,1,1,1,1,0,1,0,0,1,7,0,0,0,0,0,0,0,0,1,0,5,0,1,0,0,1,0,3,1,2,0,0,0,0,0,0,0,0,0,0,0,0,0,0,1,0,0,2,0,2,7,6,2,8,1,0,0,1,5,11,1,2,2,0,0,1,0,3,0,3,0,0,0,0,0,0,0,0,0,0,7,2,1,4,1,0,0,2,3,14,0,0,2,0,0,0,0,1,0,2,0,0,0,0,0,0,0,0,1,1,0,0,0,0,0,0,0,0,0,3,0,2,0,1,0,0,0,0,0,0,1,0,0,0,0,0,0,1,1,4,6,3,4,6,6,2,1,3,8,29,0,0,0,1,1,1,0,0,0,2,8,3,1,6,2,3,0,4,1,15,6,9,6,2,1,1,0,3,10,17,2,2,0,1,0,2,1,0,4,5,3,1,2,2,0,1,0,1,4,6,4,1,0,1,0,1,0,4,3,10,1,2,0,1,1,0,0,0,1,4,1,0,0,0,0,0,0,0,1,2,2,0,0,1,0,0,0,0,0,1,1,1,1,0,0,1,0,0,1,5,2,3,0,1,0,0,0,0,2,5,6,1,3,5,4,5,1,1,5,16,4,0,2,2,1,0,0,1,2,3,14,6,2,5,7,3,1,2,5,37,4,4,2,6,2,0,0,1,5,13
452.25,1,0,2,1,0,0,0,1,0,3,4,2,1,0,1,0,0,0,1,1,3,0,1,1,1,0,0,1,1,9,0,1,0,0,0,0,0,1,1,1,1,1,0,1,1,1,0,1,1,10,0,0,0,0,0,0,0,0,0,0,0,0,0,0,0,0,0,0,1,2,5,2,3,2,3,0,0,3,4,5,0,1,0,0,0,0,0,1,2,6,0,1,0,0,0,0,0,0,0,1,4,4,5,2,1,4,0,2,4,18,0,0,0,1,1,0,0,2,1,2,1,0,0,0,1,0,0,0,1,0,0,0,0,0,0,0,0,0,0,1,1,0,0,1,0,0,0,0,1,0,0,1,2,0,0,1,1,0,1,8,11,6,1,2,1,1,2,4,5,16,1,0,0,1,1,0,0,1,0,5,14,2,4,1,3,4,0,3,4,19,8,4,2,3,0,2,0,5,5,11,4,1,4,1,1,0,0,0,1,7,6,2,1,0,0,0,0,2,2,12,3,2,1,0,1,0,0,3,2,18,2,1,0,0,0,1,0,1,2,5,1,0,1,1,0,1,0,1,0,5,2,1,0,1,0,0,0,0,2,2,0,2,1,0,0,1,0,1,1,3,2,0,1,0,0,2,0,0,0,7,9,6,7,0,1,3,2,7,8,16,0,0,1,1,0,0,0,1,0,9,19,9,4,6,4,4,1,2,8,39,5,3,2,1,4,3,0,1,3,11
452.75,0,0,0,0,3,0,0,0,0,1,1,1,1,0,0,0,0,0,1,3,6,0,0,1,0,1,0,3,1,0,0,0,0,0,0,0,0,0,1,0,0,2,2,0,0,0,0,1,1,4,0,0,0,0,0,0,0,0,0,0,0,0,1,0,0,0,0,0,0,2,3,5,4,1,0,3,0,3,3,9,2,0,0,0,0,0,0,1,1,4,1,0,0,0,0,0,0,0,0,0,7,5,1,2,4,1,1,3,6,23,0,0,0,0,0,0,0,0,0,1,0,1,0,0,0,0,0,0,0,0,0,0,1,0,1,0,0,0,0,0,0,1,0,1,0,0,0,0,0,1,5,3,0,1,2,0,1,3,2,5,3,7,3,1,3,1,1,8,7,19,0,0,0,1,1,1,0,2,1,2,11,6,2,3,0,0,0,9,4,25,10,8,5,3,0,3,1,3,6,18,3,1,1,0,3,0,0,1,1,8,0,5,3,1,0,1,0,4,0,9,2,2,1,2,0,0,0,0,4,10,2,2,2,2,0,3,0,0,1,4,1,0,1,0,0,0,0,0,0,5,0,1,1,0,0,0,0,2,0,1,0,1,0,0,0,0,1,0,5,5,1,1,1,1,0,0,1,1,2,3,2,1,3,1,2,6,0,3,4,24,2,1,0,1,0,2,0,2,0,6,14,6,6,6,3,2,0,4,10,40,3,4,3,1,1,3,1,1,3,14
453.25,0,0,0,0,0,1,0,0,0,1,4,1,0,1,0,0,0,0,1,0,1,3,1,0,0,2,0,1,0,9,0,0,0,0,0,0,0,0,0,1,0,0,0,0,1,1,1,1,0,4,0,0,0,0,0,0,0,0,0,0,0,0,0,0,0,0,0,1,0,4,3,3,3,1,0,3,1,2,2,10,3,0,0,0,0,0,1,1,2,4,1,0,0,0,0,0,0,0,0,0,2,3,2,0,0,1,0,4,4,13,0,1,1,0,0,1,0,1,0,1,0,0,0,0,0,0,0,0,0,0,0,0,0,0,1,0,0,0,0,2,1,0,1,0,1,0,0,0,2,0,0,0,0,0,0,0,0,1,1,5,5,4,2,2,2,0,2,3,4,18,2,1,1,0,0,0,0,1,0,2,7,0,2,3,2,2,1,1,5,16,7,2,2,3,0,2,1,3,10,16,2,2,1,0,2,1,1,1,3,6,4,3,0,1,0,0,0,2,3,10,3,1,0,1,4,0,1,3,2,14,1,2,1,1,0,0,0,0,0,2,0,0,0,1,0,1,0,0,1,2,0,1,0,4,0,0,0,3,0,0,2,1,0,0,1,0,0,1,0,5,0,1,2,0,0,0,0,1,0,6,7,1,1,2,0,1,1,2,5,15,3,1,0,0,0,0,0,2,0,1,13,8,10,7,1,4,1,10,4,35,4,1,1,2,1,0,1,4,1,10
453.75,0,0,0,0,0,0,0,0,2,1,1,1,1,1,1,0,0,0,0,0,4,0,3,2,0,0,0,1,0,1,0,0,0,0,0,1,0,0,0,1,3,1,1,1,0,0,1,0,1,5,0,0,0,0,0,0,0,0,0,0,1,1,0,0,0,0,1,0,0,1,7,3,5,2,3,0,1,2,10,11,0,0,1,0,0,0,1,0,0,4,1,0,0,0,0,0,0,0,0,2,9,8,6,1,1,1,0,3,4,9,1,0,0,1,0,0,0,0,0,5,0,1,0,0,0,0,0,0,1,0,0,0,0,0,0,2,0,0,0,1,0,0,0,0,0,0,0,1,1,0,1,0,0,3,0,0,0,3,1,4,2,5,3,3,2,0,0,2,6,13,0,0,0,0,0,0,0,1,1,9,7,4,5,1,5,0,1,5,0,14,8,7,3,3,1,1,1,2,8,10,4,1,2,2,1,1,0,3,1,6,3,2,1,2,2,0,0,1,2,9,2,1,3,0,0,4,1,1,4,16,3,0,1,0,1,0,0,0,4,2,2,1,2,0,0,0,0,2,0,2,1,0,0,1,0,0,0,0,1,4,1,0,0,0,0,0,2,1,0,4,3,1,0,0,0,0,0,1,0,4,9,8,5,3,2,0,3,2,3,14,1,3,2,1,0,1,0,3,0,9,17,10,7,3,2,2,1,10,10,40,4,1,1,0,1,3,1,1,3,11
454.25,0,0,0,0,0,0,0,1,0,0,3,0,0,0,0,0,0,0,0,2,3,2,0,0,1,0,0,1,2,5,0,0,0,0,0,0,0,0,0,0,1,1,3,1,0,0,0,4,2,2,0,0,0,0,0,0,0,0,0,1,3,1,1,0,1,0,0,0,0,0,7,2,4,3,1,1,2,0,2,12,2,0,0,0,0,1,1,1,0,4,0,2,1,0,0,0,0,0,1,2,6,5,4,0,2,0,1,2,2,11,0,0,0,1,0,1,0,0,0,1,0,0,0,0,0,0,0,0,1,0,0,0,0,0,0,0,0,0,0,1,0,0,2,0,0,0,0,0,0,3,1,1,0,2,1,0,1,0,2,5,7,8,4,1,2,6,4,4,3,17,1,3,1,0,0,0,1,2,2,2,4,5,2,0,2,4,1,4,5,14,4,3,5,3,0,0,0,5,6,17,1,1,0,1,1,0,0,1,3,7,3,1,2,0,0,2,0,1,2,8,2,5,1,1,0,1,1,3,2,11,0,2,1,1,0,0,0,0,1,7,0,0,2,2,1,1,0,1,2,2,1,1,1,1,0,0,1,1,0,2,2,0,3,0,0,0,0,1,0,0,2,3,1,0,1,0,0,3,1,4,6,4,5,2,0,2,0,4,4,12,3,1,0,2,0,1,0,0,1,7,18,7,5,5,6,1,0,8,12,35,1,2,2,3,1,2,0,1,1,9
454.75,0,0,1,0,0,0,0,1,0,3,3,0,0,0,1,0,0,1,2,4,0,0,0,3,0,0,1,3,2,3,0,1,0,0,0,0,0,0,0,0,2,2,0,0,3,1,0,3,0,4,0,0,1,0,0,0,0,0,0,0,1,0,0,0,0,2,0,0,1,2,8,8,3,5,0,1,0,3,2,10,0,3,0,1,0,0,1,0,2,6,0,0,0,0,0,0,0,0,0,0,7,1,2,1,2,5,0,4,5,15,1,0,0,1,0,0,0,0,0,2,0,0,0,0,0,1,0,0,0,0,0,0,0,0,0,0,0,1,0,0,0,0,0,1,1,1,0,0,0,0,0,1,1,0,1,2,1,0,2,3,8,4,1,0,1,0,2,5,2,14,0,0,0,1,0,1,1,0,1,4,5,3,2,4,3,0,0,6,8,17,8,6,6,1,2,3,1,2,2,17,1,1,3,0,0,1,0,2,1,5,5,1,0,0,1,0,0,2,2,7,6,1,1,2,0,0,2,0,5,12,0,1,0,1,0,0,0,1,2,3,1,0,0,0,0,0,1,0,1,4,0,0,0,0,1,0,1,0,1,0,0,1,1,0,1,0,0,0,1,5,1,0,0,1,1,0,0,0,3,5,4,1,2,2,3,1,0,3,4,15,1,0,3,1,0,0,1,1,0,4,12,12,8,3,3,6,3,6,8,43,4,1,2,1,2,1,0,2,4,10
455.25,1,0,0,0,0,0,0,0,0,1,4,2,1,0,0,0,0,0,0,2,2,1,1,0,0,0,0,2,1,4,0,0,1,0,0,0,0,0,1,3,3,0,2,0,1,2,0,2,1,3,0,0,0,0,0,0,0,0,0,1,0,0,2,0,0,0,0,0,1,1,5,7,3,1,1,1,0,0,6,8,1,0,0,0,0,1,0,0,1,4,1,0,0,1,1,0,0,0,0,0,9,6,3,1,0,1,1,4,7,18,0,0,0,0,0,0,0,0,0,1,0,0,0,0,0,1,0,0,0,0,0,0,0,0,0,0,0,0,0,0,0,0,0,0,0,0,0,0,0,1,1,1,0,0,0,2,0,0,0,7,8,1,2,2,3,2,0,3,8,24,0,1,0,0,0,0,0,0,1,4,5,4,5,0,1,2,0,2,3,18,6,3,4,3,2,1,1,2,4,13,4,1,2,1,2,5,0,1,3,2,4,2,2,0,5,0,0,3,0,10,6,0,2,0,1,1,0,2,4,10,1,3,0,0,1,0,0,1,0,8,2,0,0,0,0,0,0,0,0,5,0,0,0,0,0,0,0,1,2,5,0,0,0,2,1,1,0,0,0,4,1,0,0,0,1,0,0,2,1,3,3,8,5,1,4,0,0,4,3,15,2,0,0,2,1,0,0,1,1,7,11,8,4,6,2,3,1,8,7,40,6,4,0,1,1,0,0,3,1,9
455.75,2,0,0,0,0,1,0,0,0,0,1,2,1,0,0,2,0,2,1,0,4,1,1,1,0,0,0,1,3,3,0,0,0,0,0,0,0,0,0,0,1,0,1,0,0,1,0,0,2,4,0,0,0,0,0,0,0,0,0,0,4,0,0,0,1,0,0,0,0,4,8,3,3,2,2,0,0,1,7,6,4,1,0,0,0,0,0,0,1,2,1,1,0,0,0,0,0,0,1,1,12,8,5,1,1,1,1,7,1,18,1,0,1,0,0,0,0,1,0,2,0,0,0,0,0,0,0,0,2,0,0,0,0,0,0,0,0,1,0,0,1,0,0,0,0,0,0,0,1,1,1,1,0,0,0,0,0,2,1,6,3,3,2,2,2,2,0,7,4,23,2,1,1,0,0,1,0,0,2,3,5,6,4,2,1,1,3,1,4,11,10,5,9,4,0,4,1,1,11,14,2,4,0,0,0,1,0,1,1,4,2,4,0,0,1,2,0,3,1,10,8,3,0,0,0,0,1,0,0,15,0,1,0,0,0,1,0,0,0,5,2,1,0,0,1,0,0,1,0,0,1,1,0,0,0,0,0,1,0,5,0,0,0,0,0,0,0,0,0,5,1,0,0,0,0,0,0,1,1,3,4,6,3,2,0,1,1,1,5,13,1,0,1,0,0,0,1,2,0,9,13,8,6,3,5,5,2,7,5,32,7,4,4,1,2,1,0,2,1,14
456.25,0,0,0,0,0,0,0,0,0,0,2,2,0,0,0,1,0,0,2,0,3,4,2,1,1,0,0,1,1,4,0,0,0,0,0,0,0,0,0,0,0,0,0,0,0,1,0,0,1,4,0,0,0,0,0,0,0,0,0,0,1,1,2,0,1,2,0,1,0,1,4,2,0,2,4,0,0,0,1,5,0,2,1,0,0,0,0,0,2,5,0,0,0,0,0,0,1,0,0,0,12,4,4,3,1,0,0,3,4,18,0,0,0,0,0,0,0,0,0,5,0,1,0,0,0,0,0,1,0,1,0,0,0,0,0,0,0,0,0,1,0,0,0,0,0,0,0,0,0,1,3,0,0,1,0,0,0,3,2,4,5,3,3,1,3,1,1,3,7,25,0,1,1,0,0,0,0,1,1,0,10,3,5,2,2,3,0,5,7,14,12,2,1,4,0,1,1,6,6,9,3,1,1,1,1,0,0,1,0,2,4,1,1,0,0,1,0,1,2,5,3,1,3,0,0,1,0,1,2,10,2,0,0,0,0,0,0,1,3,4,1,1,0,0,1,0,0,1,0,3,1,0,1,0,0,0,0,0,0,2,0,0,0,0,0,1,1,2,1,5,1,2,0,0,0,0,0,0,1,2,7,3,5,3,2,1,0,0,6,20,1,2,1,0,0,0,0,0,2,5,17,4,6,3,0,3,0,6,11,21,4,2,2,2,0,2,0,2,1,10
456.75,0,0,0,1,0,0,0,0,0,0,2,1,2,2,2,0,0,0,0,0,2,5,0,1,0,0,0,2,1,5,0,0,0,0,0,0,0,0,0,0,1,1,0,1,0,0,1,0,0,4,0,0,0,0,0,0,0,0,0,0,1,1,1,3,0,0,0,1,1,2,3,3,2,1,0,4,0,1,3,7,1,0,0,0,0,0,0,4,0,3,0,1,0,1,0,0,0,0,0,1,11,7,4,1,3,2,0,7,4,13,1,0,1,1,0,0,0,1,0,2,0,0,0,0,0,0,0,0,0,0,0,0,0,0,0,0,0,0,0,0,0,1,0,0,0,0,0,1,0,0,0,0,0,0,0,0,0,1,2,5,12,5,2,2,0,7,1,3,5,16,2,0,1,0,1,0,0,0,0,4,2,5,4,0,1,5,0,2,4,10,9,10,5,2,0,0,0,0,9,21,0,1,0,1,0,1,0,2,0,6,2,0,2,0,1,0,0,1,0,7,5,4,1,0,1,0,1,1,2,7,1,0,0,0,0,0,0,1,0,2,2,1,0,0,0,0,0,3,2,3,1,1,0,1,0,0,3,1,2,1,0,0,0,0,0,0,0,0,1,4,1,1,1,0,0,1,0,0,1,0,4,0,1,6,0,2,0,3,6,12,3,2,0,1,2,0,1,1,0,6,20,13,7,5,6,1,1,8,11,23,1,3,4,0,0,2,0,2,4,9
457.25,0,0,0,0,0,2,0,0,0,0,3,1,1,0,0,0,0,0,2,1,1,2,1,1,0,1,0,1,1,2,0,0,0,1,0,0,0,0,1,1,2,1,0,0,0,1,0,1,1,4,0,0,0,0,0,0,0,0,0,0,2,0,1,0,0,1,0,2,0,1,9,2,3,1,1,2,0,1,1,2,1,1,0,0,0,0,0,1,1,4,1,0,0,0,0,0,0,0,1,0,7,4,1,3,2,1,1,1,5,14,0,1,0,0,0,1,0,0,1,3,0,0,0,0,0,0,0,0,0,0,0,0,0,0,0,0,0,0,0,0,0,0,0,0,0,0,0,0,0,0,0,1,1,0,0,0,0,0,1,3,3,6,4,1,2,0,1,5,6,16,4,0,0,0,0,0,0,1,2,4,2,3,4,0,1,0,1,1,4,12,8,2,2,3,1,0,0,4,4,9,0,1,1,0,1,2,0,1,1,7,1,0,0,0,1,2,1,1,3,6,1,2,2,1,1,0,0,0,3,11,0,0,0,0,0,0,0,0,1,1,0,1,0,0,0,0,0,0,0,7,1,0,0,0,0,0,0,1,0,5,0,1,1,0,0,0,0,1,1,0,2,1,1,0,0,0,0,1,1,3,6,4,3,2,2,1,0,1,3,23,2,0,0,0,0,1,0,0,1,1,8,9,11,7,5,5,1,7,8,35,3,0,1,0,2,0,0,2,3,15
457.75,0,0,0,0,0,0,0,0,0,2,0,2,2,1,0,1,0,0,1,3,0,2,1,1,0,0,1,2,0,3,1,0,0,0,0,0,0,1,0,0,2,1,1,0,0,1,1,0,1,3,0,0,0,0,0,0,0,0,0,0,2,0,1,0,2,0,0,0,0,4,7,1,1,4,1,1,0,2,4,5,2,1,1,0,0,0,2,0,2,2,0,0,2,0,0,0,0,0,0,1,6,3,3,3,2,4,0,1,7,15,0,0,0,0,0,0,0,1,0,2,0,0,0,0,0,0,0,0,0,0,0,0,0,0,0,0,0,0,0,1,0,0,0,0,0,0,0,0,0,0,1,1,0,0,1,0,0,1,0,6,5,2,4,2,1,0,1,5,6,17,1,0,1,0,0,0,0,2,1,7,4,3,0,1,0,0,1,4,6,14,6,2,3,4,1,1,0,0,4,12,1,1,0,1,1,0,1,0,1,7,1,2,3,2,0,1,0,2,1,6,7,1,3,1,2,0,1,0,0,13,3,1,0,0,0,0,0,0,1,1,1,1,0,0,0,0,0,2,0,1,2,3,0,1,0,0,0,0,0,1,0,0,0,0,0,1,0,1,0,2,2,1,1,0,0,1,0,0,1,1,3,1,6,2,1,1,1,4,1,9,0,2,1,1,1,0,1,1,2,4,11,2,5,9,1,4,1,4,6,26,5,3,3,0,0,1,0,3,0,10
458.25,0,0,1,0,0,0,0,0,0,1,2,1,0,1,1,0,0,0,1,4,3,3,1,0,1,0,0,0,1,4,0,0,0,1,0,0,0,0,0,0,1,1,0,0,0,0,0,0,2,5,0,0,0,0,0,0,0,0,0,0,1,0,1,0,0,0,0,0,2,1,5,1,2,1,0,1,0,0,4,8,1,1,2,0,0,0,0,1,1,5,0,0,0,0,0,0,0,0,1,0,5,4,5,1,1,1,0,5,4,13,0,0,0,0,0,0,0,0,0,2,0,0,0,0,0,0,0,0,0,0,0,0,0,0,0,0,0,1,0,1,0,0,0,0,0,0,0,0,0,0,1,3,1,0,0,0,0,0,2,4,4,3,1,3,2,2,0,7,2,13,2,0,1,1,0,0,0,0,1,3,8,1,3,1,1,2,0,3,1,15,4,9,5,2,1,0,0,1,1,8,3,0,1,0,0,1,2,3,1,4,3,1,0,0,2,0,0,1,0,3,2,3,1,0,1,2,0,1,0,11,2,1,2,0,0,0,0,1,1,4,0,0,0,2,0,0,0,0,0,3,2,1,0,1,0,0,0,1,0,4,1,0,1,0,1,1,0,1,0,3,1,3,0,0,0,0,0,1,1,3,4,1,1,3,3,1,0,3,1,12,1,1,0,0,1,1,0,0,2,5,8,8,3,3,3,1,1,8,11,31,1,0,2,1,1,4,0,2,4,9
458.75,1,0,0,0,0,0,0,1,0,1,1,1,3,1,0,0,0,0,3,1,1,2,1,0,0,1,0,1,4,4,0,0,0,0,0,0,0,0,1,0,1,1,1,0,0,0,0,3,1,5,0,0,0,0,1,0,0,0,0,0,0,1,1,1,0,1,0,0,1,2,1,4,4,1,2,1,0,3,2,8,1,0,1,1,0,0,1,0,1,2,0,0,0,0,0,0,0,0,0,0,12,3,5,2,1,3,1,3,7,8,0,0,0,0,0,0,0,0,0,1,0,0,0,0,0,0,0,0,0,0,0,0,0,0,0,0,0,0,0,0,0,0,0,0,0,0,0,0,1,0,0,1,1,0,0,0,0,1,0,9,6,3,3,2,2,2,0,4,3,17,0,0,0,1,0,0,0,0,0,1,8,2,0,3,2,2,0,2,2,15,9,4,2,3,2,1,0,3,3,12,3,0,2,1,1,2,1,1,0,2,2,0,0,0,0,0,0,0,1,4,2,1,1,2,2,0,0,2,5,12,1,1,0,1,0,0,0,1,0,3,0,1,0,0,0,0,0,0,0,0,1,1,1,0,0,0,0,0,1,1,2,0,1,1,0,1,0,1,0,1,2,0,0,0,1,0,0,2,1,2,4,0,3,0,2,1,0,3,1,10,2,1,2,0,0,0,0,2,0,5,18,7,4,4,10,2,0,8,5,18,6,1,0,0,0,3,0,3,3,7
459.25,0,0,0,1,0,0,0,0,0,2,4,1,2,0,0,1,0,0,1,2,1,3,0,3,0,0,0,1,2,9,0,0,0,0,0,2,0,0,0,0,1,3,3,0,0,0,0,0,0,5,0,0,0,0,0,2,0,0,0,0,0,2,1,3,0,0,0,0,1,2,4,2,3,1,2,3,0,1,4,4,1,1,0,1,0,1,1,1,0,2,0,0,0,1,0,0,0,0,0,0,9,5,3,6,1,0,0,2,1,15,0,1,0,0,0,0,0,0,1,3,0,0,0,0,0,0,0,0,0,2,0,0,0,0,0,0,0,0,0,0,0,0,0,0,1,0,0,0,1,2,1,1,0,0,0,2,0,0,2,4,6,5,4,3,2,2,2,3,6,11,0,0,0,0,0,0,0,0,0,4,12,3,3,2,0,3,0,2,6,14,10,1,3,2,2,0,0,3,6,9,1,2,1,1,0,0,0,1,2,3,2,1,0,1,1,2,1,1,0,7,1,5,4,1,0,0,0,1,4,10,1,0,1,0,0,0,0,0,1,1,1,0,0,0,0,0,0,1,0,1,1,3,0,0,0,0,0,0,1,2,0,3,0,1,0,0,0,0,0,3,2,1,0,0,0,1,0,0,2,4,2,3,1,0,1,2,1,3,3,17,1,3,0,1,1,2,0,2,0,4,7,7,7,4,1,7,3,4,9,28,3,2,3,0,1,0,1,3,2,9
459.75,0,0,0,0,0,0,0,0,0,1,2,1,1,2,2,0,0,0,0,1,2,1,1,0,0,0,0,0,1,2,1,1,0,0,0,0,0,0,0,1,2,0,1,1,1,0,0,0,1,6,0,0,0,0,0,0,0,0,0,0,0,0,0,0,1,0,1,1,1,2,4,3,1,6,1,0,0,1,2,6,1,0,0,1,2,0,0,1,1,1,0,0,0,0,0,1,0,0,0,2,9,3,3,4,1,3,0,1,3,10,1,0,0,0,0,0,0,0,0,1,0,0,0,0,0,0,0,0,0,3,0,0,0,0,0,0,0,0,0,0,0,0,0,0,0,1,0,0,0,2,0,0,1,0,0,0,0,2,0,4,5,4,3,0,1,2,0,2,7,15,0,2,0,3,0,1,0,0,2,1,7,7,4,1,1,1,0,5,3,15,8,3,3,3,3,0,0,4,7,13,0,0,0,0,0,0,0,0,1,4,2,3,3,1,1,2,1,1,1,5,3,0,3,1,0,1,0,2,4,6,0,3,0,1,0,0,0,0,1,0,0,1,1,0,0,1,0,0,1,2,1,4,0,0,0,1,0,0,1,4,4,0,0,0,1,0,0,0,1,2,1,2,1,1,0,0,0,0,1,4,7,2,3,1,2,1,1,4,4,4,1,1,1,0,0,0,0,1,1,3,13,5,7,5,0,6,0,4,7,28,6,6,5,0,2,0,0,2,1,8
460.25,0,0,0,0,0,0,0,0,0,0,0,1,0,0,0,0,0,0,2,3,2,0,1,0,0,0,0,1,1,2,0,0,1,0,0,0,0,0,0,1,0,2,0,2,0,0,2,0,0,9,0,0,0,0,0,0,0,0,0,0,0,0,0,0,0,0,0,0,0,2,6,3,1,1,0,0,1,0,2,5,0,1,0,0,0,0,0,1,0,5,2,1,0,0,0,0,0,0,0,0,6,3,3,2,2,0,0,3,7,8,1,0,1,0,0,0,0,0,0,0,0,0,0,0,0,0,0,0,0,0,0,0,0,0,0,0,0,0,0,0,0,2,0,0,0,0,0,0,0,3,1,3,0,1,0,0,0,1,0,1,3,2,1,1,0,3,0,4,3,11,0,1,0,0,0,1,1,0,1,3,9,4,2,3,1,0,0,1,3,9,8,4,3,3,2,1,0,5,1,15,2,1,0,0,1,0,0,1,1,4,3,2,3,2,0,0,0,2,0,5,3,4,3,0,2,2,0,0,1,13,0,0,0,1,0,0,0,0,2,4,1,0,2,0,0,0,0,0,1,2,2,0,0,0,0,0,0,0,4,1,0,0,0,0,0,1,0,1,0,2,0,0,0,0,0,0,0,0,2,2,2,3,1,3,0,2,0,1,6,9,0,1,1,1,1,0,0,1,1,5,6,4,7,0,1,4,1,4,8,19,5,1,2,2,2,2,0,1,5,6
460.75,0,0,0,0,0,0,0,0,0,2,2,1,0,1,0,1,0,0,2,5,2,0,1,0,1,0,0,1,1,4,1,0,0,0,0,0,0,0,0,2,1,0,1,0,0,0,0,0,2,2,0,0,0,0,0,0,0,0,0,0,1,0,2,0,0,0,0,0,0,1,1,1,3,1,1,1,1,1,3,3,1,3,0,1,0,1,1,0,0,4,0,0,1,0,0,0,0,0,1,1,9,6,4,5,1,1,1,3,4,7,0,0,0,0,0,0,0,0,0,0,0,0,0,0,0,0,0,0,0,0,0,0,0,0,0,0,0,0,0,0,0,0,0,0,0,0,0,0,0,0,0,0,1,0,0,0,0,0,3,5,7,3,3,2,1,1,0,4,3,12,3,1,0,0,0,0,0,0,0,3,7,3,4,2,1,0,1,2,3,6,5,1,5,1,0,2,0,2,4,15,2,3,0,1,1,1,0,0,1,5,2,4,2,0,0,2,1,2,3,3,1,1,1,2,2,0,0,5,2,8,1,0,0,0,0,0,0,0,0,4,0,0,1,0,1,0,0,0,1,2,0,0,0,0,0,0,0,0,1,1,0,1,0,0,0,1,1,2,0,3,1,2,0,0,1,1,0,1,0,4,3,4,3,4,1,1,0,2,1,9,4,2,0,0,1,0,0,1,0,9,16,10,2,5,4,2,1,9,15,27,2,1,0,0,1,0,0,1,4,11
461.25,0,0,1,0,0,0,0,0,0,2,3,0,2,0,0,0,0,1,3,2,2,3,2,0,0,0,0,0,1,1,0,0,0,0,0,0,0,1,0,0,1,1,0,0,0,0,0,0,0,2,0,0,0,0,0,0,0,0,0,0,1,0,0,0,0,0,0,1,0,1,8,3,2,1,0,0,0,4,2,8,1,0,0,0,0,0,0,1,3,5,0,0,0,0,0,0,0,0,0,0,4,2,0,1,0,1,0,2,7,15,0,1,0,1,1,0,0,0,0,2,0,0,0,0,0,0,0,0,0,0,0,0,0,0,0,0,0,0,0,0,0,0,0,0,0,0,0,0,0,0,1,2,1,0,1,0,0,0,1,6,10,3,1,4,3,0,0,5,1,10,1,0,2,0,1,0,0,1,1,3,4,6,1,1,1,1,0,1,2,10,7,6,1,4,3,2,0,0,4,9,2,2,2,0,0,0,0,1,3,4,5,2,0,0,1,0,1,1,1,4,5,1,0,1,0,2,0,1,0,5,0,1,0,0,0,0,0,0,1,4,0,0,0,0,0,0,0,0,2,2,1,1,0,0,0,0,0,1,0,2,1,0,0,0,0,0,0,0,2,2,1,1,1,0,0,0,0,0,3,0,5,0,0,2,1,1,0,2,2,7,1,1,1,0,0,0,0,3,1,5,11,8,6,2,2,4,0,10,7,33,9,3,2,1,1,2,0,0,0,2
461.75,0,0,0,0,0,0,0,0,0,0,3,4,2,1,0,0,0,1,0,2,4,0,0,0,0,0,0,0,2,0,0,0,0,0,0,0,1,0,1,0,3,0,0,0,0,0,0,0,0,5,0,0,0,0,0,0,0,0,0,2,0,1,1,0,0,0,0,0,0,1,7,3,0,1,0,0,0,1,3,9,0,0,0,0,0,0,0,0,2,1,0,0,0,0,1,0,0,0,1,0,5,5,3,3,1,4,0,2,7,9,0,0,0,0,0,0,0,0,2,1,0,1,0,0,0,0,0,0,0,0,0,0,0,0,0,0,0,0,0,0,0,0,0,0,0,1,0,0,1,0,2,0,0,0,0,0,0,0,0,2,5,3,3,1,2,2,0,3,3,20,5,1,0,1,1,1,0,1,1,4,6,4,0,1,1,0,0,1,5,7,4,8,6,1,0,1,0,1,5,10,2,1,1,3,0,0,1,0,1,4,4,1,0,1,1,0,1,0,5,2,2,3,0,1,1,2,1,1,4,8,1,2,0,0,0,0,0,1,0,5,0,0,0,1,1,1,0,0,0,2,1,0,0,0,1,0,0,2,1,0,1,1,2,1,0,0,0,1,0,3,0,0,0,0,0,0,0,0,4,6,3,0,0,1,0,1,1,2,0,11,1,0,3,0,0,1,1,0,4,6,17,9,4,5,4,2,0,3,3,18,6,0,4,2,1,0,0,0,0,12
462.25,0,0,1,0,0,0,0,0,0,0,1,2,0,1,1,0,0,0,2,1,1,0,0,2,0,0,0,2,1,7,0,0,1,0,0,0,0,0,0,1,0,1,1,1,1,0,0,0,2,2,0,0,0,0,0,0,0,0,0,0,1,0,0,1,0,0,0,1,0,0,1,7,2,0,2,0,0,1,3,13,1,1,0,0,0,0,0,0,0,3,1,0,0,0,0,2,0,0,0,1,9,4,4,3,0,2,2,2,6,10,2,0,2,0,0,0,0,1,0,2,0,0,0,0,0,0,0,0,0,0,0,0,0,0,0,0,0,0,0,0,0,0,0,0,0,0,0,0,0,2,1,0,2,1,0,0,0,1,1,5,5,4,3,1,1,4,0,0,8,8,1,0,1,0,0,0,2,0,1,1,8,6,3,4,1,0,1,0,3,6,7,7,4,0,1,0,0,2,10,9,1,1,0,1,0,0,1,1,1,6,1,0,1,0,0,1,0,1,1,3,5,4,1,1,0,0,0,0,0,4,1,0,0,1,0,0,1,1,0,1,1,2,0,1,0,0,0,1,0,1,0,0,0,0,0,0,0,0,3,3,2,0,1,1,0,0,1,1,0,3,0,2,2,0,0,1,0,1,0,1,2,3,2,0,1,3,1,3,4,13,0,0,0,0,0,0,1,2,0,3,13,3,8,5,4,2,1,6,8,27,3,4,1,1,0,0,2,1,3,5
462.75,0,0,0,0,0,0,1,0,0,0,1,4,1,1,1,1,0,0,4,1,1,3,0,0,0,0,0,3,3,3,0,0,0,2,0,0,0,1,0,2,1,1,0,1,0,1,0,1,2,3,0,0,0,0,0,0,0,0,0,0,1,0,0,0,0,0,0,1,2,2,6,4,3,1,0,2,0,0,3,4,1,3,0,0,1,0,0,1,0,5,1,0,0,0,0,0,0,0,0,1,4,4,4,3,0,0,1,1,0,12,1,0,0,0,0,0,0,0,0,2,0,0,0,0,0,0,0,0,0,0,0,0,0,0,0,0,0,1,0,1,0,0,0,0,0,0,0,1,0,1,3,0,0,0,0,0,0,0,1,4,5,2,3,0,1,2,0,1,6,7,0,1,1,0,0,1,0,0,0,0,6,1,3,2,0,4,3,3,2,12,7,1,3,1,2,2,1,0,5,11,0,0,0,0,1,0,0,2,2,3,1,4,4,0,0,0,1,1,6,4,3,0,0,1,1,1,1,0,4,6,0,2,0,0,0,0,0,3,2,4,0,0,0,0,0,0,0,1,0,1,0,0,0,0,0,0,0,0,1,0,0,1,1,0,0,0,0,0,0,2,1,0,0,0,0,0,0,0,1,4,2,2,3,0,1,1,0,2,4,15,3,1,2,0,0,2,0,1,2,7,4,7,6,3,7,2,0,6,7,28,2,0,2,0,1,1,0,2,7,6
463.25,0,0,0,0,0,0,0,1,0,0,3,1,2,0,0,0,0,0,2,1,2,1,0,0,0,2,1,2,2,3,0,0,0,0,0,0,0,0,0,0,4,1,0,2,0,1,0,0,1,5,0,0,0,0,0,0,0,1,0,0,1,1,1,0,0,0,0,0,1,1,12,3,3,2,0,0,0,0,3,3,0,0,1,0,0,0,0,2,0,4,0,0,1,0,1,0,0,0,1,0,14,3,3,2,1,1,1,2,4,11,0,0,0,0,0,0,0,0,0,1,0,0,0,0,0,0,0,0,0,1,0,0,0,0,0,0,1,1,0,0,1,0,0,0,0,0,0,0,0,0,2,0,0,0,0,0,0,0,4,4,8,5,2,1,0,5,0,3,5,10,1,0,1,0,2,0,0,2,2,3,7,3,1,1,0,1,0,2,4,15,6,2,2,4,1,2,0,2,3,10,2,0,0,2,0,1,0,3,1,0,1,2,2,2,0,1,0,2,4,6,4,2,0,1,0,1,0,1,2,5,3,0,0,0,0,0,0,2,2,1,1,0,0,0,0,0,0,0,1,2,1,1,0,0,0,0,0,1,0,1,0,0,1,0,1,0,0,1,1,3,2,0,1,1,0,0,0,2,0,1,5,1,3,1,1,3,1,3,0,3,2,0,0,2,0,0,0,0,1,2,12,8,3,1,3,7,2,5,9,23,7,5,1,0,1,1,1,1,3,7
463.75,0,0,0,0,0,0,0,0,0,0,4,0,0,1,0,0,0,0,2,0,3,0,2,1,0,0,0,0,1,0,0,0,0,0,0,0,0,1,0,0,1,1,0,0,1,0,1,0,0,5,0,0,0,0,0,0,0,0,0,0,0,0,0,0,1,0,0,0,1,2,4,2,5,0,1,0,0,0,2,12,0,0,0,0,0,0,0,0,5,3,2,1,0,0,0,0,0,0,0,0,5,7,3,1,1,0,0,0,3,12,1,0,0,0,0,0,0,1,0,0,0,0,0,0,0,0,0,0,1,0,0,0,0,0,0,0,0,0,0,1,0,0,1,0,0,0,0,0,0,0,3,1,3,0,0,0,0,0,0,3,2,5,1,3,0,2,0,1,2,15,2,2,1,0,0,0,0,0,0,0,5,3,4,4,0,0,0,4,2,12,2,7,1,3,3,2,0,1,2,6,0,2,0,0,0,0,0,0,0,5,2,1,1,2,0,0,0,1,0,3,2,3,1,1,0,0,1,1,1,11,0,1,1,0,0,0,0,0,1,2,3,1,0,0,0,0,0,0,2,2,1,0,1,0,0,0,0,0,0,2,2,1,0,0,0,0,0,0,1,1,2,1,2,0,1,0,0,1,0,3,3,3,2,0,1,3,1,3,3,10,2,0,0,2,0,0,0,1,0,6,11,11,6,3,3,2,1,5,3,19,8,3,5,3,1,0,0,1,3,7
464.25,0,0,0,0,0,0,0,0,0,1,3,1,2,0,0,0,0,1,0,0,3,2,2,0,0,0,0,0,1,2,1,0,0,0,0,0,0,0,0,0,1,1,2,0,0,0,0,0,1,1,0,0,0,0,0,0,0,0,0,0,1,0,0,1,0,1,0,1,0,2,1,3,1,0,2,3,0,1,4,9,1,2,0,0,0,0,0,0,0,2,0,0,1,0,0,0,0,0,0,1,12,3,5,2,2,0,0,2,4,12,1,1,0,0,1,1,0,2,0,1,0,0,0,0,0,0,0,0,0,1,0,0,0,0,0,0,0,0,0,0,1,0,0,0,0,0,0,0,0,0,0,2,0,0,1,0,1,0,0,4,6,2,2,0,2,0,0,6,2,10,0,0,0,0,0,1,0,0,0,3,9,3,5,5,0,0,1,4,4,11,7,3,5,1,5,2,0,0,5,10,0,2,0,0,0,2,0,1,0,3,2,2,0,0,0,0,0,0,5,5,3,3,1,1,0,0,2,5,0,6,1,1,1,0,0,0,0,0,1,2,1,0,0,0,0,1,0,1,1,3,1,1,0,0,0,0,0,0,1,2,0,1,0,0,0,0,0,0,0,5,2,3,0,0,1,0,0,1,0,4,3,5,0,4,0,1,0,1,4,13,0,1,1,1,0,0,0,1,1,4,6,5,6,4,2,1,3,5,17,37,1,3,2,3,0,0,0,0,3,9
464.75,0,0,0,0,0,0,0,0,0,0,2,1,0,0,2,0,0,0,0,5,4,1,0,2,0,0,0,0,1,4,0,0,0,0,0,0,0,0,0,0,0,0,1,1,0,0,1,2,1,2,0,0,0,0,0,0,0,0,0,0,0,1,0,1,0,0,0,0,0,0,5,4,3,2,1,2,0,3,4,7,0,0,0,0,0,0,0,0,0,1,1,0,0,0,0,0,0,1,0,0,12,2,1,1,1,0,0,4,3,6,0,0,1,0,0,0,0,1,0,0,0,0,0,0,0,0,0,0,0,0,0,0,0,0,0,0,0,0,0,0,0,0,0,0,0,0,0,0,0,1,0,0,0,0,0,0,1,0,3,7,4,4,2,2,0,1,0,1,4,10,1,0,0,1,2,1,0,1,0,0,8,3,3,2,0,0,1,1,1,7,8,2,3,1,3,1,0,1,2,8,0,1,0,0,0,1,0,2,1,5,3,0,1,0,0,1,0,0,1,4,0,4,0,1,0,0,0,0,1,5,2,2,0,3,1,0,0,1,0,0,1,0,0,0,0,0,0,0,0,1,1,0,1,0,0,0,0,0,0,4,1,0,0,1,0,2,0,0,0,1,1,0,1,1,0,1,1,0,2,1,6,2,3,1,0,0,1,4,2,6,2,2,0,0,0,0,0,1,2,1,14,5,4,4,2,4,0,6,7,19,8,5,3,0,0,0,0,2,4,8
465.25,0,0,0,0,0,0,0,0,0,1,2,0,0,1,1,4,0,0,0,0,2,3,3,1,0,0,0,0,3,3,0,1,0,0,0,0,0,0,0,0,2,0,0,0,0,0,0,1,0,2,0,0,0,0,0,0,0,0,0,0,0,0,0,0,0,0,0,1,0,2,5,1,0,2,0,0,1,2,3,4,2,0,0,0,0,0,0,1,1,3,0,1,0,0,0,0,0,0,0,1,5,8,2,5,0,1,0,2,7,10,1,0,0,0,0,0,0,0,0,1,0,0,0,0,0,0,0,0,0,0,0,0,0,0,0,0,0,0,0,1,0,0,0,0,0,0,0,0,0,0,0,0,0,0,0,1,0,1,1,3,7,2,0,1,1,2,2,4,2,17,3,0,1,0,0,0,0,0,0,1,8,3,3,2,2,2,2,4,1,9,6,2,2,2,1,2,0,3,5,9,2,0,1,0,0,0,0,2,3,3,2,3,1,0,0,0,0,0,2,8,2,2,1,1,0,0,0,0,3,6,2,0,0,0,0,0,0,0,1,3,0,0,0,0,0,0,0,0,0,5,0,0,2,0,0,1,0,0,0,3,0,0,1,0,0,0,0,0,0,3,0,1,0,0,0,3,0,3,0,2,2,2,1,1,0,1,0,3,3,4,1,0,0,0,0,0,0,0,1,2,6,2,5,4,2,5,1,9,4,24,4,2,3,1,3,1,2,0,2,9
465.75,0,1,0,0,0,0,0,0,0,2,0,2,2,1,0,0,1,0,1,2,7,0,1,0,1,0,0,0,3,2,1,0,0,0,0,0,0,0,0,0,2,0,2,0,0,0,0,0,1,3,0,0,0,0,0,0,0,0,0,0,0,0,0,0,0,1,0,0,0,1,7,2,1,1,0,0,0,1,0,4,1,0,0,0,0,0,0,1,0,4,0,0,0,0,0,0,0,0,0,0,8,3,1,2,3,2,0,2,10,12,1,0,0,0,0,0,0,0,1,1,0,0,0,0,0,0,0,0,1,1,0,0,0,0,0,0,0,0,0,0,0,0,0,0,0,0,0,0,0,0,3,0,0,3,1,0,0,2,0,5,5,2,1,1,1,0,0,1,0,8,0,1,0,1,0,0,0,1,0,2,9,5,6,2,2,2,0,1,7,12,11,1,1,4,1,2,0,1,3,9,1,0,0,0,0,0,1,2,2,8,0,0,0,0,0,0,0,1,3,6,0,1,2,2,0,0,0,0,2,6,0,2,1,0,0,0,0,0,0,5,0,1,0,0,0,0,0,0,1,0,0,1,0,0,1,0,0,0,2,2,0,1,0,0,1,0,0,0,2,2,1,0,2,1,0,0,0,0,0,3,8,0,2,1,0,1,0,2,1,9,1,0,0,1,1,0,0,0,2,3,11,6,8,5,2,4,1,4,4,22,7,4,3,3,2,0,1,3,1,6
466.25,0,0,0,0,0,0,0,0,0,1,4,0,0,0,0,0,0,0,0,4,2,1,2,0,0,0,1,2,0,3,0,0,0,0,0,0,0,1,0,0,1,0,0,0,1,2,0,1,1,2,0,0,0,0,0,0,0,0,0,0,1,0,0,0,0,0,0,1,0,0,4,3,4,2,0,0,0,2,4,3,0,1,0,0,0,0,0,2,0,2,0,0,1,0,0,0,0,0,1,0,2,5,1,2,0,2,1,4,2,9,1,0,0,0,1,0,0,0,0,3,0,0,0,0,0,0,0,0,0,0,0,0,0,0,0,0,0,0,0,0,0,0,0,0,0,0,0,0,1,1,0,2,0,0,1,0,0,0,0,3,4,2,0,3,3,0,1,4,8,11,0,3,1,0,0,1,1,0,1,4,8,11,3,1,1,0,1,1,6,12,3,2,2,1,1,4,0,2,4,12,1,0,1,1,0,0,0,1,1,3,2,0,2,1,0,0,1,1,0,6,6,2,1,0,0,1,0,1,3,6,0,0,0,0,0,0,0,0,1,1,0,1,0,0,0,1,0,0,0,4,0,0,0,0,1,0,0,2,0,1,0,0,0,0,0,0,0,1,0,1,2,0,0,1,0,0,0,0,0,1,6,1,1,1,0,0,0,2,5,6,1,0,1,0,0,2,0,0,1,0,13,5,5,3,5,2,1,3,5,19,3,2,3,2,0,3,0,1,5,5
466.75,0,0,0,0,0,0,0,0,1,0,1,1,0,0,2,1,0,1,2,3,1,0,0,0,0,0,0,0,1,5,0,0,0,0,0,0,0,0,0,0,0,1,0,1,0,0,0,0,0,5,0,0,0,0,0,0,0,0,0,0,0,0,0,0,0,0,0,0,0,1,1,1,1,2,0,1,0,0,2,6,1,0,0,0,0,0,0,0,1,1,2,0,0,0,0,0,0,1,0,0,8,8,5,3,0,1,0,3,2,5,0,1,1,0,1,0,0,0,1,0,0,0,0,0,0,0,0,0,0,0,0,0,0,0,0,0,0,0,0,1,0,0,1,0,0,0,0,0,0,0,1,1,0,0,0,0,0,1,0,5,4,3,2,1,0,1,1,4,2,8,0,0,0,0,0,0,0,0,3,1,5,6,2,2,3,1,0,5,5,11,5,4,2,1,0,1,0,3,1,11,2,1,0,0,0,0,0,0,0,2,0,0,2,1,0,0,0,3,0,4,3,0,0,0,1,0,0,0,1,3,2,0,0,0,0,0,0,1,2,2,0,0,0,0,0,0,0,0,1,0,1,0,0,0,0,1,0,0,0,0,1,0,0,0,0,0,0,0,1,4,1,0,0,3,0,0,0,0,0,2,3,4,1,3,1,0,0,3,2,7,0,3,0,0,0,0,0,1,1,3,7,7,6,1,0,5,1,2,7,22,6,2,2,2,4,0,0,5,1,9
467.25,0,0,0,0,0,0,0,0,0,1,2,0,0,0,0,1,0,0,1,2,5,2,0,1,1,0,1,0,1,5,0,0,0,0,0,0,0,0,0,0,1,0,0,1,0,0,0,1,0,4,0,0,0,0,0,0,0,0,0,0,0,0,0,0,0,0,0,1,0,1,3,4,2,0,2,0,0,1,1,13,1,0,0,0,0,0,0,0,0,1,0,0,0,0,0,0,0,0,1,2,3,5,4,1,2,0,2,2,5,8,2,1,0,0,1,1,0,0,0,0,0,0,0,0,0,0,0,0,0,0,0,0,0,0,0,0,0,0,0,1,0,0,0,0,0,0,0,0,0,0,0,1,1,0,0,0,0,1,0,1,8,5,5,3,0,2,3,3,3,16,1,0,2,0,0,1,0,0,0,0,9,3,2,1,2,0,0,1,4,7,5,4,2,2,0,1,1,2,3,7,2,1,1,0,0,1,0,1,4,3,2,1,0,1,0,0,0,0,3,2,6,0,0,1,0,0,0,2,1,5,2,0,1,0,0,0,0,0,1,3,0,0,0,0,0,0,0,1,0,2,1,0,0,0,0,1,0,0,2,4,2,0,0,0,0,0,0,0,0,2,1,0,0,1,0,0,0,0,0,1,7,3,1,2,0,2,0,3,0,6,0,2,0,0,0,0,0,0,0,2,5,6,2,4,1,3,0,3,4,15,4,5,1,0,1,4,0,0,3,4
467.75,0,0,0,0,0,0,0,0,0,1,1,5,1,0,0,1,0,0,0,2,2,2,1,1,0,0,0,0,2,2,1,0,0,0,0,0,0,1,0,0,2,2,2,1,0,0,0,0,1,2,0,0,0,0,0,0,0,0,0,0,1,2,0,0,0,0,0,1,1,0,7,0,2,1,2,0,0,0,4,6,1,0,0,0,0,0,1,0,0,0,1,0,0,0,0,0,0,0,0,0,8,5,4,1,2,1,1,0,2,10,0,1,0,0,0,1,0,0,1,2,0,0,0,0,0,0,0,0,0,0,0,0,0,0,0,0,0,0,0,0,0,0,0,1,0,0,0,0,0,0,0,0,0,1,0,0,0,3,0,1,5,4,4,0,0,2,0,3,4,8,1,1,0,1,0,0,0,0,0,2,8,6,4,4,0,4,0,0,3,11,4,3,2,0,1,0,1,3,6,5,0,1,0,0,0,0,0,2,0,5,6,1,1,0,0,0,1,0,0,2,1,3,0,0,0,2,0,2,2,7,1,0,0,0,0,0,0,1,0,2,1,4,0,0,0,0,0,0,0,1,0,0,1,0,0,0,0,0,0,3,0,1,0,0,0,0,0,0,0,1,1,0,0,0,0,0,0,0,1,2,5,2,3,1,0,0,0,3,0,12,3,0,0,0,0,0,0,0,1,3,9,3,9,2,2,4,1,6,6,22,7,6,2,0,0,0,0,1,3,5
468.25,0,0,0,0,0,0,0,0,0,0,2,2,1,0,0,1,0,1,0,1,3,4,3,0,0,0,0,0,0,9,0,0,0,0,0,0,0,0,0,0,1,2,0,0,0,0,0,1,0,2,0,0,0,0,0,0,0,0,0,0,0,0,0,0,0,0,0,0,1,2,4,3,3,0,1,1,0,1,2,5,0,1,0,0,1,0,0,0,1,2,0,0,0,0,0,0,0,0,0,0,6,4,1,3,1,2,0,2,5,7,0,0,0,0,0,1,0,1,0,0,0,0,0,0,0,0,0,0,0,0,0,0,0,0,0,0,1,0,0,0,0,0,0,0,0,0,0,0,0,0,2,0,0,0,0,0,0,0,1,1,4,3,2,3,0,1,0,0,5,10,1,0,0,0,0,0,0,1,0,1,11,6,6,2,4,3,0,0,2,7,6,4,5,1,0,0,0,1,1,6,1,2,0,2,0,0,0,2,0,3,2,1,2,3,1,0,1,2,1,4,4,2,2,0,0,0,0,2,2,4,0,1,1,0,0,0,0,1,1,2,0,0,0,0,0,1,0,0,1,4,2,0,0,0,0,0,0,1,0,0,0,0,0,1,0,0,0,0,1,2,1,2,1,1,0,0,0,1,1,1,4,7,2,0,0,0,1,2,3,6,1,1,0,0,0,0,0,0,1,2,9,10,1,2,1,3,2,5,6,24,5,3,2,1,0,2,0,2,2,6
468.75,0,0,0,0,0,0,0,0,0,1,3,1,0,0,0,0,0,0,3,1,1,1,2,0,1,1,0,0,0,1,0,0,0,0,0,0,0,0,0,2,3,2,0,0,2,0,0,2,3,2,0,0,0,0,0,0,0,0,0,0,1,0,0,0,0,0,0,0,1,4,8,6,3,1,1,1,0,2,3,14,0,0,0,0,0,1,0,0,0,1,1,0,0,0,0,0,0,0,0,0,9,7,5,1,0,2,1,2,6,11,0,0,0,0,0,0,0,2,0,0,0,0,0,0,0,0,0,0,0,0,0,0,0,0,0,0,0,0,0,0,2,0,0,0,0,0,0,0,0,1,2,1,0,0,0,0,0,0,0,2,4,2,2,0,0,0,0,3,0,12,1,0,0,1,1,0,0,1,0,0,10,4,3,2,1,0,0,0,6,9,11,4,6,2,1,1,0,2,1,7,2,1,1,0,1,0,0,0,0,4,2,0,1,2,0,0,0,1,2,3,3,2,2,0,1,1,0,2,1,7,0,1,1,1,0,0,0,0,0,3,2,0,0,0,0,0,0,0,0,2,1,1,0,0,0,0,0,0,0,0,0,0,0,1,0,0,0,0,0,3,1,0,0,0,0,0,1,1,0,1,4,2,3,1,0,0,0,2,4,12,1,0,1,0,0,0,0,0,1,3,16,3,3,2,4,1,1,5,2,22,5,5,1,0,1,0,0,2,1,2
469.25,0,0,0,0,0,0,0,0,0,1,0,0,3,1,0,0,0,0,1,0,3,1,2,0,1,1,0,1,7,4,0,0,0,0,0,0,0,0,0,0,3,0,0,0,0,0,1,1,2,3,0,0,0,0,0,0,0,0,0,0,1,0,0,0,0,0,0,0,0,0,7,3,2,1,0,0,1,0,2,6,0,0,0,0,0,0,0,0,2,4,0,0,1,0,1,0,0,0,0,0,6,1,5,4,1,0,0,3,9,8,0,1,1,0,0,0,0,0,0,1,0,0,0,0,0,0,0,0,0,0,0,0,0,0,0,0,0,1,0,0,0,0,0,0,0,0,0,0,0,1,0,1,0,0,0,0,0,0,0,5,4,1,2,1,2,0,0,0,3,9,1,0,1,1,0,0,0,1,0,5,13,3,2,1,1,1,0,1,9,11,11,2,1,0,1,3,0,3,4,11,1,0,0,1,0,0,0,2,1,3,4,0,0,1,0,0,0,0,0,3,7,2,1,0,1,1,0,2,1,4,1,1,2,0,0,1,0,3,1,0,2,0,0,0,0,0,0,0,0,0,0,0,1,0,0,0,0,0,0,2,0,0,0,0,1,0,0,0,0,2,0,0,1,0,0,0,0,0,1,5,2,1,0,4,2,0,0,2,3,6,1,1,0,1,0,0,0,1,0,6,8,8,4,7,0,2,0,4,4,26,5,2,1,2,1,1,0,1,2,8
469.75,0,0,0,1,0,0,0,1,0,1,3,1,2,0,0,0,0,0,1,0,2,0,2,2,0,0,0,1,1,0,1,0,1,0,0,0,0,0,0,0,0,1,1,0,0,0,0,0,2,2,0,0,0,0,0,0,0,0,0,0,2,0,0,0,0,0,0,0,0,1,5,7,3,2,2,4,0,0,4,5,0,0,0,0,0,1,0,0,0,2,0,0,1,0,1,0,0,1,0,2,7,3,2,4,1,1,0,0,3,5,2,0,0,0,0,0,0,0,1,4,0,0,0,0,0,0,0,0,0,0,0,0,0,0,0,0,0,0,0,0,1,0,0,0,0,0,0,0,0,0,2,1,0,0,1,0,0,0,0,3,4,2,3,1,0,0,0,1,0,5,1,0,0,0,0,0,0,1,0,2,5,7,5,2,0,2,0,2,5,15,6,6,6,4,0,2,0,1,3,8,0,2,1,1,0,0,0,1,0,2,2,2,1,0,0,0,0,0,1,5,7,1,5,1,0,0,0,2,3,4,1,0,0,1,0,0,0,1,3,2,0,1,0,0,0,0,0,0,0,1,3,0,0,0,0,0,0,0,0,2,0,0,0,0,0,0,0,0,0,1,0,1,1,0,0,0,0,0,1,2,3,6,0,1,0,0,0,2,0,10,1,0,2,1,0,0,0,1,0,2,14,7,2,2,2,1,1,7,5,21,3,2,3,0,2,0,1,0,5,4
470.25,1,0,1,0,0,0,0,0,0,0,3,0,1,0,0,1,0,0,1,2,4,1,1,2,3,1,0,0,4,3,0,0,1,0,0,0,0,0,0,0,3,3,0,0,0,0,1,0,0,2,0,0,0,0,0,0,0,0,0,0,2,0,0,0,0,0,0,0,0,0,8,3,2,2,0,3,0,5,3,8,1,0,0,0,0,0,0,0,1,1,1,0,0,0,0,1,0,0,0,1,5,1,3,1,1,1,0,3,6,6,1,0,1,0,0,0,0,0,1,0,0,0,0,0,0,0,0,0,0,3,0,0,0,0,0,0,0,0,0,0,0,0,0,0,0,0,0,0,0,1,1,0,0,0,0,0,0,0,1,3,4,4,2,2,0,2,0,0,1,2,2,2,1,0,0,0,1,0,0,5,11,5,4,5,0,2,0,2,8,16,5,6,4,2,0,1,0,0,3,7,0,1,0,0,0,0,0,1,0,2,0,1,1,1,0,0,0,0,1,3,6,1,1,1,0,0,0,0,2,2,2,0,0,1,0,0,0,0,1,2,2,0,1,0,0,0,1,0,0,0,1,1,0,1,0,0,0,0,0,2,1,0,0,0,0,0,0,2,0,3,1,1,0,0,1,0,0,0,3,2,4,3,0,1,1,0,0,1,2,6,2,0,0,0,1,0,1,0,1,2,10,6,4,1,1,0,2,3,7,25,5,0,0,1,1,2,0,2,1,5
470.75,1,0,0,0,0,0,0,0,0,1,4,0,0,0,0,0,1,1,5,0,2,1,0,0,3,0,0,1,1,4,0,0,0,0,0,0,0,0,0,0,2,2,1,0,2,1,0,1,0,1,0,0,0,0,0,0,0,0,0,0,1,0,2,0,0,0,0,0,0,1,5,6,4,2,0,0,0,1,4,2,0,0,1,0,0,1,0,0,0,3,0,0,0,0,0,0,0,0,0,0,2,4,8,2,0,0,0,2,2,5,0,1,0,1,0,0,0,0,2,2,0,0,0,0,0,0,0,0,0,0,0,0,0,0,0,0,0,0,0,0,0,0,0,0,0,0,0,0,0,0,1,0,0,0,0,1,0,0,1,1,6,2,1,2,0,0,1,4,4,5,0,0,2,0,0,0,0,0,1,0,13,8,2,1,1,0,0,0,0,13,11,2,1,3,1,0,0,0,1,11,0,0,0,0,2,0,0,1,1,4,2,1,0,1,1,1,2,0,1,2,4,2,0,1,0,0,0,3,0,5,0,1,0,2,0,0,0,0,1,5,0,2,0,0,0,0,0,1,1,0,1,1,0,0,0,0,0,0,0,1,0,0,1,0,0,0,0,1,2,5,2,1,0,0,0,0,0,1,1,4,6,3,4,3,1,0,0,3,5,6,1,1,0,0,0,0,1,0,0,4,8,5,3,4,1,4,2,1,12,13,5,1,5,0,0,1,0,0,4,7
471.25,0,0,0,0,0,0,0,0,0,0,3,0,0,0,2,0,0,0,1,1,2,1,0,0,0,3,0,0,1,7,0,0,0,1,0,0,0,0,0,0,0,0,0,0,0,0,0,0,0,2,0,0,0,0,0,0,0,0,0,0,1,0,1,0,0,0,0,0,0,0,5,1,2,5,1,0,0,0,4,2,1,0,0,0,0,0,0,0,0,2,0,0,1,0,0,0,0,0,0,0,4,4,6,2,1,0,0,0,4,6,0,0,0,1,0,1,0,0,0,1,0,0,0,0,0,0,0,0,0,0,0,0,0,0,0,0,0,0,0,0,1,0,0,1,0,0,0,0,0,2,1,0,1,0,0,0,0,0,0,2,9,3,3,2,0,0,0,5,2,5,1,1,1,0,0,0,0,0,1,5,10,8,3,4,1,1,0,3,4,7,5,4,1,2,0,1,1,2,3,6,1,1,1,0,0,0,0,1,0,8,5,1,0,1,0,1,0,0,1,1,3,1,2,2,0,1,0,0,4,2,0,0,0,0,0,0,0,0,0,1,2,1,1,0,1,0,1,0,2,0,0,0,1,0,0,0,0,2,0,0,0,0,1,0,0,0,0,1,0,1,1,0,0,1,0,0,0,1,0,3,5,2,3,0,2,1,0,2,3,6,1,0,0,0,0,0,0,0,1,2,5,4,8,1,1,1,1,6,8,11,5,0,0,2,2,0,0,0,4,8
471.75,0,0,0,1,0,0,0,0,0,0,3,0,2,0,0,0,0,1,0,0,1,2,1,1,1,0,0,0,1,1,1,1,0,1,0,0,0,0,0,0,0,0,0,1,0,0,0,0,0,2,0,0,0,0,0,0,0,0,0,0,4,0,0,1,0,0,0,0,0,2,5,1,3,1,0,1,0,3,4,5,0,0,0,0,0,0,0,0,0,3,1,0,0,0,0,0,0,0,0,2,10,1,7,1,2,1,0,1,7,3,0,1,0,0,0,0,0,0,0,1,0,0,0,0,0,0,0,0,0,1,0,0,0,0,0,0,0,0,0,0,0,1,1,0,0,0,0,0,0,0,1,3,0,0,0,0,0,0,0,1,9,3,3,1,0,0,0,3,1,6,1,0,0,0,0,0,0,0,1,2,8,5,5,5,1,0,0,1,4,7,2,6,3,5,4,3,0,1,5,5,2,0,0,0,0,0,1,0,1,2,5,0,0,1,0,0,0,1,1,3,3,0,0,1,0,1,0,0,1,4,1,0,0,0,0,0,0,0,0,1,0,0,0,0,1,1,0,1,0,3,0,1,1,0,0,0,0,0,0,0,1,0,0,0,0,0,0,0,0,0,1,0,0,0,2,0,0,0,1,1,7,3,4,0,0,2,0,2,4,12,3,0,1,0,0,0,0,0,0,3,6,6,5,2,1,3,0,6,10,10,2,4,2,2,1,2,0,2,2,5
472.25,0,0,0,0,0,0,0,0,0,0,2,0,0,0,0,0,0,0,2,1,0,3,0,0,2,1,0,1,3,0,0,0,1,0,0,0,0,0,0,1,1,1,2,1,1,0,0,0,0,4,0,0,0,0,0,0,0,0,0,0,1,1,1,0,0,1,0,0,0,2,2,2,3,1,0,0,1,2,5,3,1,1,0,0,0,0,0,0,0,4,0,0,0,0,0,0,0,0,0,1,8,4,2,4,1,3,0,1,2,12,1,0,0,0,0,0,0,0,0,0,0,0,0,0,0,0,0,0,0,0,0,0,0,0,0,0,0,0,0,0,0,0,0,0,0,0,0,0,0,0,0,3,1,0,1,1,0,0,1,5,5,4,1,0,1,0,0,0,2,8,1,1,1,1,0,0,1,0,2,1,9,2,8,3,1,2,0,1,4,7,6,2,2,1,1,0,0,1,4,8,2,0,0,1,0,0,0,1,1,3,1,3,2,1,0,0,0,2,0,3,3,5,3,0,0,0,0,2,2,7,0,0,0,0,0,0,0,1,1,2,0,1,0,1,0,0,0,0,0,2,0,1,1,0,1,0,0,0,1,0,0,0,0,0,0,0,0,0,0,0,1,1,0,0,0,0,0,0,0,2,1,3,4,1,1,0,0,3,4,6,0,4,1,0,0,0,0,1,2,3,12,2,3,3,0,1,0,1,10,13,8,1,3,3,0,1,0,1,1,6
472.75,0,0,0,0,0,0,0,0,0,0,5,2,1,0,0,0,0,1,0,2,1,0,1,1,0,0,0,0,0,3,1,0,0,0,0,0,0,0,1,0,6,1,1,0,1,1,0,0,1,0,1,0,0,0,0,0,0,0,0,1,0,1,1,1,0,0,0,0,0,0,1,3,2,3,1,0,0,1,2,4,0,0,2,0,0,0,0,0,0,1,0,2,0,2,0,0,0,0,0,0,8,4,3,4,1,0,2,4,3,18,0,2,0,0,0,0,0,0,0,1,0,0,0,0,0,0,0,0,0,0,0,0,0,0,0,0,0,0,0,1,0,0,0,0,0,0,1,0,0,0,4,0,0,0,0,0,0,1,3,1,3,1,2,2,5,0,0,2,2,9,0,0,0,2,0,0,0,0,1,1,17,10,3,1,1,0,0,1,3,6,6,4,2,1,0,0,0,2,4,6,0,1,1,0,0,1,0,1,2,4,2,1,1,0,0,0,0,0,1,6,3,2,1,2,0,0,0,0,4,6,0,1,1,0,0,0,0,0,2,1,2,1,0,0,0,0,0,0,1,0,1,0,0,1,2,0,0,0,1,0,1,0,0,0,0,0,0,0,0,3,0,0,0,0,0,0,0,0,0,3,7,0,1,0,0,1,0,1,2,8,2,0,1,0,2,0,0,0,3,2,12,5,3,3,4,0,0,8,6,20,9,2,2,0,0,0,0,1,4,6
473.25,0,0,0,0,0,0,0,0,0,0,3,2,3,0,1,0,0,3,0,3,0,1,3,0,0,2,0,0,0,0,1,0,0,0,0,0,0,0,0,0,0,2,0,0,0,1,0,0,0,2,0,0,0,0,0,0,0,0,0,0,2,0,1,0,1,0,0,0,0,1,2,3,0,1,0,1,0,0,2,8,2,1,1,0,0,0,0,0,1,0,0,0,0,0,0,0,0,0,0,0,5,4,2,4,3,2,1,0,4,10,0,0,0,0,0,0,0,1,0,2,0,0,0,0,0,0,0,0,0,0,0,0,0,0,0,0,0,0,0,0,0,0,0,0,0,0,0,0,0,0,1,0,0,0,0,0,1,0,0,1,7,1,2,0,2,2,1,1,3,5,2,0,0,0,0,0,0,1,0,1,15,4,4,1,3,0,0,0,6,5,5,1,4,1,3,0,0,1,2,7,0,0,0,0,0,1,0,1,0,4,2,1,3,0,0,0,0,0,1,4,3,2,0,0,1,0,0,2,1,2,2,0,0,0,0,0,0,1,0,6,1,1,0,0,0,0,0,1,3,2,1,0,1,0,1,2,0,0,2,1,0,0,0,1,0,0,0,0,0,1,1,1,0,0,0,0,0,0,0,4,13,2,2,0,4,0,0,2,5,7,3,2,2,1,0,0,0,0,0,3,7,9,6,1,2,3,1,5,3,9,3,8,2,0,1,0,0,0,5,5
473.75,0,0,0,0,0,0,0,0,0,0,5,3,1,1,0,0,0,0,2,0,1,1,0,0,1,0,0,2,0,1,0,1,0,0,0,0,0,0,0,0,1,3,1,0,0,1,1,2,1,3,0,0,0,0,0,0,0,0,0,0,0,2,0,0,1,0,0,1,0,0,12,1,5,1,0,0,0,0,5,10,1,1,0,1,0,0,0,0,0,1,2,0,0,0,0,1,0,0,0,1,4,2,4,0,1,1,0,1,6,7,0,0,0,0,0,0,0,0,1,2,0,0,0,0,0,0,0,0,0,0,0,0,0,0,0,0,0,0,0,0,0,0,0,0,0,0,0,0,0,2,2,1,0,0,0,0,0,1,2,0,7,4,4,1,1,2,0,1,3,5,1,0,0,0,0,1,0,0,0,3,9,3,2,4,1,1,0,4,7,12,6,3,4,0,3,1,0,0,8,6,0,0,1,0,0,0,0,0,1,2,5,2,1,3,1,0,0,1,0,2,4,4,1,0,0,0,0,0,2,4,0,1,0,1,0,0,0,0,1,6,2,1,0,0,0,0,0,1,0,1,0,0,0,0,0,1,0,0,0,2,0,0,0,0,0,0,0,0,0,1,1,0,0,0,0,0,0,0,0,2,4,7,1,1,0,2,0,1,2,4,1,2,1,0,1,1,0,0,2,2,12,3,9,5,3,1,0,6,5,20,3,2,7,2,1,2,2,0,4,11
474.25,1,0,0,0,0,0,0,1,0,0,5,1,1,0,1,0,0,0,0,0,0,2,0,0,0,0,0,0,1,4,0,0,0,0,0,0,0,0,1,0,3,0,0,1,0,0,0,0,1,3,0,0,0,0,0,0,0,0,0,0,1,2,0,0,1,1,0,0,1,1,3,6,1,1,4,1,0,2,1,7,2,0,0,2,0,0,0,1,0,1,0,1,0,0,1,0,0,0,0,1,7,3,5,3,0,1,0,1,8,5,0,0,0,0,0,0,0,0,1,0,0,0,0,0,0,0,0,0,0,0,0,0,0,0,0,0,0,0,0,0,0,0,0,0,0,0,0,0,0,1,3,1,2,0,0,0,0,0,0,2,5,8,2,1,2,1,0,3,3,7,0,1,0,0,0,0,0,0,0,3,7,7,2,1,0,0,0,0,9,11,2,6,3,1,1,7,0,0,5,7,2,1,1,0,0,0,0,1,1,1,2,0,2,1,1,0,0,1,1,5,1,4,1,0,2,0,0,1,0,9,1,0,0,0,0,0,0,0,0,0,0,0,0,0,0,0,0,0,2,0,1,0,0,0,0,0,0,0,0,1,0,0,0,0,0,0,1,0,0,2,0,0,2,0,0,0,0,0,1,1,8,6,1,0,0,1,1,0,1,7,3,0,1,0,0,1,0,1,0,2,7,6,2,3,2,1,1,2,5,11,8,1,1,1,1,1,0,2,6,5
474.75,1,0,0,0,0,0,0,0,0,0,0,3,2,2,2,0,0,0,0,0,3,0,0,1,0,2,0,1,0,2,0,0,0,1,0,0,0,0,0,0,0,1,4,0,1,0,0,1,0,2,0,0,0,0,0,0,0,0,0,0,1,0,0,0,0,3,0,0,0,0,9,0,6,2,2,0,0,0,2,5,1,0,1,0,0,0,0,0,0,2,1,0,0,0,0,1,0,0,0,0,6,1,3,0,4,0,0,1,2,7,2,0,0,0,0,0,0,0,1,0,0,0,0,0,0,0,0,0,0,0,0,0,0,0,0,0,0,0,0,0,1,0,0,0,0,0,0,0,0,0,2,4,2,0,0,0,0,0,0,0,9,4,2,3,1,1,0,0,6,6,1,0,0,0,0,1,0,0,0,1,12,7,5,3,3,2,0,1,9,5,4,3,3,1,0,1,0,2,3,15,0,0,1,0,1,1,0,0,1,1,0,0,0,2,1,1,0,0,1,1,3,4,2,1,0,0,0,0,5,7,0,1,1,0,0,0,0,0,0,2,0,1,1,0,0,0,0,0,0,1,0,0,0,0,0,0,0,0,0,2,0,0,0,0,0,0,0,0,0,0,1,0,0,0,0,1,0,0,0,0,4,2,1,1,0,0,0,2,1,5,0,0,1,2,1,0,0,2,2,2,11,4,3,0,1,3,0,2,7,13,5,5,4,5,0,2,0,2,1,1
475.25,0,0,1,0,1,0,0,0,0,0,1,2,1,1,0,1,0,0,1,5,1,0,0,0,0,0,0,0,0,1,0,0,0,0,0,0,0,0,0,1,3,0,0,1,0,0,0,0,3,2,0,0,0,0,0,0,0,0,0,0,2,2,0,0,0,0,0,0,1,1,10,2,0,2,3,1,0,3,4,4,1,1,0,0,0,0,0,0,0,2,0,0,0,0,0,0,0,0,0,0,5,2,1,1,2,0,0,0,1,5,1,1,0,0,0,0,0,1,0,1,0,0,0,0,0,0,0,0,0,0,0,0,0,0,0,0,0,0,0,0,0,1,0,0,0,0,0,0,0,0,3,0,0,0,0,1,0,0,1,1,6,5,1,3,0,0,0,4,6,5,0,0,0,0,0,0,0,4,1,2,11,7,3,1,4,3,0,1,5,13,9,3,2,2,0,0,0,3,1,7,0,2,0,1,0,0,0,0,0,3,4,1,4,0,0,1,0,0,0,5,6,1,2,0,0,0,0,0,4,5,0,0,0,0,0,0,0,0,1,1,1,0,2,0,1,0,0,0,0,0,1,1,0,0,0,1,0,0,0,2,0,0,0,0,0,0,0,0,0,0,1,0,2,0,0,0,0,0,0,1,7,4,3,0,2,1,0,0,1,3,3,1,0,1,0,0,0,0,1,1,11,4,1,2,1,4,0,2,4,19,4,2,1,1,1,0,0,0,2,9
475.75,1,0,1,0,0,0,0,2,0,1,5,3,3,0,1,1,0,0,1,2,1,2,1,2,1,2,0,1,3,2,0,0,0,0,1,0,0,0,0,1,0,2,0,0,0,1,0,0,1,2,0,0,1,0,0,0,0,0,0,0,1,0,2,2,0,0,0,0,0,0,4,2,2,1,2,0,0,1,5,10,0,0,0,0,0,0,0,0,1,0,1,2,0,0,0,0,0,0,0,1,12,2,1,1,4,3,0,1,5,7,0,0,0,0,0,0,0,0,0,1,0,0,0,0,0,0,0,0,0,0,0,0,0,0,0,0,0,0,0,0,0,0,0,0,0,0,0,0,1,0,3,3,1,1,0,0,0,0,2,4,7,2,5,1,1,1,0,1,4,6,2,1,2,0,0,0,0,0,1,1,5,3,3,2,1,1,0,6,7,6,4,3,4,1,1,1,1,0,6,5,0,0,1,0,0,0,0,0,1,3,1,1,1,1,0,0,1,0,2,4,3,3,1,0,1,0,0,0,1,5,0,1,0,0,0,0,0,0,0,0,0,0,0,0,0,1,0,1,0,1,2,0,0,0,0,0,0,0,0,1,0,1,0,0,0,0,0,0,0,1,0,0,2,0,0,0,0,0,0,1,9,1,0,0,0,1,0,0,1,4,0,0,0,0,0,1,0,0,0,3,9,5,4,3,4,1,0,4,5,15,3,3,2,3,5,3,0,0,3,5
476.25,0,0,0,0,0,0,0,0,0,0,5,0,4,1,3,3,0,1,6,1,2,0,1,0,1,0,0,0,2,3,0,0,0,0,0,0,0,0,0,1,1,1,1,0,0,0,0,1,1,0,0,0,0,0,1,0,0,0,0,0,1,2,1,0,0,0,0,1,2,1,4,7,4,2,0,1,0,1,3,4,4,0,0,0,0,0,1,0,0,1,1,0,0,0,0,0,1,0,0,0,7,3,5,0,1,0,0,0,6,4,0,0,0,0,0,0,1,0,0,0,0,0,0,0,0,0,0,0,0,0,0,0,0,0,0,0,0,0,0,0,0,0,0,0,0,0,0,0,0,0,0,1,1,1,0,0,1,0,2,2,6,5,2,3,2,0,0,3,3,9,2,1,2,0,1,0,0,1,0,1,15,6,0,3,2,1,0,0,6,10,4,1,2,0,2,0,0,1,3,6,0,0,0,0,0,0,0,0,1,4,4,0,1,1,1,0,0,0,2,1,2,1,1,0,2,0,0,1,3,1,1,0,1,0,0,0,0,0,1,2,1,0,0,0,0,0,1,0,0,0,0,0,0,0,0,0,0,0,0,3,1,0,0,0,0,0,0,0,0,2,1,0,0,0,0,0,0,0,2,1,5,6,3,1,2,3,0,3,1,6,2,0,0,0,0,0,0,1,0,2,10,2,3,2,1,2,0,3,10,11,1,0,4,0,0,0,0,1,4,8
476.75,0,0,0,0,0,0,0,0,0,0,7,4,0,1,2,0,0,0,0,2,1,1,1,0,0,1,1,1,1,3,0,0,0,0,0,0,0,0,0,0,2,0,0,1,0,0,0,0,4,2,0,0,0,0,0,0,0,0,0,0,3,0,0,0,0,0,0,0,3,1,9,1,3,0,1,2,1,0,2,4,0,0,1,0,0,0,0,1,0,1,0,0,0,0,0,0,0,0,1,0,5,3,3,2,1,4,1,1,1,8,0,0,2,0,0,0,0,0,0,0,0,0,0,0,0,0,0,0,0,0,0,0,0,0,0,0,0,1,0,0,0,0,0,0,0,0,0,0,1,0,3,3,0,0,0,1,0,0,0,0,7,6,2,0,1,1,1,0,4,5,0,0,0,0,0,0,0,0,2,0,5,6,4,3,2,3,0,1,4,7,7,4,6,3,0,1,0,3,4,6,0,0,0,0,1,0,0,0,1,3,0,1,2,1,1,0,0,2,0,1,5,2,2,1,0,0,0,1,4,3,4,0,0,0,0,0,0,0,3,3,0,0,0,0,0,0,0,0,1,0,0,0,0,0,0,0,0,0,2,2,0,1,0,0,0,0,0,0,0,1,0,0,0,0,1,0,0,0,1,1,4,7,1,0,0,0,0,0,3,4,1,3,0,1,0,0,0,1,0,4,4,14,8,2,3,3,1,5,2,9,5,1,0,2,1,2,1,0,0,5
477.25,1,0,1,0,0,0,0,0,0,0,6,1,1,2,2,2,0,0,3,3,2,2,2,0,0,0,0,1,1,1,0,0,0,0,0,0,0,0,1,0,0,1,0,0,0,0,1,1,0,3,0,0,0,0,0,0,0,0,0,0,0,0,0,0,0,0,0,0,0,2,3,2,1,5,1,0,1,0,3,5,1,0,0,1,0,0,0,0,0,2,1,2,0,0,0,0,0,0,0,1,3,5,6,0,2,4,0,3,3,7,0,0,0,0,1,0,0,0,0,0,0,0,0,0,0,0,0,0,0,0,0,0,0,0,0,0,0,0,0,0,0,0,0,0,0,0,0,0,0,0,0,0,1,0,1,0,0,0,1,0,6,5,6,2,1,0,0,1,7,3,1,0,0,1,0,0,0,1,0,1,6,3,4,2,1,0,0,3,3,6,7,3,4,1,3,2,0,1,1,4,2,0,0,0,0,1,0,1,1,1,0,0,0,0,0,0,0,2,1,4,3,4,0,1,1,1,1,1,2,4,1,0,0,0,0,0,0,1,0,2,1,0,2,0,1,0,0,0,1,0,0,0,0,0,0,0,0,0,1,0,3,0,0,1,0,0,0,0,0,3,1,0,0,0,1,0,0,0,1,0,4,1,3,0,2,2,0,1,7,5,1,0,2,0,0,0,0,1,3,3,15,4,2,3,1,1,0,2,10,15,1,1,1,2,1,2,0,2,2,7
477.75,1,0,0,1,0,0,0,0,0,1,3,2,0,1,0,2,0,0,1,1,1,0,0,0,0,1,0,0,0,4,0,0,0,0,0,0,0,0,0,0,1,0,1,0,0,1,0,0,3,1,0,0,0,0,0,0,0,0,0,0,1,0,0,1,0,0,0,0,0,0,3,5,2,0,0,2,0,0,5,9,3,0,1,0,0,0,0,0,1,1,2,0,0,0,0,0,0,0,0,0,5,2,2,3,1,0,0,7,3,4,0,0,0,1,1,1,0,0,1,1,0,0,0,0,0,0,0,0,0,0,0,0,0,0,0,0,0,0,0,0,0,0,0,0,0,0,0,0,0,0,6,0,0,0,1,0,0,1,0,1,7,3,1,2,2,1,1,2,2,9,0,0,0,1,0,1,0,0,1,3,5,6,7,3,1,1,0,3,6,11,7,3,4,1,0,3,0,3,3,3,1,0,1,0,0,0,0,1,0,5,0,2,0,0,1,0,0,0,0,3,6,4,3,3,0,1,0,0,2,3,0,0,0,0,0,0,0,1,0,0,0,1,2,0,0,1,0,0,0,1,0,0,0,0,0,0,0,1,1,2,0,1,0,0,0,0,0,0,0,0,0,0,0,0,0,0,0,2,0,1,3,0,0,1,0,0,0,3,4,4,1,0,1,0,0,0,0,1,1,5,4,10,4,1,3,3,2,3,4,12,4,1,1,0,2,1,1,0,2,7
478.25,1,0,0,0,1,0,0,0,0,0,4,2,0,2,0,0,0,0,0,2,3,0,0,0,1,1,0,1,1,1,0,0,0,0,0,0,0,0,0,1,3,1,2,2,1,0,1,1,0,1,0,0,0,0,0,0,0,0,0,0,2,2,0,0,0,0,0,1,0,1,7,4,1,2,1,1,0,2,2,6,1,2,0,0,0,0,0,0,0,2,1,0,0,0,0,0,0,0,1,0,8,3,4,2,2,1,0,2,1,15,1,2,0,0,0,0,0,1,0,0,0,0,0,0,0,0,0,0,0,0,0,0,0,0,0,0,0,0,0,0,1,0,0,0,0,0,0,0,0,0,3,0,0,0,1,0,0,0,1,0,4,4,2,1,2,0,1,1,3,5,0,1,2,0,0,0,0,0,0,0,9,7,6,3,0,2,0,2,3,8,8,4,2,5,3,0,1,5,1,6,0,1,1,0,0,0,1,0,0,1,2,2,1,0,0,0,0,0,3,2,4,0,1,1,0,0,0,0,0,3,0,0,1,1,0,0,0,0,0,1,2,0,0,1,0,0,0,0,1,1,1,0,1,0,0,0,0,0,0,1,0,0,0,0,0,0,0,0,1,1,0,1,1,0,0,0,0,0,0,2,17,3,3,2,4,2,0,2,1,5,1,0,3,0,0,0,0,0,0,3,6,4,4,0,1,2,0,1,10,7,3,3,3,2,0,1,0,2,3,3
478.75,0,0,0,1,0,0,1,0,0,1,4,2,0,1,0,3,0,1,2,2,0,0,0,1,1,0,0,1,1,2,0,0,0,0,0,0,0,0,0,0,4,1,0,0,0,1,0,0,1,2,0,0,0,0,0,0,0,0,0,0,0,0,0,0,0,0,0,0,0,1,7,4,6,0,0,4,1,0,4,2,2,1,1,0,0,0,0,1,0,2,0,2,1,0,0,0,0,0,0,0,4,4,2,2,1,1,0,2,4,4,0,0,0,0,0,0,0,0,1,2,0,0,0,0,0,0,0,0,0,0,0,0,0,0,0,0,0,0,0,0,0,0,0,0,0,0,0,0,0,0,2,0,2,0,0,0,1,1,2,0,7,2,1,0,0,3,0,1,4,8,0,0,0,0,1,0,0,0,0,0,13,3,2,2,3,3,0,1,4,7,7,2,0,1,2,3,0,2,3,7,1,0,0,0,0,0,0,0,0,0,6,2,0,1,0,1,0,0,0,3,1,0,1,2,1,1,0,0,3,6,0,0,1,0,0,0,0,0,0,1,0,0,0,1,1,0,0,0,0,0,0,1,0,0,0,0,0,0,0,0,1,0,0,0,0,0,1,0,0,0,2,1,1,0,0,0,0,0,0,3,3,4,4,1,0,0,0,1,2,5,2,1,1,0,0,2,0,0,2,3,7,3,3,1,2,2,0,3,2,10,6,1,3,1,0,0,1,1,0,3
479.25,0,1,0,0,0,2,0,0,0,1,3,2,2,0,0,0,0,1,2,2,1,0,4,1,1,0,0,0,1,4,0,0,0,0,0,0,0,0,0,1,2,1,0,1,0,0,1,0,1,2,0,0,0,0,0,0,0,0,0,0,1,0,2,0,0,0,0,0,1,0,7,2,1,1,1,4,0,3,1,5,0,2,1,0,0,0,0,0,0,3,0,0,0,0,0,0,0,0,2,0,9,2,2,2,1,4,0,0,2,7,1,0,0,0,0,0,0,0,0,1,0,0,0,0,0,0,0,1,0,1,0,0,0,0,0,0,0,0,0,0,0,0,0,0,0,0,0,0,0,0,3,0,2,2,1,0,0,1,2,2,7,5,1,1,0,0,0,1,3,6,2,0,0,0,0,0,0,2,1,2,5,8,3,2,0,0,0,3,6,8,7,1,2,1,1,0,0,1,5,8,1,1,0,0,1,0,0,1,0,2,6,1,0,0,0,1,0,1,0,1,2,0,1,2,1,1,0,0,2,3,2,0,0,0,0,0,0,0,0,3,0,2,0,0,0,0,0,0,0,1,2,0,0,1,0,0,0,1,0,1,0,0,0,0,0,0,0,2,0,2,2,0,0,0,1,0,0,0,0,2,6,8,4,2,1,2,1,2,6,4,0,0,1,1,0,0,0,0,0,2,7,8,6,3,2,1,0,2,8,11,3,2,1,1,2,1,0,1,3,3
479.75,0,0,0,0,0,0,0,0,0,1,2,3,4,0,0,0,0,1,1,1,2,0,3,1,0,0,0,0,0,2,0,0,0,0,0,0,0,0,0,0,0,1,1,0,0,0,0,0,0,4,0,0,0,0,0,0,0,0,0,0,1,2,0,0,0,0,0,0,0,0,9,5,1,2,1,0,0,1,5,7,2,1,0,0,0,0,0,0,1,0,0,0,0,0,0,0,0,0,0,0,6,3,5,5,1,2,1,3,4,3,2,1,0,0,0,0,0,0,1,0,0,0,0,0,0,0,0,0,0,0,0,0,0,0,0,0,0,0,0,0,0,2,0,0,0,0,0,0,0,0,4,1,0,1,0,1,0,0,0,0,11,4,3,3,1,5,0,2,5,4,0,0,0,0,1,0,0,0,0,0,6,3,4,0,2,1,0,1,10,7,6,4,4,4,0,0,0,2,5,7,1,2,1,2,0,1,0,0,1,1,2,3,2,0,0,0,0,0,2,2,3,2,2,1,0,0,0,0,5,3,1,1,3,0,0,0,0,0,0,0,1,0,0,0,0,0,0,0,0,3,0,0,1,0,0,0,0,0,0,0,0,1,0,0,0,0,0,0,0,0,2,0,2,1,0,1,0,0,0,0,11,3,0,1,1,1,0,0,5,8,3,2,3,0,0,0,1,0,0,0,6,6,6,3,2,0,1,2,3,16,1,3,3,0,0,6,0,1,4,7
480.25,1,1,0,0,0,0,0,0,0,0,2,1,1,2,0,0,0,1,2,1,3,0,1,1,0,0,1,1,0,1,0,0,0,0,0,0,0,0,0,0,1,0,1,0,0,1,0,1,1,2,0,0,0,0,0,0,0,0,0,0,0,1,0,0,0,0,0,0,1,0,6,4,3,0,1,0,0,3,3,6,1,2,1,0,0,0,0,0,3,3,1,0,0,0,0,0,0,0,1,0,10,2,4,0,2,0,0,1,0,6,0,0,0,0,0,0,0,0,0,0,0,0,0,0,0,0,0,0,0,0,0,0,0,0,0,0,0,0,0,0,1,0,0,0,1,0,0,0,0,0,0,1,1,2,0,0,0,1,1,2,5,2,1,0,1,2,0,1,3,8,1,1,0,0,1,1,0,0,0,0,7,4,3,2,0,4,0,1,4,11,6,1,2,0,2,3,0,2,1,6,1,0,0,0,1,1,0,1,2,3,6,2,2,0,0,0,0,1,0,2,2,3,3,2,0,0,0,0,2,3,0,0,0,1,1,0,0,0,0,1,1,0,0,0,0,1,0,0,0,1,0,1,2,1,0,0,0,0,0,0,1,0,0,0,0,0,0,0,1,0,0,0,0,1,0,0,0,0,1,2,2,2,2,2,2,2,0,0,3,4,2,1,0,0,1,0,0,0,0,0,8,3,5,9,3,1,1,3,3,7,7,2,0,2,1,0,1,3,2,3
480.75,0,0,0,0,0,0,0,0,0,0,1,2,1,1,0,0,0,0,3,0,1,0,1,1,0,1,0,1,0,3,0,0,0,0,0,0,0,0,0,0,3,0,0,0,0,0,0,0,0,1,0,0,0,0,0,0,0,0,0,0,0,0,0,0,0,0,0,0,2,1,9,2,1,3,0,1,0,0,3,3,1,0,1,0,0,0,0,0,0,1,1,1,0,0,1,0,0,0,0,0,10,8,4,4,0,2,1,1,4,5,0,1,0,0,0,1,0,0,0,1,0,0,0,0,0,0,0,0,0,0,0,0,0,0,0,0,0,0,0,0,0,0,0,0,0,0,0,0,0,0,0,1,0,0,0,1,0,0,1,3,3,5,7,3,1,2,0,2,6,2,1,0,1,0,1,1,0,0,1,3,9,5,1,0,3,4,0,2,6,4,5,1,5,1,1,1,0,2,2,15,1,0,0,0,0,0,0,0,1,0,4,3,0,1,0,0,0,1,1,1,0,5,3,1,0,2,0,1,1,4,0,0,0,1,0,0,0,0,0,1,0,0,1,0,0,0,0,0,0,1,0,0,1,0,0,0,0,0,0,2,0,0,0,0,0,0,0,0,1,0,0,0,0,0,1,0,0,0,0,2,4,6,5,1,2,0,0,1,2,4,1,0,1,0,1,0,0,1,0,1,13,1,3,3,2,2,0,2,8,10,3,2,5,2,0,0,0,1,1,7
481.25,0,0,0,0,0,0,0,0,1,0,4,1,2,1,1,1,0,0,3,1,1,1,1,0,3,1,0,2,1,2,0,1,0,0,0,0,0,0,0,0,1,2,0,0,1,0,1,0,1,2,0,0,0,0,0,0,0,0,0,0,2,0,1,1,1,0,0,0,0,1,4,0,1,0,2,0,1,1,3,9,4,0,0,0,1,0,0,1,1,1,1,0,0,0,0,0,0,0,2,0,12,3,4,3,3,0,0,1,1,11,0,0,0,0,0,0,0,0,0,0,0,0,0,0,0,0,0,0,0,0,0,0,0,0,0,0,0,0,0,0,1,0,0,0,0,0,0,0,0,0,2,0,2,0,0,0,1,1,0,3,3,1,2,2,1,2,0,2,3,3,1,1,0,1,0,0,0,0,0,2,6,3,5,0,3,0,2,3,9,8,7,6,6,0,0,4,0,0,5,9,0,0,0,0,0,0,0,0,0,1,4,2,1,1,0,0,0,0,4,2,4,2,1,1,1,0,0,1,1,5,0,1,1,1,0,0,0,0,0,0,4,0,0,0,0,0,0,0,1,0,0,0,0,0,1,0,0,0,0,3,2,0,0,0,0,0,0,0,1,2,0,2,0,0,0,0,0,0,0,1,10,4,3,1,0,1,0,2,4,5,3,0,0,1,1,0,0,0,0,1,10,4,3,2,1,1,0,2,6,14,4,0,2,2,1,0,0,4,0,4
481.75,0,0,0,0,0,0,0,0,0,0,3,1,1,2,2,0,0,2,1,3,3,1,0,0,0,1,0,0,1,1,0,0,0,0,0,0,0,0,0,0,0,0,3,0,0,0,1,1,1,4,0,0,0,0,0,0,0,0,0,0,0,0,0,0,0,0,0,0,0,1,3,2,4,0,0,0,0,0,4,5,2,0,0,0,0,0,0,0,0,1,0,0,0,0,0,0,0,0,0,0,1,4,3,2,1,1,0,1,2,5,1,0,0,0,0,0,0,1,0,0,0,0,0,0,0,0,0,0,0,0,0,0,0,0,0,0,0,0,0,0,0,0,0,0,0,0,0,0,0,0,1,2,3,0,0,0,0,0,1,3,6,6,1,4,0,0,0,2,6,7,1,1,0,0,0,0,0,0,0,1,6,6,3,4,3,0,0,0,6,10,5,4,5,1,1,0,0,2,2,4,1,0,2,0,0,0,0,1,1,1,2,2,2,1,0,0,0,1,1,1,6,0,1,0,1,0,0,1,3,3,0,0,1,0,0,0,0,0,0,1,1,0,1,0,0,1,0,0,1,1,2,0,0,0,1,1,0,0,0,1,1,0,0,0,0,0,0,0,0,1,3,0,0,0,0,0,0,2,1,1,7,3,1,2,1,1,0,0,4,7,1,0,1,1,0,0,0,0,1,0,10,7,4,2,2,1,1,3,5,7,2,4,3,3,0,0,0,0,1,6
482.25,0,1,0,0,0,0,0,0,0,0,1,0,0,0,1,0,0,0,2,2,1,1,2,0,0,2,0,1,1,3,0,0,0,0,0,0,0,0,0,1,2,1,0,1,0,0,0,0,1,2,0,0,0,0,0,0,0,0,0,0,2,1,0,0,0,0,0,1,0,1,4,2,5,3,1,1,0,0,2,7,1,2,1,0,0,0,0,0,0,1,0,1,0,1,0,0,0,0,0,0,12,4,0,5,0,1,0,1,1,11,1,0,0,0,0,0,0,0,0,1,0,0,0,0,0,0,0,0,0,0,0,0,0,0,0,0,0,0,0,0,0,0,0,0,0,0,0,0,0,0,3,1,0,1,0,1,0,0,1,5,3,5,1,1,0,0,0,0,4,7,1,1,0,0,0,0,0,0,0,2,6,6,1,3,1,3,0,1,5,8,11,5,2,1,3,0,1,4,1,2,1,1,0,0,0,1,0,2,0,2,2,3,2,1,0,0,0,1,0,5,4,3,1,2,2,1,0,0,3,7,0,0,0,0,0,0,0,0,0,0,2,1,0,1,0,0,0,0,1,0,1,1,0,0,0,0,0,0,1,1,0,0,1,0,0,0,0,0,0,1,2,1,0,1,0,0,0,0,0,0,4,2,6,3,2,3,0,1,7,10,4,2,0,2,1,0,0,1,3,0,7,4,5,1,2,5,0,6,3,20,3,1,3,0,0,0,0,0,4,5
482.75,0,0,0,0,0,0,0,0,0,0,1,1,1,0,1,0,0,1,1,2,2,2,1,1,0,0,0,0,0,3,0,0,0,0,0,0,0,0,0,0,2,1,0,1,0,1,0,0,0,2,0,0,0,0,0,0,0,0,0,0,0,1,0,1,0,0,0,0,3,0,3,5,2,0,3,1,0,1,3,6,1,1,1,3,0,0,0,0,2,1,0,0,1,0,0,0,0,0,0,0,12,3,3,1,0,1,0,1,3,8,0,1,1,0,0,0,0,0,0,0,0,0,0,0,0,0,0,0,0,0,0,0,0,0,0,0,0,0,0,0,0,0,0,0,0,1,0,0,0,0,3,0,1,1,2,0,0,0,0,2,4,7,0,2,2,0,0,0,3,6,1,0,1,0,0,0,0,0,0,1,13,1,4,3,1,2,0,2,4,4,5,0,3,1,1,3,0,1,4,4,0,0,0,1,0,0,0,0,0,0,0,2,2,1,0,1,0,0,2,2,3,1,2,1,0,1,0,1,1,5,0,0,0,0,0,0,0,0,0,0,2,0,0,1,0,0,0,0,0,3,0,0,0,0,0,0,0,0,0,0,1,0,0,1,0,0,0,0,0,2,0,1,1,0,0,1,0,1,0,2,11,5,3,1,1,1,1,0,3,10,3,2,0,1,0,3,0,0,0,2,9,4,4,2,3,5,1,2,7,11,3,4,1,4,2,1,0,0,0,6
483.25,0,0,0,0,0,0,0,0,2,0,0,2,2,0,0,1,0,0,3,0,0,0,0,0,0,0,0,0,1,2,0,0,0,0,0,0,0,0,0,0,0,1,0,0,0,0,0,0,2,1,0,0,0,0,0,0,0,0,0,0,0,2,0,0,1,0,0,0,2,0,10,1,2,1,2,0,0,1,4,3,2,1,0,1,0,0,0,0,1,0,0,0,0,0,0,0,0,0,1,0,13,6,7,1,2,0,0,0,9,7,0,1,1,0,0,0,0,0,0,1,0,0,0,0,0,0,0,0,0,0,0,0,0,0,0,0,0,0,0,0,1,1,0,0,0,0,0,0,0,0,1,0,3,0,1,0,0,0,3,2,5,2,5,0,0,1,0,2,5,3,1,0,0,1,0,0,0,0,0,0,12,4,3,2,0,0,0,0,7,8,7,4,2,1,1,1,1,1,4,10,1,0,1,0,0,0,0,0,0,1,3,1,0,1,2,0,0,0,3,3,5,2,0,0,0,1,0,0,2,6,2,0,0,0,0,1,0,0,0,1,2,0,0,0,0,0,0,0,0,3,1,0,0,0,0,0,0,0,0,0,0,1,0,0,0,0,0,0,0,3,1,0,1,1,0,1,0,0,1,0,7,3,2,3,1,1,0,2,2,6,0,0,1,0,1,1,0,1,2,4,7,4,4,0,1,2,1,2,3,12,0,2,1,1,0,2,0,1,3,3
483.75,0,0,0,0,0,0,0,0,0,0,0,1,1,0,1,1,0,0,0,1,4,0,0,0,1,0,1,2,4,1,0,0,0,0,0,0,0,0,0,0,0,0,0,1,0,0,0,0,1,1,0,0,0,0,0,0,0,0,0,0,1,1,0,1,0,0,0,0,0,1,6,6,7,1,1,1,0,0,2,2,2,1,0,0,0,0,0,0,1,1,0,0,0,0,0,0,1,0,0,1,4,5,3,4,0,0,0,0,2,6,1,0,0,1,0,0,0,0,0,0,0,0,0,0,0,0,0,0,0,0,0,0,0,0,0,0,0,0,0,0,1,0,0,0,0,0,0,1,0,0,0,0,0,0,1,2,0,0,1,1,5,0,2,3,1,0,1,0,6,8,1,0,0,0,0,1,0,0,0,0,7,10,3,0,0,1,0,4,5,6,11,2,4,1,1,4,0,0,2,4,0,0,0,0,0,0,1,0,0,0,2,2,0,1,0,1,0,0,3,5,5,1,0,0,0,1,0,1,1,3,2,0,0,0,0,0,0,0,0,1,0,1,1,1,0,0,0,0,1,1,1,0,0,0,0,0,0,2,0,1,0,0,0,0,0,0,0,0,0,0,0,0,2,1,1,0,0,1,0,2,3,1,7,2,1,1,1,2,4,8,2,1,0,0,0,0,0,0,1,3,10,2,5,1,2,3,0,3,4,9,4,1,0,2,1,0,0,1,2,3
484.25,0,0,1,0,0,0,0,0,0,0,1,0,0,0,0,2,1,0,1,2,2,3,3,1,0,0,0,2,0,1,0,0,0,0,0,0,0,0,0,0,2,1,0,1,0,0,0,0,0,2,0,0,0,0,0,0,0,0,0,0,0,0,0,0,0,0,0,0,0,1,7,3,3,4,3,0,0,1,2,4,2,0,2,1,0,0,0,0,0,0,1,0,0,0,0,0,0,0,1,0,9,3,3,3,0,0,0,1,4,8,1,0,0,0,0,0,0,0,3,0,0,0,0,0,0,0,0,0,0,0,0,0,0,0,0,0,0,0,0,0,0,1,0,0,0,0,0,0,0,1,2,2,0,0,0,0,0,1,0,1,0,3,3,2,2,0,0,1,3,4,2,0,0,0,1,0,0,0,0,1,10,6,5,1,1,2,0,1,4,10,8,3,5,2,0,0,0,3,2,6,1,0,0,0,0,0,0,0,0,1,6,1,1,1,0,0,0,0,2,4,3,1,3,2,0,1,1,1,1,8,1,0,1,0,0,0,0,0,0,2,2,1,1,0,0,0,0,0,0,0,0,2,0,0,0,0,0,0,0,1,1,0,1,0,0,0,0,0,0,1,0,0,0,1,0,0,0,1,1,1,6,3,3,1,1,0,0,1,0,9,0,0,0,2,1,0,0,0,1,0,12,6,6,5,0,0,0,1,6,10,4,0,2,0,0,1,1,2,3,8
484.75,0,0,0,0,0,0,0,0,0,0,1,2,0,1,0,1,0,0,0,3,4,0,1,0,0,0,0,1,0,3,1,0,0,0,0,0,0,0,0,0,2,0,0,0,1,0,0,0,0,1,0,0,0,0,0,0,0,0,0,0,0,0,0,0,1,0,0,0,1,1,6,4,4,0,1,1,0,2,2,2,2,1,2,2,0,0,0,0,1,3,0,0,0,0,0,0,0,0,1,1,7,3,5,3,1,0,0,0,2,6,0,0,0,0,0,0,0,1,2,1,0,0,0,0,0,0,0,0,0,0,0,0,0,0,0,0,0,0,0,0,2,0,0,0,0,0,0,0,0,0,3,0,0,2,0,1,0,0,1,0,6,4,5,1,0,0,0,0,5,5,0,0,1,1,0,0,0,0,0,2,10,6,6,3,3,1,0,0,6,10,12,2,2,5,0,0,0,0,4,9,1,0,0,0,0,0,0,0,0,1,4,2,2,0,1,0,0,1,1,2,7,1,0,1,1,1,0,1,1,5,2,0,0,1,0,0,0,0,0,2,0,0,0,0,0,0,0,0,1,0,1,0,0,0,0,1,0,0,0,0,1,1,0,0,0,0,1,0,0,2,1,1,0,1,0,1,0,1,0,1,4,2,2,2,0,0,1,0,7,0,0,0,0,1,0,0,0,0,1,3,10,4,4,5,2,1,0,4,5,11,3,1,0,1,0,0,0,1,2,1
485.25,0,0,0,0,0,0,0,0,0,0,5,2,0,1,0,0,0,1,1,0,3,2,2,0,2,0,0,0,0,2,0,0,0,0,0,0,0,0,0,0,1,0,0,1,0,0,0,0,2,0,0,0,0,0,0,0,0,0,0,0,1,0,0,0,0,0,0,1,0,1,8,3,4,2,1,0,0,0,2,9,0,4,0,0,0,0,0,0,0,2,0,0,1,0,0,0,0,0,0,0,6,3,2,3,2,1,0,0,4,7,0,0,0,0,0,0,0,0,0,0,0,0,0,0,0,0,0,0,0,0,0,0,0,0,0,0,0,0,0,0,0,0,0,0,0,0,0,0,0,0,0,3,1,0,0,0,0,1,0,2,2,4,1,2,0,5,0,1,5,8,1,1,0,0,1,0,0,1,0,0,17,3,5,1,0,0,1,2,4,11,8,2,1,2,3,0,0,1,1,3,3,0,0,0,0,0,0,1,0,4,4,1,2,0,0,0,0,0,3,3,2,4,3,0,0,1,1,0,7,7,0,0,1,1,0,0,0,0,0,0,0,0,1,0,0,0,0,1,1,0,0,2,0,0,0,0,0,0,0,0,1,0,0,1,0,0,1,1,0,1,0,0,0,0,0,0,0,1,2,1,1,2,1,1,0,2,0,1,1,5,1,2,1,0,0,1,0,0,1,4,7,0,3,1,1,1,0,3,4,5,3,0,2,1,0,1,1,1,0,7
485.75,1,1,0,0,0,0,0,0,0,0,2,2,3,0,0,1,0,1,2,4,1,2,2,0,0,1,0,1,3,2,0,0,0,0,0,0,0,0,0,0,0,2,0,1,0,0,0,1,1,1,0,0,0,0,0,0,0,0,0,0,2,1,1,0,0,0,0,0,1,2,9,5,2,4,2,1,1,1,3,2,3,0,0,0,2,0,0,0,0,2,0,0,0,0,0,0,0,0,2,0,10,7,3,2,1,0,0,1,4,7,0,0,0,0,0,0,0,0,0,3,0,0,0,0,0,0,0,0,0,0,0,0,0,0,0,0,0,0,0,0,0,0,0,0,0,0,0,0,1,0,3,0,0,0,0,0,0,0,0,0,5,1,2,0,1,0,0,1,2,4,0,0,3,0,0,1,0,1,1,0,12,8,2,1,0,1,0,4,3,8,10,2,0,3,2,2,1,3,2,2,0,0,0,0,0,0,0,0,1,1,5,0,1,2,1,0,1,1,2,3,3,5,0,2,1,0,1,1,3,4,2,1,0,0,0,0,0,0,0,0,0,4,0,0,0,0,0,0,1,1,1,0,0,1,1,0,0,0,0,0,0,1,1,0,0,0,0,0,0,1,2,0,0,0,0,0,0,0,0,1,10,4,2,1,4,2,0,0,5,10,2,1,0,0,1,0,0,0,0,0,8,6,7,4,0,3,0,3,3,8,2,1,0,2,0,0,0,1,0,3
486.25,0,0,0,0,0,0,0,0,0,0,4,4,2,0,0,1,0,0,2,5,1,0,2,2,0,0,0,0,1,3,0,0,0,0,0,0,0,0,0,0,2,1,1,0,0,0,0,0,0,1,0,0,0,0,0,0,0,0,0,0,0,0,0,1,0,0,0,0,0,1,5,3,4,0,3,2,0,1,3,8,4,2,1,1,0,0,0,0,1,2,0,0,0,0,0,0,0,0,0,1,8,3,3,2,1,2,0,1,1,7,0,0,0,0,0,0,0,0,0,1,0,0,0,0,0,0,0,0,0,0,0,0,0,0,0,0,0,0,0,0,0,0,0,0,0,0,0,0,0,0,3,2,0,0,0,1,0,0,2,4,6,2,2,2,2,0,1,1,4,9,0,1,0,1,0,0,1,0,0,0,7,7,4,1,2,0,0,0,5,10,8,7,1,1,0,0,1,0,6,9,0,0,2,0,0,0,0,0,0,0,1,3,1,1,0,1,0,0,4,2,4,5,2,2,4,1,0,2,1,4,1,0,0,0,0,0,0,0,0,0,1,0,1,0,0,0,0,0,1,0,1,0,1,0,0,0,0,2,0,0,2,0,0,0,0,0,0,0,0,0,0,0,0,1,0,0,0,0,0,2,3,4,2,1,3,3,0,1,1,7,0,0,1,0,0,1,0,1,0,2,5,6,4,4,2,1,0,3,4,10,3,5,2,0,0,1,0,2,3,3
486.75,1,0,0,0,0,0,0,0,0,0,5,1,3,0,0,0,0,0,2,2,4,0,0,3,0,1,0,1,0,1,1,0,0,0,0,0,0,0,0,0,1,1,1,0,1,0,1,1,1,3,0,0,0,0,0,0,0,0,0,0,0,0,1,0,0,0,0,0,2,0,9,1,2,7,0,3,0,2,6,7,3,2,1,0,0,1,0,0,0,3,0,0,0,0,0,0,0,0,0,0,8,7,3,1,1,6,0,4,7,6,2,0,0,0,0,0,0,0,0,0,0,0,0,0,0,0,0,0,0,0,0,0,0,0,0,0,0,0,0,0,0,0,0,0,0,0,0,0,0,0,1,0,0,0,0,0,0,0,2,2,3,1,2,2,0,0,0,1,4,10,3,0,1,1,1,0,0,2,0,0,14,9,5,3,1,1,1,2,8,7,6,8,6,1,0,2,0,1,2,4,1,0,1,0,0,0,1,0,0,0,3,2,1,2,1,0,0,0,2,0,4,3,0,1,2,1,0,0,0,3,1,2,1,0,0,0,0,0,0,1,1,1,2,0,0,0,0,1,1,3,0,0,0,0,0,1,0,0,2,1,0,1,0,0,0,0,0,1,0,1,1,1,1,1,0,0,0,0,2,3,14,1,1,0,1,1,0,4,4,6,1,0,0,0,0,0,0,0,0,1,7,7,7,3,4,2,0,0,2,17,5,0,0,2,1,0,0,1,1,9
487.25,0,0,0,0,0,0,0,0,0,1,2,1,2,1,0,0,0,1,2,1,1,0,0,0,0,0,0,0,1,3,1,0,0,0,0,0,0,0,1,0,0,3,0,0,0,1,0,1,1,1,0,0,0,0,0,0,0,0,0,0,1,1,0,0,0,0,1,0,0,0,5,3,6,3,0,1,0,0,3,2,3,0,2,0,0,0,0,0,4,1,0,0,1,0,0,0,0,0,0,3,10,5,4,5,1,0,0,1,3,4,0,0,0,2,0,0,0,0,0,0,0,0,0,0,0,0,0,0,0,0,0,0,0,0,0,0,0,0,0,0,0,2,2,0,0,0,0,0,0,0,0,0,0,0,0,1,0,0,1,2,2,3,1,3,0,2,1,0,4,10,0,1,0,0,0,1,0,0,0,0,11,2,8,2,1,1,1,0,4,11,5,0,7,1,0,0,0,0,4,6,0,0,2,1,0,0,0,0,0,2,3,0,3,2,0,0,0,0,2,3,5,3,5,0,0,0,0,0,5,4,1,1,1,0,1,0,0,0,1,1,2,0,1,0,0,0,0,0,0,0,0,0,0,0,0,0,0,0,1,1,2,1,1,0,0,0,0,0,0,0,2,1,0,0,0,0,0,0,0,0,2,6,2,2,1,0,0,2,3,4,1,0,1,0,0,0,0,0,1,2,3,6,5,5,2,3,0,2,3,12,4,3,3,1,1,0,1,0,3,8
487.75,1,1,0,1,0,0,0,0,0,1,4,1,0,1,1,0,0,0,0,3,1,1,0,1,1,0,0,0,0,1,0,0,0,0,0,0,0,0,0,0,2,0,0,0,0,0,0,1,1,0,0,0,0,0,0,0,0,0,0,0,1,0,1,0,0,1,0,0,0,0,7,3,2,1,1,3,1,0,5,7,2,0,0,1,2,0,0,0,2,2,0,1,0,1,0,0,0,0,0,0,18,6,4,3,1,1,0,1,6,7,0,0,2,0,0,0,0,0,0,0,0,0,0,0,0,0,0,0,0,0,1,0,0,0,0,0,0,1,0,0,0,0,0,0,0,0,0,0,1,0,2,2,1,0,0,0,0,1,0,1,6,1,3,1,1,0,0,1,1,7,1,0,0,0,0,0,0,1,0,2,16,5,2,3,2,3,0,1,8,7,9,3,7,5,0,2,1,3,3,4,3,0,0,1,0,0,0,0,0,0,1,2,0,0,0,0,0,0,2,3,4,2,2,0,0,0,0,0,3,3,0,0,0,0,0,0,0,0,0,2,1,0,0,0,0,0,0,1,0,3,0,0,0,0,0,0,0,0,0,3,2,1,0,0,0,0,0,0,0,2,1,1,0,0,1,0,0,1,0,0,6,2,4,3,2,2,0,1,2,6,1,1,1,0,0,0,0,0,2,2,7,6,2,3,0,0,0,3,3,12,7,1,0,1,2,1,0,0,1,2
488.25,0,0,0,0,0,0,0,0,0,1,0,1,1,0,1,0,0,0,0,4,2,1,2,2,1,0,0,0,0,1,0,0,0,0,0,0,0,0,0,1,2,0,1,0,0,1,0,0,1,0,0,0,0,0,0,0,0,0,0,0,1,1,0,1,0,0,0,1,0,0,5,5,1,4,0,2,0,0,1,4,1,0,1,0,0,0,0,0,0,1,0,0,0,0,0,0,0,0,0,1,12,3,1,2,1,3,1,2,5,12,0,0,0,0,0,0,0,0,0,1,0,0,0,0,0,0,0,0,0,1,0,0,0,0,0,0,0,0,0,0,0,0,0,0,0,0,0,0,1,0,1,2,1,3,0,0,0,0,0,1,5,4,6,0,2,1,0,1,1,5,0,0,0,0,0,0,0,0,0,1,9,4,8,1,1,0,0,0,3,6,12,6,5,3,2,0,0,2,5,3,2,0,1,0,0,0,0,0,0,2,3,3,4,1,0,1,0,0,1,2,2,0,1,0,0,2,0,1,1,1,2,0,0,1,0,1,0,0,1,1,0,0,3,0,0,0,1,0,1,2,0,1,0,0,0,0,0,0,0,1,1,0,2,0,0,0,0,0,0,1,0,0,1,0,0,0,0,1,0,5,9,4,2,1,2,1,0,1,7,2,1,0,0,0,0,0,0,0,0,2,8,4,1,3,1,0,4,5,3,8,2,3,4,0,1,1,1,1,2,8
488.75,0,0,1,0,0,0,0,0,0,0,3,1,0,1,1,0,0,1,5,0,4,0,0,0,0,2,0,0,0,1,0,0,1,0,0,0,0,0,0,0,0,0,0,0,0,0,1,0,0,3,0,0,0,0,0,0,0,0,0,0,1,1,0,0,0,0,0,0,0,0,5,1,5,1,0,1,0,0,2,2,0,2,3,0,1,2,0,0,0,2,1,0,0,0,0,1,0,0,0,0,8,6,5,1,1,0,0,2,5,10,0,0,0,0,0,0,0,0,0,0,0,0,0,0,0,0,0,0,0,0,0,0,0,0,0,0,0,0,0,0,2,0,0,0,0,0,0,0,2,0,2,0,0,0,0,0,0,0,2,1,4,1,1,0,0,0,0,2,1,7,0,0,1,0,0,0,0,1,0,0,15,7,8,5,3,0,0,2,2,6,12,4,3,1,2,0,0,2,2,10,1,1,0,1,0,0,0,0,1,1,8,2,1,1,0,0,0,1,3,1,3,3,1,1,1,0,1,0,2,1,0,1,1,0,0,0,0,0,0,0,4,0,0,1,2,0,0,0,0,0,1,0,1,0,0,0,0,0,0,0,1,2,0,0,0,1,0,1,1,0,0,0,0,0,0,1,1,0,0,0,5,3,3,2,1,0,0,2,1,2,2,0,0,0,0,0,0,0,1,0,10,1,2,1,1,2,0,3,4,12,2,2,5,0,0,0,0,2,3,4
489.25,1,0,0,0,0,0,0,0,0,0,4,2,1,1,0,0,1,0,0,3,3,2,0,0,0,0,0,0,3,2,0,0,0,1,0,0,0,0,0,0,0,0,1,0,0,0,0,0,0,1,0,0,0,0,0,0,0,0,0,0,2,1,0,0,0,0,0,1,0,2,11,2,2,2,0,3,0,2,4,6,1,0,0,1,1,1,0,0,0,0,0,0,0,0,0,0,0,0,0,0,14,7,6,7,1,0,0,1,9,5,0,1,0,0,0,0,0,0,0,0,0,0,0,0,0,0,0,0,0,0,0,0,0,0,0,0,0,0,0,0,2,0,0,0,0,0,0,0,0,0,0,1,0,3,0,0,0,0,2,2,7,3,2,3,2,1,1,0,1,8,0,0,0,1,0,0,0,1,1,3,12,2,4,2,2,2,0,2,4,5,15,4,6,3,2,0,1,3,5,4,0,0,1,0,0,0,0,0,1,1,4,1,2,1,1,1,0,0,0,5,4,0,0,0,1,2,0,1,0,1,1,0,0,0,0,0,0,0,1,0,3,0,0,0,0,0,0,0,0,0,0,2,1,1,0,0,0,0,2,0,0,0,0,0,1,0,0,0,0,0,1,1,0,0,0,0,0,1,0,1,9,4,2,0,0,3,0,0,0,5,2,1,0,1,0,0,0,0,1,4,7,6,2,0,1,9,0,2,3,18,2,0,3,0,0,2,1,1,1,3
489.75,1,1,0,0,0,0,0,1,2,0,0,0,2,3,0,0,0,0,2,2,4,1,0,0,0,0,0,0,1,2,0,0,0,0,0,0,0,0,0,1,1,1,0,1,0,0,0,1,1,0,0,0,0,0,0,0,0,0,0,0,1,0,1,0,0,0,0,1,1,0,4,3,0,2,1,0,0,1,1,10,1,1,1,1,0,0,0,0,2,0,0,0,0,0,0,0,0,0,0,0,5,8,2,0,2,1,0,2,7,4,2,0,1,0,0,0,0,0,0,0,0,0,0,0,0,0,0,0,0,0,0,1,0,0,0,0,0,0,0,0,0,1,0,0,0,0,0,0,0,1,1,1,1,0,0,0,0,0,1,1,3,2,2,0,1,0,1,1,2,6,1,0,0,0,0,1,0,0,3,0,10,5,3,3,3,3,0,1,6,5,9,9,6,2,3,1,1,0,6,13,1,0,0,1,1,0,0,2,0,0,1,1,1,3,1,0,0,0,0,0,3,4,1,1,0,1,0,1,1,3,0,0,1,1,3,0,0,0,2,2,2,1,0,1,0,0,0,0,1,0,1,0,0,1,0,0,0,0,1,0,2,2,0,0,0,0,0,0,1,0,0,0,0,1,0,0,0,0,1,2,1,8,1,1,1,5,0,0,5,4,0,1,0,0,0,0,0,0,0,2,14,3,3,2,0,0,0,5,7,7,6,1,0,4,1,1,0,2,2,2
490.25,0,1,0,0,0,0,0,0,0,0,2,1,0,1,2,0,0,0,1,1,1,1,1,0,1,0,0,1,1,1,0,1,0,0,0,0,0,0,0,0,2,0,0,0,0,0,0,0,2,2,0,0,0,0,0,0,0,0,0,0,1,0,0,0,0,0,0,0,1,2,1,4,4,0,0,0,1,2,5,1,1,0,0,2,0,0,0,0,0,1,0,0,0,0,0,0,0,1,0,1,4,4,5,2,2,0,0,1,4,8,0,0,0,1,0,0,0,0,0,1,0,0,0,0,0,0,0,0,0,0,0,0,0,0,0,0,0,0,0,0,1,0,0,0,0,0,0,0,0,0,0,0,0,0,0,0,0,0,2,1,8,3,2,0,1,1,1,0,1,8,2,0,1,0,0,0,0,0,0,3,11,10,4,3,1,0,0,3,4,8,6,10,3,1,4,0,0,1,2,5,0,1,0,0,0,0,0,0,0,1,2,2,1,0,1,0,0,0,3,3,3,3,5,1,4,1,0,0,4,3,2,0,0,0,1,2,0,0,0,3,0,0,1,0,0,0,0,0,0,0,0,0,0,0,0,0,0,0,1,0,0,0,0,0,1,0,0,0,2,0,2,1,0,0,0,0,1,0,0,1,3,3,2,3,3,0,0,2,8,6,1,2,1,0,0,1,0,0,0,3,6,12,4,0,1,0,1,2,3,10,4,1,0,2,1,0,0,0,1,3
490.75,0,0,0,0,0,0,0,0,1,1,2,0,0,0,0,1,0,0,2,1,3,0,2,1,0,0,0,0,1,0,0,0,0,0,0,0,0,0,0,0,2,1,0,0,2,0,0,0,0,1,0,0,0,0,0,0,0,0,0,0,2,0,2,0,0,1,0,0,1,1,7,1,2,2,1,1,0,2,4,7,1,0,0,0,1,0,0,1,0,1,0,0,0,1,0,0,0,0,0,0,9,5,1,4,2,0,1,1,4,6,1,0,0,1,0,0,0,0,0,1,0,0,0,0,0,0,0,0,0,0,0,0,0,0,0,0,0,0,0,0,0,0,0,0,0,0,0,0,1,0,0,0,1,0,0,0,0,0,2,1,1,5,5,2,0,0,0,1,1,6,1,0,1,1,0,0,0,0,0,1,20,10,6,2,3,3,0,0,6,10,13,6,2,2,1,3,0,2,7,6,4,0,1,0,0,0,0,0,0,3,3,1,2,0,0,0,0,0,1,1,3,0,1,1,1,1,0,0,2,3,1,1,0,0,0,0,0,0,0,1,2,2,0,0,0,1,0,0,1,0,1,0,0,1,0,0,0,0,0,0,2,2,0,0,0,0,0,0,1,1,0,2,0,0,0,1,0,0,0,0,6,4,4,1,2,0,0,2,2,7,0,0,3,0,1,0,0,0,0,1,10,3,7,3,1,0,0,1,8,10,4,4,3,0,0,1,0,1,1,3
491.25,1,0,0,0,0,0,0,0,0,0,0,1,1,0,0,0,0,2,0,4,2,0,1,0,0,0,0,1,1,1,0,0,0,0,0,0,0,0,0,0,0,3,2,0,0,0,0,0,2,1,0,0,0,0,0,0,0,0,0,0,1,0,0,0,1,0,0,0,0,0,6,5,1,2,3,0,0,0,0,4,0,1,1,0,2,2,0,0,2,3,1,0,1,0,0,0,0,0,0,1,3,7,6,0,3,1,0,3,2,11,1,0,0,0,0,0,0,0,0,0,0,0,0,0,0,0,0,0,0,0,0,0,0,0,0,0,0,0,0,0,1,1,0,0,0,0,0,0,0,0,1,1,1,0,0,0,0,2,1,1,8,1,0,1,2,1,0,0,5,6,0,1,0,0,0,0,0,0,1,1,15,8,4,2,4,3,0,2,7,8,8,6,0,3,0,1,0,1,7,4,0,0,1,2,0,1,0,0,1,2,4,4,2,2,0,0,0,0,0,3,3,1,1,2,1,1,0,0,0,7,0,1,0,0,0,0,0,0,0,1,2,2,0,0,0,0,1,0,3,2,2,0,0,1,0,0,0,0,0,0,1,0,0,0,0,0,0,0,3,0,2,1,0,0,0,0,0,0,0,2,6,5,0,2,0,0,1,0,3,4,1,2,0,0,1,0,0,0,1,4,14,3,2,1,1,1,0,1,5,8,3,1,1,4,2,0,0,1,2,2
491.75,0,2,1,0,1,0,0,0,0,0,4,0,0,1,0,1,0,0,1,3,2,3,0,1,1,0,0,3,1,1,0,0,0,0,0,0,0,0,0,0,1,0,2,0,0,0,0,0,0,2,0,0,0,0,0,0,0,0,0,0,0,0,1,0,0,0,0,0,1,0,5,4,1,0,0,1,0,1,5,7,0,0,2,1,0,0,0,1,1,3,0,0,0,1,1,0,0,1,0,0,8,0,2,2,0,1,1,1,5,9,0,0,0,0,0,0,0,0,0,1,0,0,0,0,0,0,0,0,0,0,0,0,0,0,0,0,0,0,0,0,3,0,0,1,1,0,0,0,0,0,2,0,1,0,0,0,0,0,0,0,5,5,0,0,0,0,0,2,1,8,1,0,0,0,1,0,0,0,0,4,11,8,4,7,4,2,0,1,8,4,6,3,6,0,3,3,0,1,3,8,1,0,0,0,0,0,0,0,0,1,5,6,1,0,0,1,0,0,2,5,3,0,2,0,0,0,0,0,3,3,1,0,1,0,0,0,0,1,1,0,0,0,0,1,0,0,0,0,0,3,2,0,0,0,0,0,0,0,0,0,1,1,2,0,0,0,0,0,0,1,0,0,0,0,0,0,0,0,1,1,3,3,2,2,0,2,0,0,5,6,0,0,0,0,0,1,0,0,2,1,8,3,4,0,2,0,1,2,3,11,1,4,1,1,0,1,0,1,2,4
492.25,0,0,0,0,0,0,0,0,0,1,1,1,0,0,1,3,0,0,0,2,1,2,2,1,0,0,0,0,2,1,0,0,0,0,0,0,0,0,0,0,1,1,0,0,0,1,0,1,2,2,0,0,0,0,0,0,0,0,0,0,0,3,1,0,0,0,0,0,1,0,4,4,2,1,0,0,1,1,1,7,1,1,1,0,0,0,0,0,1,1,0,0,0,0,0,0,0,0,0,0,3,5,9,2,4,3,0,0,3,3,0,0,1,0,0,0,0,0,0,0,0,0,0,0,0,0,0,0,0,0,0,0,0,0,0,0,0,0,0,0,0,1,2,0,0,0,0,0,0,1,4,0,0,0,0,0,0,0,0,2,2,2,1,3,2,1,0,2,2,5,1,0,0,0,1,1,0,0,0,0,13,9,3,1,2,5,0,2,10,7,8,2,3,2,1,1,0,2,3,6,1,1,1,2,0,0,0,0,0,1,2,3,1,1,0,0,0,0,2,3,2,2,2,1,0,0,0,1,2,4,2,0,0,0,0,0,0,0,0,2,1,1,1,0,1,0,0,1,0,0,0,2,0,0,0,0,0,0,0,0,1,1,0,1,0,0,0,0,0,0,0,0,0,0,0,0,0,1,0,0,3,1,3,1,1,0,0,2,7,3,2,0,0,1,1,0,0,0,0,1,9,1,10,4,0,1,0,2,3,7,3,2,1,0,0,1,0,0,1,5
492.75,2,0,0,0,0,0,0,0,0,0,1,0,4,0,1,0,1,0,0,1,2,2,1,1,0,1,1,0,2,1,0,0,0,0,0,0,0,0,0,0,1,3,1,0,0,0,0,0,1,1,0,0,0,0,0,0,0,0,0,0,2,1,0,1,0,0,0,0,0,0,4,5,5,0,1,1,0,1,5,2,3,0,0,0,0,1,0,1,1,1,0,0,0,0,0,0,0,0,0,0,10,4,4,3,1,2,1,1,1,8,0,0,0,0,0,0,0,0,0,0,0,0,0,0,0,0,0,0,0,0,0,0,0,0,0,0,0,0,0,0,0,0,0,0,0,0,0,0,0,0,2,0,0,1,0,0,0,0,0,4,2,0,1,0,1,0,1,1,0,7,1,1,1,0,0,0,0,0,1,1,13,4,2,3,1,3,0,1,3,8,9,7,2,3,2,1,1,1,4,5,0,0,2,0,0,0,0,0,0,2,2,1,1,1,0,2,0,0,1,3,5,0,1,2,0,4,0,1,1,3,1,0,0,0,0,1,0,0,0,0,2,0,0,1,0,0,0,0,0,0,1,0,0,0,0,0,0,0,1,0,2,0,0,0,0,0,0,0,0,0,1,0,1,0,0,0,0,0,1,0,1,1,3,5,0,1,0,1,1,9,2,2,0,0,2,0,0,0,0,4,6,5,6,2,1,0,0,0,6,8,4,2,1,0,0,0,0,0,0,5
493.25,0,0,0,0,0,0,0,0,0,0,3,1,3,0,0,1,0,0,0,2,2,1,1,0,0,0,0,1,1,2,0,0,0,0,0,0,0,0,0,0,1,0,0,0,0,0,0,0,2,3,0,0,0,0,0,0,0,0,0,0,1,0,1,0,0,0,0,0,0,2,9,4,5,1,3,1,0,0,3,4,0,1,1,0,0,0,0,0,4,0,0,0,0,0,0,0,0,0,0,0,12,7,4,1,1,3,0,1,6,4,0,0,1,0,0,0,0,0,0,0,0,0,0,0,0,0,0,0,0,0,0,0,0,0,0,0,0,0,0,0,0,0,0,0,1,0,0,0,0,0,1,2,0,0,0,0,0,1,1,2,3,3,3,0,0,1,0,1,4,6,0,1,0,0,1,0,0,1,0,0,8,11,4,0,1,3,0,0,6,8,9,6,1,5,2,4,0,0,4,7,3,0,1,0,0,0,0,0,0,1,5,1,1,1,1,0,0,1,4,5,3,1,2,1,0,1,1,1,2,3,2,3,0,0,0,0,0,0,0,0,2,0,2,1,0,0,0,0,3,1,0,1,0,0,0,0,0,0,0,0,1,1,0,0,1,0,0,1,4,0,0,2,0,0,1,0,0,0,0,1,5,1,3,0,1,1,0,1,1,9,4,1,0,0,0,0,1,1,1,1,8,8,2,2,1,2,0,4,6,10,6,3,2,2,1,0,0,1,2,8
493.75,1,0,0,0,0,0,0,0,0,1,3,1,0,1,0,0,0,1,1,3,1,1,2,0,0,0,0,1,1,6,0,0,0,0,0,0,0,0,0,0,2,0,2,1,0,0,0,1,1,2,0,0,0,0,0,0,0,0,0,0,1,0,1,0,0,0,0,0,0,2,11,5,2,1,3,1,0,0,4,5,3,0,0,2,0,0,0,0,1,1,0,0,0,0,0,0,0,0,0,0,13,6,3,0,3,4,0,1,7,5,0,0,0,1,0,0,0,0,0,1,0,0,0,0,0,0,0,0,0,0,0,0,0,0,0,0,0,0,0,0,0,0,1,1,0,1,0,0,0,0,0,4,0,0,0,0,0,0,0,0,7,2,3,0,1,2,0,0,2,1,1,0,0,0,0,0,0,0,0,5,13,5,7,3,1,1,0,1,7,9,7,4,10,6,2,1,2,0,3,5,0,0,1,0,1,0,0,0,1,0,1,1,0,1,1,1,0,0,1,1,1,2,2,1,1,0,0,1,0,4,1,3,1,0,0,0,0,0,2,2,0,1,0,1,1,1,0,0,0,1,0,0,1,0,0,0,0,0,0,0,1,0,0,0,0,0,0,0,0,0,2,0,0,0,0,0,0,1,0,2,5,7,1,0,1,0,0,0,8,5,2,1,1,0,0,2,0,1,0,3,12,4,7,5,1,1,0,4,5,7,3,1,5,1,0,0,0,1,4,3
494.25,0,0,0,0,0,0,0,0,0,0,4,1,1,0,1,0,0,0,1,2,2,2,0,1,1,0,1,0,0,2,0,0,0,0,0,0,0,0,0,0,2,1,1,0,1,0,0,0,0,1,0,0,0,0,0,0,0,0,0,0,3,1,1,0,0,1,0,0,1,2,3,4,0,1,2,1,0,0,8,6,1,0,0,0,0,2,0,1,0,1,0,0,1,0,0,0,0,0,0,1,11,3,4,3,5,5,0,0,4,5,0,0,0,0,0,0,0,0,0,1,0,0,0,0,0,0,0,0,0,0,1,0,0,0,0,0,0,0,0,0,1,0,1,0,0,0,0,0,0,1,3,0,0,0,0,0,0,2,2,0,4,1,2,0,0,0,0,0,2,5,0,0,0,0,0,1,0,1,1,2,11,7,4,2,0,0,0,1,6,6,7,3,3,3,1,2,1,1,2,1,1,3,0,1,0,0,0,0,0,0,1,2,0,0,0,0,0,0,3,0,2,0,1,1,0,0,0,0,0,7,2,0,0,0,1,0,0,0,0,0,0,1,0,0,0,0,0,1,1,1,0,0,0,0,0,0,0,0,0,1,2,1,1,0,1,0,0,0,1,0,0,1,0,0,0,0,0,0,0,0,5,3,2,0,2,3,0,2,6,4,1,0,0,1,0,1,0,0,1,1,13,6,4,2,3,0,1,0,2,8,5,2,2,0,1,1,0,1,0,6
494.75,0,0,2,1,0,0,0,0,1,0,0,2,3,0,1,0,0,0,1,7,3,1,0,1,0,2,0,0,2,2,0,0,0,0,0,0,0,0,1,0,2,0,0,0,0,0,0,2,0,3,0,0,0,0,0,0,0,0,0,0,0,0,0,0,1,0,0,0,1,1,3,2,1,1,1,2,0,0,4,3,1,2,0,0,0,0,0,0,0,2,0,0,0,0,0,0,0,0,0,0,11,5,2,0,2,0,0,1,4,7,1,1,0,0,0,0,0,0,0,2,0,0,0,0,0,0,0,0,0,0,0,1,0,0,0,0,0,0,0,1,2,0,1,0,0,0,0,0,0,2,2,1,1,0,0,0,0,0,1,3,5,1,3,4,3,0,0,1,1,8,0,0,0,0,0,1,0,0,1,0,13,3,5,3,2,2,1,3,8,8,12,3,7,1,1,1,0,0,4,2,0,0,0,1,1,0,0,0,1,1,4,2,2,0,0,0,0,0,1,0,1,2,1,1,1,0,1,0,4,5,0,0,0,0,1,0,0,0,0,1,0,3,0,0,0,0,0,0,0,4,2,0,0,0,0,0,0,0,0,0,0,1,1,0,0,1,0,0,0,0,3,0,1,0,0,0,0,0,1,1,4,3,3,1,1,0,0,0,2,9,1,2,0,0,0,0,0,0,2,1,6,5,2,2,4,0,0,0,8,8,4,3,2,3,3,1,0,1,4,3
495.25,1,0,0,0,0,0,0,0,0,0,4,2,1,2,0,1,0,0,3,0,2,0,1,1,0,0,0,1,0,0,0,0,0,0,0,0,0,0,0,0,2,1,0,0,0,0,0,1,0,0,0,0,0,0,0,0,0,0,0,0,0,0,1,0,0,0,0,0,0,1,8,5,4,0,1,2,0,0,3,8,1,0,0,0,0,0,0,0,0,1,0,0,0,0,0,0,0,0,0,0,9,4,4,2,1,3,0,0,2,7,0,0,0,0,0,0,1,0,1,0,0,0,0,0,0,0,0,0,0,0,0,0,0,0,0,0,0,0,0,0,3,0,0,0,0,0,0,0,1,0,1,0,2,2,0,0,0,0,1,1,9,3,2,0,1,3,0,0,3,6,0,0,0,0,0,1,0,0,0,0,17,7,9,4,2,4,1,1,2,18,10,4,11,3,2,3,0,0,7,9,2,1,1,0,0,0,0,1,1,0,3,2,0,0,0,1,0,0,2,6,2,0,0,0,0,1,0,0,5,2,0,0,1,0,0,0,0,0,0,0,2,0,0,0,0,0,0,0,0,0,0,0,0,1,0,0,0,0,0,0,0,2,1,0,0,0,0,0,0,2,1,2,0,0,1,0,0,0,0,1,7,2,1,2,0,3,0,2,4,4,0,2,1,0,0,0,1,0,2,1,14,4,3,1,2,0,1,0,5,6,6,1,1,0,1,0,0,3,1,6
495.75,0,0,1,1,0,0,0,0,0,0,1,4,2,1,0,0,0,1,0,1,5,3,0,2,0,0,0,1,0,1,0,0,0,0,0,0,0,0,0,0,0,0,0,1,1,0,0,0,0,1,0,0,0,0,0,0,0,0,0,0,1,0,1,0,0,0,0,0,0,0,3,2,3,1,3,3,0,1,2,6,0,1,0,0,0,0,0,0,0,1,0,0,0,1,0,0,0,0,0,0,13,4,2,1,0,0,0,1,4,7,0,0,0,0,0,0,0,0,0,0,0,0,0,0,0,0,0,0,0,0,0,0,0,0,0,0,0,0,0,0,0,1,0,0,0,0,0,0,0,0,2,1,1,1,0,0,0,0,1,1,10,4,2,1,2,1,0,2,5,10,1,0,0,0,0,0,0,0,0,0,17,10,6,2,1,0,0,1,5,7,10,3,5,2,0,1,0,0,5,9,2,2,1,0,0,1,0,0,0,0,1,1,3,2,1,0,0,1,1,5,0,1,4,1,1,0,0,1,0,3,1,2,0,0,0,0,0,0,1,1,2,2,0,0,0,2,0,1,1,2,1,0,0,0,0,0,0,0,0,0,0,1,0,0,1,0,0,0,0,1,2,1,0,0,0,0,0,0,1,1,5,3,1,1,0,1,0,1,5,5,1,0,1,0,0,0,0,2,2,3,13,6,3,4,2,2,0,1,3,6,6,2,2,1,1,2,0,1,2,2
496.25,1,0,0,0,0,0,0,0,1,0,13,3,0,0,0,0,1,0,1,3,2,2,6,0,1,0,0,0,4,2,0,0,0,0,0,0,0,0,0,0,2,1,1,0,1,0,0,0,1,0,0,0,0,0,0,0,0,0,0,0,2,0,0,0,0,0,0,0,0,3,12,4,0,2,0,1,0,1,5,6,0,1,1,0,1,0,1,0,1,5,0,0,0,0,0,0,0,0,0,1,10,5,5,4,0,1,0,0,5,6,0,0,0,0,0,0,0,0,0,0,0,0,0,0,0,0,0,0,0,1,1,0,0,0,0,0,0,0,1,0,0,0,0,1,0,0,0,0,0,0,1,2,1,0,0,0,0,0,0,0,5,2,2,1,1,1,1,1,1,5,1,1,0,0,0,0,0,0,0,2,9,14,9,3,3,1,0,2,6,3,14,4,2,1,4,1,0,0,3,6,6,1,0,1,1,0,0,0,0,1,9,2,1,0,1,0,0,0,4,0,3,1,1,0,0,0,0,3,1,5,1,1,0,1,0,0,0,0,2,0,1,2,0,2,0,0,0,0,2,0,2,0,0,0,0,0,0,0,1,2,0,1,0,0,0,0,0,0,0,2,2,0,1,0,0,0,0,0,2,0,3,2,6,2,2,1,0,0,6,6,2,1,1,0,2,0,0,0,0,1,13,2,4,3,6,3,1,1,3,11,4,2,1,3,0,0,0,1,2,3
496.75,1,0,0,0,0,0,0,0,1,0,4,3,3,0,1,1,0,0,1,0,2,0,0,2,1,0,0,0,1,3,0,0,0,0,0,0,0,0,0,1,3,0,0,0,0,1,0,0,0,1,0,0,0,0,0,0,0,0,0,0,3,1,1,0,0,0,0,2,0,0,5,9,3,2,1,0,0,0,3,4,1,1,0,0,0,0,0,0,0,0,0,0,0,0,0,0,0,0,0,0,11,8,6,0,3,0,1,1,7,8,1,0,0,0,0,0,0,0,0,0,0,0,0,0,0,0,0,0,0,0,0,0,1,0,0,0,0,0,0,0,1,2,1,0,0,0,0,0,0,0,1,1,1,0,0,0,0,1,0,1,8,2,1,1,2,0,1,1,5,6,3,1,0,2,0,0,0,0,0,0,19,5,5,6,0,1,0,0,9,9,14,3,2,5,1,3,0,1,2,13,2,1,0,0,0,3,0,0,0,1,3,0,2,1,2,2,0,1,2,4,2,2,2,0,0,1,0,1,1,3,0,1,1,0,0,0,0,0,0,0,2,2,1,0,0,0,0,0,1,1,0,1,1,0,0,0,0,0,1,3,2,0,0,2,0,1,0,0,1,2,1,0,0,1,0,0,0,0,1,0,3,0,2,1,0,2,0,3,2,4,2,1,1,0,0,0,0,1,2,2,10,8,1,3,2,1,0,2,4,7,2,1,1,1,0,2,0,0,1,6
497.25,0,0,0,1,0,0,0,0,0,0,2,2,1,1,0,0,0,1,4,3,5,0,0,1,1,3,0,1,0,2,1,0,0,0,0,0,0,0,0,0,5,1,2,1,0,4,0,0,1,0,0,0,0,0,0,0,0,0,0,0,0,0,2,2,0,0,0,0,0,0,6,3,0,1,0,2,0,1,1,7,2,1,1,0,0,0,0,0,0,0,0,0,0,0,0,0,0,0,0,0,14,3,1,3,0,0,0,2,9,7,0,0,1,0,0,0,0,0,0,1,0,0,0,0,0,0,0,0,0,0,0,0,0,0,0,0,0,0,0,0,2,1,0,0,0,0,0,0,0,0,3,1,0,0,0,0,0,0,0,1,1,2,2,0,0,2,0,0,2,4,1,2,0,0,0,0,0,1,0,0,19,9,5,4,0,2,0,2,11,6,9,7,4,5,2,1,1,2,2,9,2,1,1,1,0,0,0,0,1,1,1,2,3,1,1,0,0,0,2,4,3,2,1,0,0,1,0,1,2,4,0,0,0,0,0,0,0,0,1,1,2,1,1,0,0,0,0,0,4,0,1,0,2,0,0,0,0,0,0,0,1,0,1,0,0,1,0,1,2,0,1,0,0,0,0,0,0,0,0,1,1,3,1,2,0,0,0,1,2,3,3,2,0,0,0,0,0,1,0,0,15,3,7,2,2,4,0,1,6,12,5,2,3,1,1,2,0,1,0,2
497.75,0,0,2,0,0,0,0,0,0,0,5,2,0,1,1,0,0,1,0,0,3,2,1,0,0,0,0,0,0,3,0,0,0,0,0,0,0,0,0,1,3,0,0,0,1,0,0,0,0,2,0,0,0,0,0,0,0,0,0,0,0,1,0,2,2,0,0,0,1,1,6,2,0,1,1,0,0,0,4,4,1,0,0,0,0,0,0,0,1,2,0,0,0,0,0,0,0,0,0,0,7,9,4,1,0,2,0,3,4,2,0,0,0,0,0,0,0,0,0,0,0,0,0,0,0,0,0,0,0,0,0,0,0,0,0,0,0,0,1,0,3,1,2,1,0,0,0,0,0,0,1,1,2,0,1,0,0,0,2,2,3,5,1,2,1,1,0,2,5,11,0,0,1,0,0,0,0,0,0,1,14,9,4,4,2,2,0,2,12,5,13,4,4,2,0,1,0,1,2,3,2,1,0,0,0,0,0,0,2,1,3,0,2,2,1,1,0,0,1,1,6,0,4,1,1,2,1,0,2,0,4,1,0,1,0,0,0,2,1,1,1,0,1,0,0,0,0,0,2,1,1,0,0,1,0,0,0,0,0,0,0,0,0,0,0,0,0,0,0,3,2,1,0,0,0,0,0,0,1,2,5,3,3,3,0,0,1,1,2,9,1,5,1,0,0,0,0,0,0,1,16,7,4,4,4,4,0,2,5,7,5,2,0,0,0,0,0,0,5,3
498.25,0,0,0,0,0,0,0,0,0,0,7,2,3,1,1,0,0,0,1,4,2,0,0,4,0,0,0,0,1,1,0,0,0,0,0,0,0,0,0,0,1,0,2,0,0,0,0,0,0,1,0,0,0,0,0,0,0,0,0,0,2,0,0,1,1,0,0,0,0,0,4,1,1,2,1,1,0,3,4,7,2,1,1,0,1,0,0,0,2,1,0,0,0,0,0,0,0,0,0,1,12,4,4,3,2,5,0,2,2,7,1,1,0,0,0,0,0,0,0,2,0,0,0,0,0,0,0,0,0,0,0,0,0,0,0,0,0,0,0,0,4,0,0,0,0,0,0,0,0,0,2,2,1,0,0,0,0,0,1,1,11,4,1,3,1,1,0,3,2,6,1,0,0,0,0,0,0,0,2,1,16,6,8,0,1,2,0,1,9,17,22,6,5,0,2,0,0,3,4,3,3,1,1,0,0,0,0,0,0,0,2,1,3,0,0,0,0,0,3,4,8,1,1,1,1,0,0,0,1,1,0,0,1,1,0,0,0,0,1,0,1,0,1,0,0,0,0,0,0,1,0,1,0,0,0,0,0,0,0,0,2,0,0,0,0,0,0,0,1,1,0,1,1,0,0,0,0,0,0,0,2,1,1,2,0,0,1,1,1,10,3,0,1,1,1,2,0,0,1,1,11,2,3,2,0,1,0,3,4,16,5,1,3,1,1,0,0,2,0,9
498.75,0,0,0,1,0,0,0,0,0,1,5,2,2,0,3,0,0,2,4,2,0,2,0,0,0,0,1,0,1,1,0,0,0,0,0,0,0,0,0,0,2,2,1,2,0,0,1,1,0,0,0,0,0,0,0,0,0,0,0,0,0,0,0,0,0,1,0,0,3,0,4,6,0,2,0,2,0,1,4,6,3,1,0,1,0,1,0,0,1,0,0,0,0,0,0,0,0,0,0,1,10,8,3,1,1,3,1,1,1,9,2,0,0,2,0,0,0,0,1,0,0,0,0,0,0,0,0,0,0,0,0,0,0,0,0,0,0,0,0,0,2,0,0,0,0,1,0,0,1,1,3,0,0,0,1,0,0,0,1,2,6,0,1,0,0,2,0,0,3,8,0,2,1,0,0,0,0,0,0,1,10,8,6,2,1,1,0,1,11,5,13,7,7,1,0,1,0,1,4,10,1,1,0,1,0,0,0,1,0,1,5,2,1,0,0,1,0,0,1,4,2,2,3,0,2,0,1,0,4,3,0,0,0,0,0,1,0,0,2,1,1,0,2,0,0,0,1,0,1,3,3,1,0,0,0,0,0,0,0,4,1,0,0,1,0,0,0,0,0,0,0,1,0,0,0,0,0,0,0,0,3,2,5,0,1,0,0,0,2,4,0,1,0,0,1,0,0,0,1,0,11,7,7,0,0,4,0,0,2,6,5,0,2,1,0,0,0,1,2,1
499.25,0,0,0,0,0,0,0,0,0,0,2,2,0,0,2,1,0,0,4,4,1,2,0,0,0,0,0,0,2,0,0,0,0,0,0,0,0,0,0,0,2,2,0,0,1,0,0,0,0,2,0,0,0,0,0,0,0,0,0,0,1,0,0,0,0,1,0,0,0,1,7,2,0,2,0,1,1,0,4,7,1,1,0,0,0,0,0,0,0,3,1,0,0,0,0,0,0,0,0,0,14,6,1,1,1,0,0,2,7,7,0,0,0,0,0,0,0,0,0,0,0,0,0,0,0,0,0,0,0,0,0,0,0,0,0,0,0,0,0,0,2,0,0,0,0,0,0,0,1,1,3,0,0,1,0,0,0,0,3,2,7,3,6,0,2,1,0,1,0,2,1,0,1,1,0,0,0,0,1,0,14,7,4,7,4,2,0,3,5,7,26,5,4,3,1,0,0,1,8,3,1,0,1,0,2,0,0,0,0,3,2,0,1,1,0,0,0,1,1,2,6,1,0,2,1,1,1,0,0,4,0,0,0,0,0,0,0,0,0,2,0,0,0,0,1,0,0,0,0,0,0,0,1,0,0,0,0,1,0,0,0,0,0,0,0,1,0,1,1,0,0,0,1,0,0,0,1,0,1,1,11,6,2,2,0,1,0,1,3,7,4,0,1,0,0,0,0,0,1,1,13,7,4,1,0,4,0,1,6,3,5,4,1,2,3,0,0,0,3,5
499.75,2,0,0,0,0,0,0,0,0,1,5,5,0,1,0,2,0,0,5,4,2,1,1,0,0,0,0,0,1,2,0,0,0,0,0,0,0,0,0,0,1,0,0,0,0,0,0,0,1,4,0,0,0,0,0,0,0,0,0,0,1,1,0,0,1,0,0,0,0,1,7,2,2,1,1,0,0,1,3,7,0,1,2,0,0,0,0,1,1,0,0,0,0,0,0,0,0,0,0,0,11,3,7,2,1,2,0,3,6,5,1,1,0,0,0,0,0,0,0,0,0,0,0,0,0,0,0,0,0,0,0,0,0,0,0,0,0,0,0,0,1,1,2,1,0,0,0,0,0,0,3,1,0,0,0,1,0,2,1,3,9,2,3,0,1,3,0,0,1,5,0,1,1,0,0,0,0,0,1,3,19,8,8,5,2,1,0,2,5,8,14,5,6,3,3,5,1,1,7,10,1,2,1,0,0,0,0,0,2,1,2,4,1,1,2,1,1,1,0,4,5,3,2,1,1,0,0,0,0,1,0,0,2,0,0,1,0,0,2,1,1,1,1,0,2,0,0,0,0,2,0,1,0,0,0,0,0,0,0,2,1,0,0,0,0,0,0,1,0,2,3,1,0,1,1,0,1,0,0,1,6,0,0,1,1,0,0,0,2,4,1,2,1,0,0,0,1,0,4,2,10,6,3,3,0,2,0,5,6,9,1,4,1,0,0,2,0,0,1,3
500.25,0,0,0,0,0,0,0,0,0,0,6,1,1,2,0,1,0,0,2,3,3,0,3,0,0,0,0,0,0,0,0,0,0,0,0,0,0,0,0,1,2,2,0,1,0,0,0,0,0,0,0,0,0,0,0,0,0,0,0,0,4,0,0,0,0,0,0,0,0,1,6,5,5,0,0,0,0,0,1,5,1,1,0,0,2,0,0,1,0,0,0,1,0,0,0,0,0,0,0,2,12,4,6,4,1,2,1,2,6,11,0,0,0,0,0,0,0,0,0,1,0,0,0,0,0,0,0,0,0,0,0,0,0,0,0,0,0,0,0,0,1,1,0,0,0,0,0,0,1,0,3,2,2,0,1,1,0,0,1,0,5,8,2,2,0,1,0,0,3,8,1,0,1,0,0,0,0,0,0,1,17,7,3,3,4,2,0,1,6,12,14,8,6,4,3,1,1,2,6,12,1,1,0,1,0,0,0,0,0,3,3,1,0,1,0,1,0,1,0,0,2,9,0,2,0,1,0,2,0,1,1,1,1,0,0,1,1,1,1,0,1,0,0,2,0,0,0,0,0,0,2,1,1,0,0,0,0,0,0,1,0,0,0,0,0,0,0,0,2,3,0,0,2,0,0,0,0,0,0,0,8,3,3,1,0,0,0,0,3,3,3,2,0,0,0,1,0,0,2,1,8,2,7,3,4,0,0,3,11,7,5,3,1,1,2,1,0,3,0,1
500.75,0,0,0,0,0,0,0,1,0,0,3,3,3,1,0,0,0,0,5,3,1,1,0,0,1,0,0,0,0,3,0,0,0,0,0,0,0,0,0,0,2,2,1,1,2,0,0,0,1,1,0,0,0,0,0,0,0,0,0,0,0,0,0,0,0,0,0,0,0,1,9,5,2,0,2,2,0,1,2,2,0,1,1,0,0,0,0,1,4,0,0,0,0,0,0,0,0,0,0,1,14,7,5,2,3,0,0,0,8,8,1,0,0,0,0,0,0,0,0,0,0,0,0,0,0,0,0,0,0,0,0,0,0,0,0,0,0,0,0,0,2,0,2,0,1,0,0,0,0,0,0,2,1,1,0,0,0,0,0,1,6,4,1,1,0,0,0,0,5,5,3,1,2,0,0,0,0,0,2,0,18,6,7,5,3,0,1,0,6,6,16,8,14,2,4,0,1,2,11,4,0,1,0,0,0,0,0,0,1,2,2,2,2,0,1,0,0,1,0,6,2,3,4,0,1,1,0,0,2,4,1,0,0,0,0,0,0,0,2,2,1,2,0,0,0,0,0,0,1,1,1,1,0,0,0,0,0,0,1,0,0,1,0,0,0,1,0,1,0,0,3,0,1,0,0,1,0,0,2,0,10,3,4,1,3,0,0,0,1,4,0,2,0,0,1,0,0,0,0,1,9,9,4,2,2,1,1,1,5,9,4,1,4,0,0,0,1,3,1,5
501.25,0,0,0,1,0,0,0,0,0,0,1,2,3,0,0,0,0,0,2,0,3,0,1,1,0,0,0,0,2,4,0,1,0,0,0,0,0,0,0,0,0,1,0,0,0,1,0,0,2,0,0,0,0,0,0,0,0,0,0,0,2,0,0,0,0,0,0,0,0,0,8,1,2,0,3,1,1,1,5,1,1,0,0,0,1,1,0,0,0,3,0,0,0,0,0,1,0,0,1,0,18,16,9,1,3,0,1,0,4,8,0,1,0,0,0,0,0,0,0,0,0,0,0,0,0,0,0,0,0,0,0,0,0,0,0,0,0,0,0,0,1,2,0,0,0,0,0,0,2,0,1,0,0,1,1,0,0,0,0,2,7,4,3,3,2,1,0,1,3,8,0,0,0,0,0,0,0,1,0,0,14,4,5,5,2,5,0,1,4,15,15,9,5,3,4,1,0,1,6,5,4,0,0,0,0,0,0,0,0,1,3,2,0,1,0,1,0,1,1,1,10,0,0,1,1,0,0,0,1,3,0,0,0,0,0,0,0,0,0,0,1,2,0,0,0,1,0,0,0,1,2,0,1,1,1,0,0,0,0,2,0,0,1,0,0,0,0,0,0,1,1,0,1,0,0,0,0,0,0,0,4,4,2,2,1,2,0,2,4,6,2,2,0,0,0,2,0,0,1,0,15,4,6,3,2,2,0,2,5,5,5,1,2,1,1,0,0,1,1,1
501.75,2,0,0,0,0,0,0,0,0,1,4,3,2,2,1,2,0,0,3,2,3,0,0,0,1,0,0,0,1,3,0,0,0,0,0,0,0,0,0,0,0,1,1,0,0,1,0,0,1,2,0,0,0,0,0,0,0,0,0,0,0,0,2,0,0,0,0,0,0,0,2,1,1,4,1,2,0,0,3,4,1,0,0,0,0,0,0,1,1,2,0,0,0,0,0,0,0,0,0,0,14,8,8,2,3,3,0,1,7,4,1,0,0,0,0,0,0,0,0,1,0,0,0,0,0,0,0,0,0,0,0,0,0,0,0,0,0,0,0,0,2,0,0,1,0,0,1,1,0,0,1,2,1,0,2,0,0,0,1,1,4,1,1,3,0,2,0,1,3,2,1,0,0,0,1,0,0,0,0,2,20,5,8,5,3,1,1,1,1,9,12,5,4,1,1,0,0,1,4,7,1,0,1,0,0,1,0,0,1,2,7,0,1,1,0,0,0,1,3,3,4,2,0,0,3,1,0,1,2,3,0,1,0,1,0,0,0,1,0,3,2,1,0,0,1,0,0,0,0,1,0,2,0,1,0,1,0,0,0,0,0,0,1,0,0,0,0,0,0,1,1,2,1,0,0,0,0,0,2,1,3,3,1,2,0,0,0,2,2,3,3,2,0,1,0,1,0,1,1,0,13,6,4,5,2,0,0,0,6,7,7,3,3,0,0,2,0,1,4,7
502.25,0,0,0,0,0,0,0,0,0,0,5,3,2,0,2,0,1,0,4,2,2,1,1,0,0,1,0,0,1,2,0,0,0,0,0,0,0,0,0,0,4,1,0,0,0,0,0,0,4,1,0,0,0,0,0,0,0,0,0,0,2,0,0,1,0,0,0,0,0,0,10,3,3,0,0,1,0,0,2,3,1,0,0,0,0,1,0,1,2,0,1,0,0,0,0,0,0,0,0,0,14,5,6,1,3,2,0,2,7,7,0,1,1,0,0,0,0,0,1,2,0,0,0,0,0,0,0,0,0,0,0,0,0,0,0,0,0,0,0,0,1,1,0,1,0,0,0,0,1,1,1,2,1,0,0,0,0,0,5,1,5,2,5,2,0,1,0,1,2,2,1,0,0,1,0,0,0,2,0,0,19,6,5,5,2,2,1,2,6,8,23,6,5,3,3,1,0,1,7,9,3,2,0,1,0,0,0,0,1,1,3,2,3,0,1,0,0,2,1,1,8,1,2,1,0,3,0,2,1,2,0,0,0,0,0,0,1,0,0,3,1,1,0,0,1,0,0,0,1,0,3,0,0,0,0,0,0,0,0,0,0,1,0,1,1,0,0,0,0,0,0,0,0,0,1,0,0,0,1,0,4,3,1,1,1,1,0,0,5,4,1,0,0,0,0,0,0,1,1,0,8,6,4,1,3,1,0,0,7,11,5,2,3,0,0,1,1,2,1,0
502.75,2,1,0,0,0,0,0,0,0,1,2,5,0,2,0,1,0,1,1,0,2,2,0,0,0,2,0,0,0,2,1,0,0,0,0,0,0,0,0,0,2,1,1,1,0,0,0,2,0,0,0,0,0,0,0,0,0,0,0,0,2,0,1,1,0,0,0,0,1,2,4,4,3,1,0,2,0,1,6,4,2,1,1,1,0,0,1,1,0,1,0,0,1,0,0,0,0,0,0,0,13,11,7,6,3,2,0,3,11,3,1,1,0,0,0,0,0,0,0,0,0,0,0,0,0,0,0,0,0,0,0,0,0,0,0,0,0,0,0,0,1,0,1,0,0,2,0,0,3,1,2,2,1,0,0,0,0,1,0,2,11,5,4,1,0,1,0,2,3,0,0,0,1,2,0,0,0,0,0,1,13,12,11,4,1,1,0,3,7,9,16,9,8,6,3,4,0,1,3,5,2,0,2,0,0,0,0,0,1,1,6,1,0,4,0,1,0,0,1,2,2,5,2,4,1,0,0,1,1,5,1,0,0,0,0,0,1,0,0,0,1,0,0,1,0,0,0,0,0,1,3,0,1,0,0,0,0,0,0,2,0,0,0,0,0,0,0,0,0,0,0,2,0,0,0,1,0,0,2,0,2,3,0,3,1,0,0,0,4,6,2,1,2,0,0,0,0,0,3,1,18,6,5,2,2,1,0,0,4,10,6,2,1,2,1,0,0,0,1,3
503.25,0,0,0,0,0,0,0,0,0,0,6,0,1,0,0,2,1,0,3,0,3,0,2,0,0,0,0,0,0,2,0,0,0,0,0,0,0,0,0,0,4,0,0,1,0,0,0,0,1,2,0,0,0,0,0,0,0,0,0,0,1,0,0,1,0,0,0,0,1,2,2,3,3,1,0,0,0,1,2,3,0,1,1,0,0,2,0,0,1,0,0,1,0,0,0,0,0,0,0,0,17,9,4,2,3,0,1,1,4,3,0,1,0,0,0,0,0,0,1,0,0,0,0,0,0,0,0,0,0,0,0,0,0,0,0,0,0,0,0,0,3,0,0,0,0,0,0,0,2,0,2,1,0,0,1,0,0,0,2,1,9,4,5,2,2,2,0,1,5,4,0,0,1,0,0,0,0,0,0,2,22,2,5,2,4,2,0,2,7,3,20,9,9,3,4,3,0,1,10,7,0,2,1,0,0,0,0,0,3,0,1,3,2,0,0,0,0,2,1,1,4,1,3,1,0,1,0,1,1,1,0,0,1,0,0,0,0,1,0,0,2,0,0,0,0,1,0,0,1,1,2,0,2,0,0,0,0,0,0,1,1,0,0,0,0,0,1,0,0,1,2,0,2,0,0,1,0,0,1,0,9,2,7,0,1,2,0,0,3,1,2,1,0,0,0,0,1,1,1,2,10,5,6,3,1,0,2,2,3,7,4,4,0,1,0,1,0,0,3,4
503.75,0,2,0,0,0,0,0,0,0,0,2,1,1,1,0,0,0,0,2,1,1,2,1,0,0,0,0,0,2,2,0,0,0,0,0,0,0,0,0,0,2,0,0,0,0,1,0,0,0,2,0,0,0,0,0,0,0,0,0,0,0,3,1,0,0,1,0,0,0,0,12,4,1,1,1,1,0,0,3,3,0,1,1,1,0,0,0,0,0,1,1,0,0,0,0,0,0,0,1,0,19,6,5,3,1,1,1,1,6,8,0,0,0,0,0,0,0,0,0,0,0,0,0,0,0,0,0,0,0,0,0,0,0,0,0,0,0,0,0,0,1,3,1,1,0,0,0,0,0,0,5,1,0,0,1,2,0,2,0,1,6,4,1,2,5,1,0,1,3,5,0,0,0,1,0,0,0,0,0,3,20,10,6,3,2,1,0,1,10,4,17,6,5,4,2,5,0,3,3,9,0,1,0,0,1,0,0,0,0,4,4,2,1,0,0,1,0,0,0,2,4,0,0,0,0,0,0,0,4,1,1,0,0,1,1,0,0,0,0,0,3,0,0,0,0,0,1,0,1,3,5,0,1,0,0,0,0,0,1,1,2,1,2,1,0,0,0,0,0,0,1,1,0,0,0,0,0,1,0,1,6,2,1,3,1,2,1,0,3,8,3,1,0,1,0,0,0,0,1,1,13,8,6,2,3,3,0,2,9,6,1,4,0,0,0,0,0,1,4,3
504.25,0,0,0,0,0,0,0,0,0,0,3,2,0,3,0,0,0,1,0,3,4,2,0,0,0,1,0,1,1,2,0,0,0,0,0,0,0,0,0,0,2,0,0,0,0,0,0,0,2,0,0,0,0,0,0,0,0,0,0,0,0,0,1,0,0,0,0,0,0,1,4,3,1,0,0,3,0,1,4,5,0,0,0,0,0,0,0,0,0,2,0,0,0,0,0,0,0,0,0,0,13,4,8,4,3,1,0,2,4,3,2,0,0,0,0,0,0,1,1,0,0,0,0,0,0,0,0,0,0,0,0,0,0,0,0,0,0,0,0,0,0,1,1,0,0,0,0,0,0,1,3,2,0,0,0,4,0,1,0,1,6,7,3,3,2,0,0,2,1,4,1,0,1,0,1,0,0,0,0,0,19,19,15,1,0,1,0,0,10,9,17,7,7,1,4,2,0,0,5,9,2,1,0,1,0,0,0,1,0,0,6,4,3,1,0,0,0,0,0,4,2,3,0,2,1,1,0,0,0,8,2,0,0,0,0,0,0,0,1,0,0,0,0,0,0,0,0,1,0,1,1,0,2,0,1,0,0,0,1,0,0,0,0,0,0,1,0,0,0,0,1,1,0,1,0,0,0,0,0,1,4,6,3,0,0,0,0,1,1,5,2,0,0,2,1,0,0,1,0,3,11,9,4,4,3,3,1,1,8,9,7,6,2,2,1,1,1,0,2,5
504.75,0,1,1,0,0,0,0,0,0,1,4,0,0,0,2,2,0,0,0,2,4,4,2,0,1,0,0,0,1,0,0,0,0,0,0,0,0,0,1,0,3,3,2,1,0,0,0,1,0,2,0,0,0,0,0,0,0,0,0,0,1,0,1,1,0,0,0,0,0,2,5,3,1,3,1,0,1,1,3,4,0,2,0,0,0,0,0,0,0,2,0,0,0,1,0,0,0,0,0,0,16,8,3,5,3,1,0,2,7,14,1,0,0,0,0,0,0,0,0,1,0,0,0,0,0,0,0,0,0,0,0,0,0,0,0,0,0,0,0,0,0,1,0,0,0,0,0,0,1,2,4,1,1,0,1,0,0,0,0,0,6,1,2,1,0,2,0,1,3,2,0,0,0,1,0,0,0,0,1,0,17,7,5,7,4,1,1,1,11,8,16,8,5,4,3,5,1,3,10,6,4,0,1,0,0,0,0,1,2,0,5,2,0,1,1,0,0,0,3,3,2,1,3,0,0,2,0,0,2,2,2,0,0,0,0,0,0,0,0,0,2,0,1,0,0,1,0,0,1,1,4,0,2,0,0,0,0,0,2,0,0,1,0,0,0,0,0,0,0,1,3,1,0,0,0,0,0,0,1,1,4,3,3,2,1,3,1,2,4,6,1,0,1,1,1,0,0,0,3,1,10,7,8,2,2,1,0,1,6,7,6,1,2,0,0,1,0,1,3,1
505.25,0,1,0,0,0,0,0,0,0,0,3,1,1,1,0,0,0,1,2,6,4,1,0,0,1,0,0,0,0,0,0,0,0,0,0,0,0,0,0,0,2,2,1,0,0,0,0,0,0,2,0,0,0,0,0,0,0,0,0,0,3,3,1,0,0,0,0,0,2,2,3,5,4,1,1,0,0,0,3,5,1,0,0,0,0,1,0,0,0,1,0,0,0,0,0,0,0,0,0,0,17,3,10,2,3,2,0,2,5,7,0,0,0,1,0,0,0,0,0,2,0,0,0,0,0,0,0,0,0,0,0,0,0,0,0,0,0,0,0,0,1,0,1,0,0,0,0,0,1,0,3,0,1,1,0,1,0,1,2,0,6,3,1,2,1,1,0,1,7,7,1,0,0,0,0,0,0,0,0,0,15,15,8,4,5,1,0,1,11,9,14,13,6,2,1,1,0,0,2,3,2,1,2,0,0,0,0,0,1,0,7,1,0,1,0,0,0,0,7,2,3,1,2,0,2,0,1,1,1,4,1,1,0,0,0,0,0,0,0,1,0,1,1,0,1,0,0,0,0,1,0,0,1,0,0,0,0,0,0,2,2,0,0,1,0,0,0,0,0,2,1,1,1,1,1,1,0,0,0,1,5,0,1,1,0,0,1,0,2,2,1,1,1,0,0,1,0,0,2,1,13,7,3,2,1,5,0,1,4,10,4,3,3,1,0,0,1,0,4,0
505.75,1,0,0,0,0,0,0,0,0,0,1,2,0,0,0,0,0,0,1,3,5,1,0,0,0,0,0,0,2,1,0,0,0,0,0,0,0,0,0,0,2,3,1,0,0,0,0,1,1,0,0,0,0,0,0,0,0,0,0,0,2,1,1,0,0,1,0,0,0,0,7,4,0,0,2,0,0,0,3,5,1,0,0,0,0,0,0,0,1,2,0,1,0,0,0,0,0,0,0,0,13,8,4,3,1,1,0,1,4,4,0,0,1,0,0,0,0,0,0,0,0,0,0,0,0,0,0,0,0,0,0,0,0,0,0,0,0,0,0,1,4,1,3,1,0,0,0,0,1,2,5,3,0,1,0,0,0,1,2,4,7,4,2,1,0,3,0,1,3,6,1,1,0,0,0,0,0,0,0,2,14,3,10,4,2,2,0,2,7,15,16,9,8,2,2,3,0,0,11,10,3,2,1,0,1,0,0,1,1,1,1,3,2,2,0,0,0,1,4,3,4,2,6,0,0,1,0,0,1,3,2,1,0,0,1,0,0,1,0,0,2,1,1,0,0,0,0,0,2,2,1,3,2,1,0,0,0,0,0,0,1,0,0,0,0,0,0,0,0,0,0,0,0,0,1,1,0,0,0,0,4,1,0,0,2,1,0,0,2,8,2,0,0,0,0,0,0,0,0,3,24,7,8,3,3,1,2,4,3,10,12,3,5,0,0,0,0,0,2,6
506.25,1,0,0,1,0,0,0,0,2,2,2,2,0,0,0,0,0,0,1,1,2,1,2,0,0,0,0,1,2,3,0,0,0,0,0,0,0,0,0,0,3,2,1,0,0,0,0,0,0,2,0,0,0,0,0,0,0,0,0,0,0,0,0,0,0,0,0,0,0,0,8,3,4,1,0,0,0,0,6,3,1,1,1,0,0,0,0,1,2,0,1,0,0,0,0,0,0,0,0,1,8,6,5,3,0,2,0,1,8,8,1,1,0,0,0,0,0,0,0,0,0,0,0,0,0,0,0,0,0,0,0,0,0,0,0,0,0,0,0,0,3,0,0,0,0,0,0,0,2,0,1,6,2,1,1,0,0,0,0,1,6,8,6,0,1,2,0,1,2,3,2,0,1,0,0,1,0,0,0,0,15,14,9,1,4,1,0,2,9,13,16,16,3,4,5,2,0,1,7,4,3,2,0,0,0,1,0,0,1,1,8,3,0,2,0,0,0,1,3,3,7,2,1,1,2,0,0,3,2,2,3,1,0,0,0,0,0,0,0,1,0,0,0,0,0,1,0,0,0,1,0,0,0,0,0,1,0,0,1,0,1,0,1,0,0,0,0,0,0,0,0,0,0,0,0,0,0,0,0,2,3,1,2,2,1,1,1,1,1,2,1,5,2,0,1,0,0,0,0,0,11,9,5,2,5,4,0,0,1,5,3,3,0,0,1,0,2,1,2,5
506.75,0,0,1,0,0,0,0,0,1,0,6,4,0,0,0,0,0,1,1,4,3,0,0,0,0,0,0,1,1,2,1,0,0,0,0,0,0,0,0,0,2,2,0,0,1,0,0,0,1,1,0,0,0,0,0,0,0,0,0,0,2,0,1,1,0,1,0,0,1,3,7,5,4,1,1,1,0,3,3,3,2,0,0,0,0,0,0,0,0,0,0,0,0,0,0,0,0,0,0,0,17,10,2,6,2,4,1,1,8,8,2,1,0,0,0,0,0,0,2,0,0,0,0,0,0,0,0,0,0,0,0,0,0,0,0,0,0,0,0,0,2,1,0,1,0,0,0,0,1,0,2,2,1,1,0,0,0,0,3,2,10,4,1,3,2,1,0,0,2,3,1,1,1,0,0,0,0,0,0,1,30,11,7,2,2,3,0,1,9,7,23,9,7,3,3,2,0,2,13,9,5,0,1,0,0,0,0,0,1,1,3,2,2,0,2,1,0,0,2,5,2,1,3,3,1,0,0,0,3,3,1,0,0,0,0,1,0,0,0,0,1,1,0,0,0,0,0,0,1,0,3,0,3,2,1,0,0,0,1,0,1,1,0,0,0,0,0,0,0,0,1,0,1,0,0,0,1,0,0,2,4,3,5,1,1,0,0,2,5,2,4,2,1,1,0,0,0,1,1,3,11,2,9,6,1,0,0,1,6,8,7,1,1,1,1,0,0,1,1,2
507.25,1,0,0,0,0,0,0,0,0,0,3,4,0,1,0,0,0,0,1,3,10,3,1,2,1,1,0,0,1,2,1,0,0,0,0,0,0,0,0,0,1,0,1,0,0,0,0,0,1,0,0,0,0,0,0,0,0,0,0,0,1,0,3,0,0,0,0,0,1,1,12,6,2,0,0,0,0,1,3,4,3,1,0,1,1,0,0,0,0,0,0,0,0,0,0,0,0,0,0,0,12,8,11,3,2,3,0,1,7,10,0,0,0,0,0,0,0,0,0,1,0,0,0,0,0,0,0,0,0,0,0,0,0,0,0,0,0,0,0,0,2,1,2,0,1,0,0,1,0,0,2,0,1,0,1,0,0,0,3,2,9,0,3,3,0,0,2,0,0,6,1,0,1,1,0,0,0,0,0,2,28,12,6,3,3,9,0,3,7,12,25,10,5,6,1,3,0,1,9,6,6,1,2,1,0,0,0,0,3,0,3,3,1,1,2,2,0,0,6,3,6,1,3,0,1,1,0,2,1,1,1,0,0,0,0,0,0,0,0,0,1,0,0,0,0,0,0,0,1,0,1,1,1,3,1,1,0,0,0,2,2,0,0,0,0,0,0,0,1,1,2,0,0,0,1,0,0,0,0,0,4,6,2,1,2,0,0,2,1,3,0,0,1,0,0,0,0,1,1,1,15,7,6,2,2,0,0,1,11,14,4,2,3,3,1,3,0,0,6,8
507.75,0,0,0,1,0,0,0,0,1,0,3,1,4,0,0,0,1,0,0,1,4,3,2,0,0,0,0,2,2,2,0,1,1,0,0,0,0,0,0,0,2,1,1,0,0,0,0,0,0,0,0,0,0,0,0,0,0,0,0,0,1,0,0,1,0,0,0,0,2,0,7,3,8,2,2,0,0,0,2,2,1,1,0,0,0,0,0,0,0,3,0,1,0,0,0,0,0,0,0,0,8,5,7,3,4,3,0,0,5,10,0,0,0,1,0,0,0,0,0,1,0,0,0,0,0,0,0,0,0,0,0,0,0,0,0,0,0,0,0,0,0,2,1,0,1,0,0,0,0,0,1,0,0,0,0,0,0,0,3,0,9,3,4,1,0,2,0,1,3,4,2,1,0,0,0,0,0,0,0,0,19,8,6,3,1,2,1,3,13,13,20,13,5,4,1,2,0,1,17,7,4,2,2,2,0,0,1,0,2,1,5,3,2,0,1,3,0,0,0,3,1,1,2,0,0,1,1,1,3,1,1,0,0,0,0,0,0,0,0,0,0,1,0,0,0,0,0,0,0,0,1,1,0,1,0,0,0,0,1,0,2,0,2,1,0,0,0,0,1,2,3,0,0,0,0,0,0,0,0,0,6,1,3,2,1,1,0,0,4,3,2,0,0,0,1,0,0,0,0,1,29,5,8,4,3,2,0,3,5,5,5,1,3,1,1,0,0,0,2,4
508.25,0,1,0,0,0,0,0,0,0,2,1,1,0,1,0,2,0,0,1,2,4,1,3,0,0,1,0,1,3,3,0,0,0,0,0,0,0,0,0,1,8,2,1,0,1,0,0,2,2,0,0,0,0,0,0,0,0,0,0,0,0,1,1,2,0,0,0,0,1,0,17,6,2,3,0,0,0,2,5,4,1,1,0,0,0,1,0,1,0,1,0,0,0,0,0,0,0,0,1,0,15,7,5,2,2,7,0,2,9,6,1,0,0,0,0,0,0,0,0,0,0,0,0,0,0,0,0,0,0,0,0,0,0,0,0,0,0,0,0,0,6,1,0,0,2,0,0,0,0,0,1,1,1,0,1,0,0,0,2,1,7,6,4,2,0,0,0,1,4,2,2,0,0,0,1,0,0,0,0,0,25,10,9,3,3,3,0,2,10,13,17,9,6,4,1,1,1,1,11,5,1,2,0,0,1,0,0,0,0,4,4,3,0,1,0,0,0,2,0,3,5,0,1,0,2,2,1,1,4,3,1,0,0,1,0,0,0,0,0,0,2,2,0,1,1,0,0,0,0,2,1,1,1,0,0,0,0,0,1,3,0,1,0,2,0,0,0,0,0,0,2,1,0,0,0,0,0,0,0,0,7,7,2,0,0,0,0,0,3,4,1,0,1,1,0,0,0,0,1,1,17,9,6,3,1,6,0,0,7,6,5,4,2,3,1,0,0,1,1,2
508.75,3,0,0,0,0,0,0,0,0,0,7,2,2,0,0,0,0,0,1,4,4,2,1,1,1,0,0,0,1,2,0,0,0,0,1,0,0,0,1,0,5,0,0,0,2,0,0,0,2,1,0,0,0,0,0,0,0,0,0,0,0,0,0,0,0,0,0,0,1,1,8,6,4,1,3,1,1,1,6,6,0,2,0,0,0,0,0,0,0,0,0,0,0,0,0,0,0,1,0,0,12,5,8,1,2,3,0,2,13,12,2,1,1,0,0,0,0,0,0,1,0,0,0,0,0,0,0,0,0,0,0,0,0,0,0,0,0,0,0,0,1,3,2,0,1,0,0,0,0,0,3,2,0,0,0,0,0,0,1,3,4,3,5,1,2,0,0,1,6,2,0,0,0,1,1,0,0,0,0,0,29,8,10,3,4,4,0,2,11,13,18,10,10,4,4,3,0,2,5,5,2,1,0,1,0,0,0,0,1,3,0,3,2,2,1,0,0,0,2,2,3,2,2,1,0,1,0,0,2,0,2,4,1,0,0,2,0,1,0,1,0,1,2,0,0,1,0,0,1,1,3,0,1,0,0,0,0,0,0,0,2,0,1,0,0,0,0,1,0,0,1,0,1,0,0,1,0,0,0,0,7,1,2,3,2,2,0,1,2,6,0,0,0,0,1,1,0,2,2,1,24,9,7,4,5,3,0,1,6,11,3,3,2,1,2,0,0,0,1,3
509.25,0,0,0,0,0,0,0,0,0,0,6,0,1,1,2,0,0,0,5,3,4,1,1,0,3,0,0,0,3,2,0,0,0,0,0,0,0,0,0,0,2,3,0,0,1,1,0,0,1,2,0,0,0,0,0,0,0,0,0,0,4,3,0,1,1,0,0,0,0,1,6,10,2,2,1,0,0,2,5,8,3,0,0,1,0,0,0,0,4,2,0,0,0,0,0,0,0,0,0,0,19,6,5,2,4,5,0,0,7,9,0,0,0,0,0,0,0,0,0,0,0,0,0,0,0,0,0,0,0,0,0,0,0,0,0,0,0,0,0,0,2,0,0,0,0,0,0,0,2,1,2,0,1,0,1,0,0,0,1,3,10,1,3,1,0,1,0,0,7,5,1,0,3,1,0,0,0,0,1,1,37,7,8,7,4,6,0,2,7,8,23,9,3,4,5,3,0,4,6,10,1,1,3,0,2,1,0,0,2,2,4,2,1,1,0,0,0,1,4,4,6,1,1,3,0,0,0,1,0,1,0,1,1,0,0,0,0,0,0,1,2,0,0,0,0,0,0,0,0,1,1,1,0,0,0,0,0,0,2,0,0,0,0,0,0,0,0,0,1,0,0,2,1,3,0,0,0,0,2,0,3,1,2,0,1,2,0,0,2,3,0,3,1,0,0,0,0,0,1,0,12,13,10,3,5,3,0,3,13,11,2,2,3,1,1,0,0,0,5,2
509.75,0,2,0,0,0,0,0,0,1,0,1,3,4,1,0,2,0,0,0,2,3,1,4,1,0,2,0,0,0,4,0,0,0,0,0,0,0,0,0,0,2,5,2,0,0,0,0,1,4,0,0,0,0,0,0,0,0,0,0,0,0,1,0,1,1,0,0,1,1,3,11,5,4,0,1,0,1,0,3,5,0,2,0,0,0,0,0,0,1,3,0,0,0,0,0,0,0,0,0,0,10,8,5,2,5,0,0,2,14,10,1,1,0,0,0,0,0,0,1,0,0,0,0,0,0,0,0,0,0,0,0,0,0,0,0,0,0,0,0,0,2,0,1,3,1,1,0,0,1,0,4,0,1,0,0,1,0,0,2,3,6,8,3,4,4,0,0,4,5,7,2,1,0,1,0,1,0,0,1,0,23,22,13,6,3,2,0,1,8,9,21,13,9,6,6,6,0,1,10,11,1,2,0,1,1,0,0,0,2,1,0,4,2,0,0,0,0,1,1,1,5,6,3,1,0,0,0,0,0,1,0,0,0,0,0,0,0,0,0,0,0,2,0,0,0,0,0,0,1,1,1,0,1,0,1,0,0,0,0,0,3,1,0,0,0,0,0,0,1,0,2,2,1,0,0,0,0,0,0,4,8,1,2,1,0,0,0,1,2,6,1,0,0,0,0,0,0,0,0,1,16,12,8,3,2,3,0,2,10,17,8,1,4,0,0,0,0,1,2,0
510.25,1,0,0,0,0,0,0,0,0,1,6,3,1,0,1,0,0,1,4,5,4,2,1,1,0,1,0,1,2,1,0,1,0,0,0,0,0,0,0,0,1,3,3,0,1,0,0,0,2,0,0,0,0,0,0,0,0,0,0,0,1,0,1,0,0,0,0,0,0,0,9,12,2,1,0,1,1,1,7,6,0,0,1,0,0,0,0,0,0,1,0,0,0,0,0,0,0,0,0,0,13,8,9,5,1,2,0,1,6,9,2,0,0,0,0,0,0,0,0,0,0,0,0,0,0,0,0,0,0,0,0,0,0,0,0,0,0,0,0,0,2,1,1,0,0,0,0,0,1,1,3,1,0,0,0,0,0,0,1,0,11,3,3,1,3,1,0,0,3,7,0,1,0,0,0,0,0,0,1,0,21,13,18,5,4,2,2,3,6,10,12,20,14,6,5,3,0,2,10,6,1,1,2,1,0,0,0,0,0,2,2,5,4,0,0,0,0,1,1,1,7,2,1,0,0,0,0,1,5,6,1,1,2,0,0,0,0,0,0,1,0,0,0,1,1,1,0,0,0,0,0,2,1,2,0,1,0,1,1,0,4,0,2,0,0,0,0,1,0,0,4,0,0,0,0,0,0,0,1,0,6,4,0,2,1,0,0,0,3,7,0,0,1,1,0,0,0,0,2,1,16,10,4,9,3,5,0,3,4,7,5,3,7,2,0,1,0,0,4,3
510.75,1,0,0,0,0,0,0,0,0,2,3,1,2,0,1,0,0,0,4,3,4,7,3,2,0,1,0,0,1,5,0,1,0,0,0,0,0,0,0,0,2,1,0,2,1,0,0,0,6,0,0,0,0,0,0,0,0,0,0,0,0,2,0,0,0,0,0,0,0,1,14,4,3,2,0,0,0,0,8,7,0,0,0,1,0,0,0,0,1,2,0,0,0,0,0,0,0,1,0,1,12,6,2,3,5,1,1,2,6,5,1,2,1,0,0,0,0,0,0,0,0,0,0,0,0,0,0,0,0,0,0,0,0,0,0,0,0,0,0,0,2,0,0,0,1,0,0,0,0,1,2,1,0,1,0,1,0,1,0,0,8,3,7,2,2,3,1,1,4,5,0,0,0,0,1,1,0,0,2,0,31,13,5,8,6,3,0,2,11,11,26,8,11,4,1,5,0,3,10,12,0,1,1,0,0,1,0,1,1,2,2,1,1,0,1,0,0,0,2,1,4,3,5,1,1,0,0,0,1,1,1,0,1,1,0,0,0,0,0,2,2,0,0,0,0,0,0,0,1,0,1,0,1,0,1,0,0,0,0,1,3,0,1,0,0,0,0,0,1,0,1,2,0,0,0,0,0,0,0,1,6,2,1,2,0,4,0,0,0,5,3,1,0,0,0,1,0,1,0,2,25,8,8,4,2,1,0,1,9,8,10,2,3,1,0,4,0,0,4,5
511.25,0,0,0,0,1,0,0,0,0,0,5,1,4,0,0,0,1,0,3,2,4,2,5,1,1,0,0,0,2,1,1,0,0,0,0,1,0,0,2,0,2,3,0,0,0,1,0,1,4,5,0,0,0,0,0,0,0,0,0,0,0,0,1,0,0,0,0,0,0,1,21,1,7,1,2,2,0,0,5,6,2,0,0,0,0,0,0,0,0,1,0,0,0,0,0,0,0,0,0,0,11,6,3,2,2,2,0,1,4,10,3,2,0,0,0,0,0,0,2,0,0,0,0,0,0,0,0,0,0,0,0,0,0,0,0,0,0,0,0,0,7,1,0,1,0,0,0,0,1,3,0,3,2,0,0,0,0,0,1,2,6,2,3,1,2,1,0,0,2,2,0,1,1,0,0,0,0,0,0,0,30,13,5,4,4,3,0,2,16,8,26,7,12,3,3,5,0,1,9,13,4,0,0,0,0,2,0,0,2,2,3,0,1,1,3,0,0,0,4,2,1,4,4,1,2,0,0,0,0,3,0,1,0,1,0,0,0,0,1,2,2,1,0,0,0,0,0,0,0,1,2,0,2,0,0,2,0,0,0,1,2,1,1,0,2,0,0,0,0,0,0,1,1,0,0,0,0,0,1,0,8,5,2,0,0,0,0,2,1,10,1,2,0,0,0,0,0,0,1,2,20,9,2,1,2,1,0,1,12,12,8,5,3,0,2,0,1,2,2,3
511.75,1,1,0,0,0,0,0,0,1,0,4,2,0,1,2,0,0,0,1,4,8,2,0,0,0,0,0,0,4,2,0,0,0,0,0,0,0,0,0,0,2,2,1,2,0,2,1,0,1,2,0,0,0,0,0,0,0,0,0,0,2,1,1,1,0,0,0,0,0,0,9,2,4,1,2,1,0,0,5,9,1,0,0,0,0,0,0,0,0,0,0,0,0,0,0,0,0,0,0,0,21,8,3,2,2,2,0,2,10,11,0,0,0,0,0,0,0,0,0,0,0,0,0,0,0,0,0,0,0,0,1,0,0,0,0,0,0,0,0,0,3,0,1,1,0,0,0,0,0,1,0,2,1,2,1,2,0,0,0,3,6,5,3,1,1,4,0,1,7,2,2,2,0,0,0,1,0,0,0,0,26,14,7,5,5,5,0,5,13,13,18,10,7,1,5,4,0,4,13,7,3,1,2,0,0,0,0,0,1,1,2,1,1,1,0,1,0,1,2,5,11,1,3,2,1,1,0,0,1,4,1,0,0,0,0,0,0,0,1,0,0,0,1,0,0,1,0,0,0,1,7,1,0,1,1,0,0,0,1,0,4,0,3,0,0,1,0,0,1,1,3,1,0,2,0,0,0,1,2,1,7,3,2,2,1,1,0,1,2,2,0,0,0,0,0,0,0,0,1,1,9,9,6,2,2,3,0,3,10,6,8,1,2,2,2,0,0,0,2,3
512.25,0,0,1,0,0,0,0,0,1,0,3,4,1,1,1,0,0,1,2,1,8,0,2,0,2,2,0,0,2,1,0,0,0,0,0,0,0,0,0,0,0,2,2,0,1,0,0,0,0,2,0,0,0,0,0,0,0,0,0,0,0,0,1,0,0,0,0,0,1,0,17,5,4,3,2,3,0,1,8,5,1,2,0,0,0,0,0,0,0,3,1,0,0,0,0,0,0,0,0,0,17,10,5,3,3,1,0,1,4,7,1,0,0,0,0,0,0,0,1,2,0,0,0,0,0,0,0,0,0,0,1,0,0,0,0,0,0,0,0,0,2,1,2,0,0,1,0,0,2,4,0,2,2,0,0,0,0,0,0,0,9,4,3,3,0,3,0,1,3,2,1,0,0,0,0,1,0,0,2,2,27,10,7,0,4,9,0,0,7,9,21,7,12,3,1,2,0,2,12,14,2,2,0,0,2,0,0,0,4,0,4,2,2,0,0,0,0,0,3,2,7,0,4,2,0,1,0,0,4,7,0,0,2,1,0,0,0,0,1,0,0,1,0,0,0,2,0,0,1,0,1,0,1,1,0,0,0,0,1,0,0,1,1,1,1,1,0,0,1,0,2,1,0,0,0,0,0,0,0,4,4,3,5,0,0,0,0,0,5,2,1,1,0,1,0,1,0,0,2,2,15,5,4,3,2,5,0,2,10,6,4,2,3,0,0,1,0,0,0,6
512.75,1,0,0,0,0,0,0,0,0,0,7,4,2,1,0,0,0,2,2,3,5,4,1,1,1,0,0,1,0,2,0,0,0,0,0,0,0,0,0,0,0,1,3,0,0,1,0,1,2,4,0,0,0,0,0,0,0,0,0,0,1,1,0,0,0,0,0,0,3,1,7,5,4,2,1,3,0,0,3,11,2,1,0,0,0,0,0,1,0,0,0,0,0,0,0,0,0,0,0,0,16,7,6,3,2,5,0,2,7,11,1,0,0,0,0,0,0,0,0,0,0,0,0,0,0,0,0,0,0,0,0,0,1,0,0,0,0,0,0,0,3,2,1,0,0,1,0,0,1,0,3,1,1,0,0,0,0,1,1,2,5,6,4,1,1,1,1,3,2,5,0,0,0,2,0,0,0,0,3,1,33,17,16,4,5,4,0,3,10,15,17,15,7,5,3,2,1,1,4,7,0,2,1,3,1,0,0,0,0,1,6,3,1,0,0,2,0,1,3,4,2,2,1,1,2,0,0,1,3,1,3,1,0,0,0,0,0,1,3,1,1,0,0,0,0,0,0,0,0,2,4,2,1,0,0,0,1,1,0,0,1,2,0,0,0,0,0,1,1,0,4,1,0,0,0,0,0,0,0,1,3,3,0,3,1,0,0,0,4,3,1,0,0,0,0,0,0,0,0,4,11,16,5,8,4,2,0,0,2,11,6,4,1,5,1,3,0,0,2,7
513.25,0,1,0,0,0,0,0,0,0,0,1,4,2,0,0,2,0,0,3,4,7,2,2,0,0,0,0,0,1,0,0,0,0,0,0,0,0,0,0,1,2,2,0,2,1,0,0,0,0,2,0,0,0,0,0,0,0,0,0,0,0,2,1,0,0,0,0,0,0,1,10,2,5,2,2,0,1,1,5,7,1,2,1,0,0,0,0,0,0,1,0,0,0,0,0,0,0,0,0,2,28,8,8,4,1,4,0,2,6,11,0,0,1,0,0,0,0,0,0,0,0,0,0,0,0,0,0,0,0,0,0,0,0,0,0,0,0,0,0,0,1,3,2,0,0,0,0,1,1,2,1,2,1,1,0,0,0,1,2,1,11,3,0,2,2,0,0,3,5,7,2,0,0,0,0,0,0,0,0,2,26,19,8,9,3,4,1,0,14,14,24,12,4,5,0,4,1,2,15,13,1,0,0,0,0,0,0,0,0,3,4,0,0,1,3,0,0,0,4,2,2,3,1,0,2,1,1,0,4,1,0,0,0,1,0,0,0,0,1,1,0,1,0,0,0,0,0,1,0,1,2,0,1,2,0,1,0,1,0,2,3,0,1,1,0,0,0,0,0,0,1,3,1,0,0,0,0,0,1,1,4,2,7,2,0,1,1,2,2,4,2,2,0,0,0,1,0,0,0,2,19,11,7,2,3,1,2,3,11,6,4,2,2,1,1,0,0,0,3,7
513.75,0,0,0,0,0,0,0,0,0,0,6,2,0,1,1,0,0,1,3,1,6,5,0,2,1,0,0,0,3,2,1,0,0,0,0,0,0,0,0,1,3,0,1,0,0,1,0,0,1,0,0,0,0,0,0,0,0,0,0,0,4,0,0,2,0,0,0,1,1,0,10,4,1,2,2,2,0,0,3,6,3,0,0,0,0,0,0,0,1,1,0,0,1,0,0,0,0,0,0,0,13,7,9,6,2,3,2,1,10,11,0,0,1,1,0,0,0,0,0,0,1,0,0,0,0,0,0,0,0,0,0,1,0,0,0,0,0,0,0,0,4,4,1,1,0,1,0,0,3,1,3,2,1,0,0,1,0,2,5,0,8,7,2,1,1,0,0,2,4,4,0,1,0,0,0,0,0,0,0,0,27,13,14,4,4,4,0,4,16,9,23,11,8,1,5,1,0,3,9,11,2,3,1,0,0,0,0,1,1,3,6,3,2,0,1,0,0,0,0,3,5,2,1,2,4,1,0,0,1,3,2,0,2,0,0,0,0,0,0,0,0,0,1,0,2,0,0,0,1,2,1,0,0,0,0,0,0,1,2,1,1,0,0,0,1,0,0,0,1,1,1,1,2,1,0,0,0,0,1,2,5,3,2,3,1,0,0,1,7,3,0,1,0,0,0,0,0,0,0,2,20,11,2,4,0,2,0,1,5,11,6,7,3,3,3,2,1,0,1,2
514.25,0,0,1,0,0,0,0,0,0,0,6,2,3,0,0,0,0,0,0,2,8,3,3,2,3,2,0,1,2,1,1,0,1,0,0,0,0,0,0,0,5,0,0,0,1,0,0,0,2,0,0,0,0,0,0,0,0,0,0,0,1,0,0,0,1,0,0,0,3,1,7,8,5,0,2,0,0,0,1,5,2,1,0,0,0,0,0,0,0,2,0,0,0,0,0,0,0,0,0,0,15,13,3,3,3,2,0,3,3,9,2,0,0,0,0,0,0,0,1,0,0,0,0,0,0,0,0,0,0,0,1,0,0,0,0,0,0,0,0,0,3,1,0,0,0,0,0,0,0,1,5,3,0,0,1,0,0,1,2,0,9,4,4,1,1,0,0,1,1,8,0,1,0,0,0,0,0,0,0,0,21,10,6,4,2,1,0,2,16,8,14,6,9,7,2,4,0,2,13,17,2,0,0,1,0,0,0,0,2,1,1,3,2,1,0,4,0,1,0,5,5,2,0,0,1,1,0,0,4,3,1,0,0,0,0,0,0,1,0,0,3,0,0,0,0,0,0,0,0,2,1,1,0,1,0,0,0,1,0,1,2,0,2,1,0,0,0,0,3,0,3,2,0,0,0,0,0,0,2,0,5,5,0,1,1,0,0,0,0,4,2,0,1,0,0,0,0,0,0,0,17,9,6,2,2,4,1,2,8,5,5,2,2,3,0,1,0,1,8,4
514.75,0,0,0,0,1,0,0,0,1,0,7,2,3,3,1,1,0,0,3,3,3,4,4,5,1,2,0,0,4,3,1,0,0,0,0,0,0,0,0,0,4,1,1,0,0,0,0,0,8,2,1,0,0,0,0,0,0,0,0,0,1,2,1,0,0,2,0,0,0,2,12,11,6,1,1,2,0,1,2,7,0,0,0,0,0,0,0,0,3,0,0,0,0,0,0,0,0,0,0,0,15,12,8,5,3,1,1,2,7,7,0,0,0,0,0,0,0,0,0,0,0,1,0,0,0,0,0,0,0,0,0,0,0,0,0,0,0,0,0,0,0,2,3,1,0,1,0,1,2,3,0,0,0,0,0,0,0,0,3,3,10,5,2,1,0,0,1,0,6,2,0,0,0,0,0,0,0,0,0,2,24,16,12,5,4,5,0,4,18,19,17,11,12,3,3,0,0,1,7,9,0,0,2,0,0,0,0,0,0,1,4,3,2,0,0,2,0,0,2,2,4,5,2,0,0,1,0,2,1,1,1,3,0,0,0,0,0,0,0,2,1,0,1,0,0,0,0,0,0,0,2,1,2,1,0,0,0,0,0,1,3,3,0,0,0,0,0,0,0,2,4,0,1,0,0,0,0,0,1,1,7,4,2,0,0,0,0,0,10,1,2,1,0,1,1,0,0,0,2,1,16,6,6,3,6,5,2,1,16,9,6,3,3,1,0,3,0,0,2,4
515.25,0,0,0,0,0,0,0,0,0,1,8,5,0,1,1,1,0,1,1,0,2,0,1,0,1,1,0,0,2,1,0,0,0,0,0,0,0,0,0,0,2,2,0,1,0,0,0,0,0,2,0,0,0,0,0,0,0,0,0,0,2,0,1,1,1,1,0,0,1,1,7,8,7,4,1,2,0,1,6,2,4,1,0,0,0,0,0,0,0,2,0,0,0,0,0,0,0,0,0,0,17,10,8,3,2,1,0,7,8,8,1,1,0,0,0,0,0,0,0,1,0,0,0,0,0,0,0,0,0,0,0,0,0,0,0,0,0,0,0,0,3,0,0,0,2,0,0,1,2,2,5,2,0,0,1,0,0,0,1,3,7,5,1,3,2,1,0,0,3,3,0,2,0,0,0,0,0,1,1,0,33,9,12,6,3,4,1,1,13,11,31,11,13,9,5,5,1,0,8,6,2,1,0,1,0,0,0,0,1,0,5,0,1,1,1,0,0,3,3,5,5,3,3,0,0,0,1,0,1,3,0,0,1,0,1,0,0,0,2,0,1,0,1,0,0,1,0,0,0,0,6,1,2,1,0,0,0,0,4,0,1,0,0,1,1,0,0,0,0,0,3,0,0,1,0,0,0,1,1,2,4,2,0,2,1,1,0,1,1,2,1,1,2,0,0,0,0,0,1,0,15,21,9,1,1,1,0,5,12,10,8,2,2,0,0,1,0,1,3,3
515.75,0,0,0,0,0,1,0,0,0,0,4,3,0,1,1,1,0,1,3,1,8,4,4,1,0,2,0,0,3,1,0,0,0,0,0,0,0,0,0,1,2,2,1,0,0,0,0,1,0,1,0,0,0,0,0,0,0,0,0,0,1,0,0,0,0,0,0,1,1,1,10,7,6,3,3,0,0,1,8,6,2,0,1,0,0,0,0,0,1,0,1,0,0,0,0,0,0,0,0,0,21,11,6,3,3,1,0,2,9,8,1,0,1,0,0,0,0,0,1,0,1,0,0,0,0,0,0,0,1,0,1,0,0,0,0,0,0,0,0,0,1,3,0,1,0,0,0,0,1,1,1,1,1,0,0,0,1,0,3,3,10,4,3,0,2,3,0,0,4,6,0,0,0,0,0,0,0,0,0,0,27,24,13,8,3,2,0,3,7,10,30,11,6,6,2,6,0,5,12,16,2,2,0,0,1,0,0,1,0,1,3,6,2,0,0,1,0,0,3,1,3,2,2,2,2,3,0,0,4,2,3,0,1,0,0,0,0,1,1,2,1,1,1,0,2,0,0,1,0,1,2,1,0,0,1,0,0,0,1,2,0,1,1,0,0,0,0,0,0,0,3,1,0,1,1,1,0,0,1,2,4,5,4,2,0,0,1,1,6,9,3,1,0,0,0,0,0,0,1,1,22,5,8,2,4,1,0,2,8,13,5,4,2,2,2,0,0,1,3,2
516.25,0,0,0,0,0,2,0,0,1,1,8,3,2,1,1,0,0,0,2,1,3,0,3,0,1,1,1,0,3,1,0,0,0,0,0,0,0,0,0,0,3,1,2,0,0,1,0,0,1,2,0,0,0,0,0,0,0,0,0,0,0,0,1,1,0,0,0,0,1,0,14,7,1,2,2,1,0,1,6,9,0,1,3,2,0,0,0,1,0,0,1,0,0,1,0,0,0,0,0,0,18,8,9,4,0,1,1,2,8,7,0,0,0,1,0,0,0,0,1,0,0,0,1,0,0,0,0,0,0,0,0,0,0,0,0,0,0,0,0,0,2,2,0,0,1,0,0,0,2,2,4,2,1,0,2,0,1,0,2,4,10,5,5,0,0,2,0,1,4,7,1,1,0,0,0,0,0,0,0,0,26,17,13,6,3,1,0,2,15,13,21,9,8,8,2,3,0,3,10,7,1,0,0,0,0,2,0,0,2,2,8,2,0,0,0,1,0,1,4,3,5,0,4,0,2,0,1,1,1,4,3,1,1,0,0,0,0,0,1,0,2,1,0,0,0,1,0,0,1,1,1,1,2,1,0,0,0,1,2,0,2,2,0,0,0,0,0,0,0,0,0,2,1,1,0,0,0,0,1,3,8,1,2,0,1,0,0,0,1,8,0,0,1,0,0,0,0,0,0,1,12,14,5,2,2,1,0,0,12,12,9,2,5,2,1,0,0,0,4,3
516.75,1,0,0,0,0,0,0,0,1,0,5,3,5,1,0,0,0,0,2,2,2,4,2,2,1,0,0,0,1,2,0,0,0,0,0,0,0,0,0,0,3,2,0,0,0,0,0,0,2,0,0,1,0,0,0,0,0,0,0,0,0,1,0,0,0,0,0,2,0,0,9,4,6,5,2,2,1,3,3,6,1,0,3,0,0,0,0,0,2,1,0,0,0,0,0,0,0,1,0,0,19,9,5,8,5,1,2,2,5,9,2,0,0,0,0,0,0,0,3,2,0,0,0,0,0,0,0,0,0,0,0,0,0,0,0,0,0,0,0,0,5,2,2,0,0,0,0,0,1,0,3,2,0,1,0,0,0,0,0,1,12,4,2,0,2,0,0,0,6,4,1,0,0,0,0,0,1,0,0,2,24,18,12,11,4,4,0,3,18,12,31,24,11,3,2,2,0,0,11,15,1,1,0,0,0,0,0,0,1,2,2,1,5,0,0,0,0,1,3,2,6,3,0,2,0,1,0,2,4,3,4,2,0,2,0,0,0,0,0,1,1,1,0,0,0,0,0,0,1,0,4,1,2,1,2,0,0,0,0,2,0,0,0,0,0,0,0,0,0,1,0,1,5,0,0,2,0,0,3,3,5,5,3,1,1,0,0,0,4,3,1,1,0,0,0,0,0,0,0,1,16,9,8,6,2,2,1,3,12,8,8,2,1,2,3,1,0,1,5,4
517.25,1,0,0,0,0,0,0,0,0,0,6,3,1,3,1,0,0,0,0,3,6,1,3,0,2,1,0,1,3,3,1,0,0,0,0,0,0,0,0,0,9,2,2,0,1,1,0,0,3,2,0,0,0,0,0,0,0,0,1,0,1,0,0,1,1,0,0,2,0,0,10,3,4,1,1,3,1,2,5,8,1,1,1,0,0,0,0,0,1,0,1,0,0,0,0,0,0,0,0,0,17,15,7,0,1,2,0,1,11,11,0,1,0,0,1,0,0,0,0,0,0,0,0,0,0,0,0,0,0,0,0,0,0,0,0,0,0,0,0,0,1,2,0,0,0,1,0,0,2,0,1,2,0,0,0,0,0,0,3,3,5,4,5,0,2,2,0,0,4,6,0,0,0,0,0,0,0,0,0,2,28,13,8,8,5,1,0,1,16,13,23,9,5,5,3,1,1,3,13,20,0,5,4,0,0,0,0,0,1,0,3,1,2,4,0,3,0,0,2,4,2,3,3,0,2,3,0,1,2,4,0,0,2,0,0,0,0,0,0,0,1,1,0,0,0,0,0,0,0,1,3,2,0,2,0,0,0,0,1,1,1,0,0,0,0,0,0,0,1,1,1,0,1,0,0,0,0,0,1,0,3,4,1,3,0,0,0,1,0,5,1,0,0,0,0,0,0,0,2,0,12,8,5,3,1,10,2,1,8,13,6,4,5,1,3,0,0,1,2,0
517.75,0,1,0,0,0,0,0,1,0,1,3,2,2,1,0,2,0,1,2,4,7,5,4,5,1,4,0,0,3,4,0,1,1,0,0,0,0,0,0,0,4,1,1,0,0,0,0,0,1,2,0,0,0,0,0,0,0,0,0,0,0,0,1,0,0,0,0,1,1,0,12,9,5,3,4,3,0,1,5,6,2,0,0,0,1,0,0,0,2,1,0,0,0,0,0,0,0,0,0,0,19,12,12,6,4,3,0,1,10,6,2,0,0,0,0,0,0,0,0,0,0,0,0,0,0,0,0,0,0,0,1,0,0,0,0,0,0,0,0,0,2,0,0,0,0,2,0,0,4,0,1,3,0,0,0,0,0,0,2,2,17,2,6,4,2,1,0,0,7,8,0,0,1,0,0,0,0,0,0,0,28,22,6,6,4,4,0,1,13,13,26,14,12,7,4,4,0,2,13,10,3,0,0,2,0,1,0,1,0,2,2,1,1,1,1,0,1,1,2,5,6,2,1,2,0,2,0,3,1,6,2,0,2,0,0,0,0,0,1,1,3,0,2,0,0,0,0,0,0,0,0,2,2,0,0,0,0,0,1,1,1,1,0,1,1,1,0,0,2,3,7,0,2,0,2,0,0,0,1,1,0,5,1,0,1,0,1,0,1,6,1,1,0,0,0,1,0,1,0,1,19,10,6,6,5,2,1,2,4,12,2,3,3,5,4,0,0,1,1,3
518.25,1,0,0,0,0,0,0,0,0,0,4,2,2,1,0,1,0,2,2,0,3,5,0,3,0,0,0,0,3,2,0,0,0,0,0,0,0,0,0,0,6,2,1,1,0,0,0,1,1,0,0,0,0,0,0,0,0,0,0,0,0,0,0,0,0,2,0,0,0,1,11,7,3,2,4,0,0,0,8,4,2,0,0,0,1,0,0,0,1,2,0,0,0,0,0,0,0,0,0,0,22,10,8,2,3,3,0,1,13,9,0,2,0,0,0,0,0,0,0,0,0,0,0,0,0,0,0,0,0,0,2,1,0,0,1,0,0,0,0,0,1,1,1,0,0,0,0,1,0,1,2,3,0,0,0,0,0,0,1,3,12,5,6,3,2,1,0,2,1,4,0,0,0,0,0,0,0,0,0,3,25,17,13,7,2,5,2,2,17,15,12,14,8,6,2,2,1,0,12,9,1,0,1,0,1,0,0,0,0,4,4,2,1,1,0,0,0,0,2,2,5,1,6,2,1,1,0,2,2,3,2,2,0,1,2,0,0,0,1,2,2,1,1,0,0,0,0,0,1,0,0,0,2,1,1,0,0,0,4,0,3,0,2,0,0,1,0,0,0,0,3,0,2,0,1,0,0,1,1,0,4,2,2,1,1,0,0,1,3,7,3,2,1,1,0,0,0,2,0,2,13,5,4,5,3,2,0,1,9,14,5,4,4,0,1,2,0,0,1,4
518.75,1,0,0,0,0,0,0,0,0,0,2,4,3,1,2,1,0,0,6,3,5,5,4,0,2,0,1,0,4,2,0,0,0,0,1,0,0,0,0,0,4,2,3,1,0,1,0,1,0,2,0,0,0,0,0,0,0,0,0,0,0,0,0,0,0,0,0,0,0,1,10,6,4,4,1,3,0,1,11,5,2,1,0,0,0,0,0,0,0,2,0,1,0,0,0,0,0,0,0,0,17,15,6,8,3,3,0,2,11,9,1,0,0,0,0,0,0,0,1,0,0,0,0,0,0,0,0,0,0,1,0,0,1,0,0,0,0,0,0,0,0,2,1,1,1,1,0,0,1,1,4,0,3,0,0,0,0,0,1,0,4,5,6,4,1,3,0,0,6,5,1,1,0,0,0,0,0,0,1,0,30,19,13,5,6,5,2,2,20,14,23,13,9,5,4,3,1,1,6,13,3,4,0,0,1,0,0,0,1,0,3,5,2,0,0,0,0,1,1,4,7,2,3,1,0,4,0,0,2,4,0,1,0,0,0,0,0,0,0,0,2,2,1,1,0,0,0,2,1,0,1,0,0,0,0,1,0,0,0,0,1,1,0,1,0,1,0,0,1,0,2,2,1,2,0,0,0,0,1,0,5,3,1,2,1,2,0,0,4,3,1,0,1,2,0,0,0,0,0,0,13,12,3,4,5,2,1,1,11,10,4,5,1,1,0,2,0,0,1,1
519.25,1,1,2,0,0,0,0,0,0,2,3,6,2,0,1,0,0,0,4,3,3,1,1,2,1,0,0,0,3,8,1,0,0,1,0,0,0,0,0,0,4,3,2,0,1,0,0,0,0,1,0,0,0,0,0,0,0,0,0,0,1,0,0,0,0,0,0,0,0,1,8,4,7,2,1,1,0,0,7,5,4,1,2,0,0,0,0,0,2,3,0,0,0,0,0,0,0,0,0,1,18,6,4,6,4,2,0,2,12,8,0,1,0,0,0,0,0,0,1,1,0,0,0,0,0,0,0,0,0,0,0,0,0,0,0,0,0,0,0,1,2,1,1,0,1,0,0,0,0,1,3,0,2,0,2,1,0,0,1,0,11,7,3,3,2,0,0,1,6,2,0,0,0,0,0,0,0,0,0,0,25,11,15,2,2,2,0,2,9,17,18,14,5,4,3,3,0,2,16,11,2,1,1,0,0,0,0,0,1,0,6,0,1,2,3,0,0,0,2,5,2,2,2,3,2,1,0,1,2,0,2,0,1,0,1,0,0,0,1,0,2,0,1,1,0,0,0,0,0,0,1,0,0,0,0,1,0,0,0,2,0,0,1,0,1,0,0,0,1,2,2,1,2,0,1,1,0,0,1,1,5,3,4,1,1,1,0,0,5,6,1,0,1,0,0,0,0,1,3,2,10,3,5,3,5,6,2,0,13,11,7,8,1,5,0,2,0,0,4,4
519.75,0,0,1,0,0,0,0,0,0,0,6,6,3,0,1,0,0,0,4,5,3,5,3,2,0,1,1,0,1,6,0,1,0,0,0,1,0,0,1,0,3,4,0,1,0,0,0,1,2,3,0,0,0,0,0,0,0,0,0,0,1,0,0,0,0,0,0,0,1,0,9,5,3,3,3,4,0,2,5,4,2,0,2,0,0,0,0,0,0,0,0,0,0,0,0,0,0,0,0,0,18,12,3,4,3,3,1,4,9,11,0,1,0,0,0,0,0,0,0,0,0,0,0,1,0,0,0,0,0,0,0,0,0,0,0,1,0,0,0,0,1,2,0,0,0,1,0,0,3,0,1,3,2,2,0,1,0,1,1,2,5,3,6,0,3,2,1,0,8,8,1,0,0,0,0,0,0,0,0,0,21,20,11,6,7,2,1,1,12,15,29,14,10,1,6,1,2,3,9,13,3,1,1,0,1,1,0,0,0,2,2,2,1,2,1,0,0,0,2,1,5,4,2,3,0,2,0,1,3,6,0,0,1,0,1,0,0,0,1,3,2,0,0,0,0,0,0,0,0,1,2,0,2,2,0,0,0,0,0,3,0,0,0,1,0,2,0,0,0,3,5,1,0,2,1,0,0,0,1,5,4,0,1,2,0,1,0,0,4,2,0,0,0,1,0,0,0,0,2,2,14,9,7,2,1,1,0,2,6,7,5,5,1,1,0,0,0,0,5,8
520.25,2,0,0,0,0,0,0,0,1,2,8,3,2,1,0,1,0,0,2,1,4,1,2,2,0,0,0,1,4,5,0,0,0,0,0,0,0,0,0,1,4,0,2,0,0,0,0,0,3,2,0,0,0,0,0,0,0,0,0,0,3,0,0,1,0,0,0,0,0,1,6,10,2,0,1,3,0,0,4,5,1,0,0,2,0,0,0,1,0,0,0,2,0,0,0,0,0,0,1,0,13,9,10,1,4,3,1,2,4,5,1,0,1,0,0,0,0,0,1,1,0,0,0,0,0,0,0,0,0,0,1,0,1,0,0,0,0,0,0,0,6,1,1,0,2,0,0,0,0,1,4,1,1,0,0,1,0,0,1,3,8,3,3,7,2,2,0,1,5,9,1,0,0,0,0,0,0,0,0,0,28,8,11,8,5,9,0,3,20,11,25,13,6,10,3,4,0,2,15,10,2,0,0,1,0,0,0,0,1,0,4,3,2,0,1,2,0,0,4,6,6,2,1,3,2,0,0,0,4,3,0,1,2,0,0,0,0,0,0,2,4,1,1,1,0,0,0,1,0,1,3,2,0,0,0,1,0,0,0,0,1,2,0,0,0,0,0,0,0,0,5,2,5,0,0,0,0,0,2,1,10,0,2,1,1,1,0,3,0,2,1,0,1,0,0,0,0,0,1,2,13,7,5,4,1,2,1,0,6,7,6,1,2,0,0,1,0,0,1,7
520.75,1,1,2,1,0,0,0,0,0,0,8,3,0,2,1,1,0,0,1,6,7,0,0,1,2,0,0,0,7,2,0,2,0,0,0,0,0,0,1,0,2,4,1,1,0,0,0,0,2,3,0,0,0,0,0,0,0,0,0,0,0,0,1,0,1,0,0,0,0,1,10,8,6,1,1,1,0,2,4,9,3,0,1,0,0,1,0,0,0,0,0,0,0,0,0,0,0,0,0,0,16,11,8,3,3,4,0,2,9,10,3,1,1,0,0,0,0,0,0,0,0,0,0,0,0,0,0,0,0,0,0,0,0,0,0,0,0,0,1,0,3,3,1,1,2,0,0,1,2,0,4,0,1,0,2,1,0,0,1,0,7,2,3,2,2,1,0,3,3,5,0,2,0,0,0,0,0,0,0,1,24,22,8,6,4,4,0,4,12,15,23,14,7,3,3,3,0,2,14,21,3,1,1,3,0,2,1,0,4,0,2,5,1,1,0,1,0,0,2,4,2,2,3,1,0,0,0,2,3,2,2,1,0,0,0,0,0,0,0,1,3,2,0,0,0,0,0,0,1,2,2,1,0,0,1,0,0,0,0,1,0,1,1,0,0,0,0,0,1,3,1,2,2,0,0,1,0,0,0,2,5,4,0,0,2,2,0,0,1,5,0,1,2,1,1,0,0,0,0,0,10,12,13,1,1,0,0,0,10,12,7,7,2,2,2,0,0,4,5,4
521.25,1,2,0,0,0,0,0,0,0,0,2,4,5,0,0,0,0,1,4,5,8,2,3,0,2,0,0,1,5,0,1,0,0,0,0,0,0,1,1,0,1,2,2,0,1,1,0,0,3,3,0,0,0,0,0,0,0,0,0,0,1,2,1,0,0,0,0,0,0,0,10,7,3,1,0,1,0,1,3,4,4,2,0,1,0,0,0,0,1,0,0,0,0,0,0,0,0,0,0,1,11,8,6,3,2,1,0,0,14,11,1,0,1,0,0,0,0,0,0,0,0,0,0,0,0,0,0,0,0,0,1,0,2,0,0,0,0,0,1,0,2,2,1,1,0,2,0,0,0,0,4,0,1,0,0,1,0,0,0,2,5,7,3,1,2,3,0,1,5,7,1,1,0,0,0,0,0,0,0,0,36,16,12,7,4,4,1,5,20,14,21,8,11,7,1,5,2,3,15,8,3,0,1,0,0,1,0,0,1,2,4,0,0,1,0,1,0,0,3,3,0,2,1,0,1,1,0,1,1,5,2,1,0,0,1,2,0,0,1,0,3,1,1,2,0,1,0,0,2,0,2,0,2,0,0,0,0,1,1,0,3,0,1,1,0,0,0,0,2,2,2,0,0,1,0,0,0,0,0,0,5,1,3,3,0,0,0,0,0,3,1,0,0,0,0,0,0,1,2,0,19,5,3,4,3,0,1,3,14,8,2,2,3,2,0,0,0,0,6,4
521.75,0,0,0,0,0,0,0,0,0,2,8,2,3,1,0,1,0,0,6,4,5,1,2,0,1,2,0,1,1,3,0,0,0,0,0,0,0,0,0,0,7,1,2,1,0,0,0,1,5,2,0,0,0,0,0,0,0,0,0,0,2,0,1,0,0,0,0,0,1,1,7,3,2,2,4,4,1,0,5,2,3,0,1,1,0,0,0,0,1,4,0,0,0,0,0,0,0,0,0,0,14,9,8,3,2,4,0,2,10,11,1,0,0,0,0,0,0,0,0,0,0,0,0,0,0,0,0,0,0,1,2,0,0,0,0,0,0,0,0,0,1,3,2,0,0,0,1,0,1,1,4,0,0,0,1,1,0,1,2,1,3,1,4,4,1,1,1,2,5,7,1,0,0,0,1,0,0,1,0,1,34,11,2,11,4,5,0,3,19,9,22,18,7,3,3,7,1,2,14,19,2,2,1,0,0,0,0,0,0,3,2,4,1,1,0,0,2,0,2,5,5,2,1,2,1,0,0,0,3,4,2,1,0,1,0,3,0,0,2,0,2,1,0,1,0,0,0,0,1,2,3,2,1,0,1,0,0,0,0,2,0,1,2,0,0,0,0,0,0,0,1,1,0,1,1,0,0,1,3,2,6,3,4,1,1,3,0,1,2,4,1,2,0,0,0,0,0,1,0,1,16,11,5,3,2,3,1,1,9,8,5,5,5,2,0,1,0,1,4,4
522.25,1,0,0,0,2,0,0,0,2,1,6,3,3,1,1,1,0,0,4,4,2,2,5,1,0,2,0,0,0,4,0,0,0,0,0,0,0,0,1,0,1,2,1,1,1,1,0,1,0,2,0,0,0,0,0,0,0,0,0,0,0,0,0,0,0,0,0,0,0,1,19,5,6,1,1,3,0,0,7,3,3,1,0,0,1,0,0,0,1,1,0,0,0,0,0,0,0,0,0,0,20,11,5,5,3,2,0,2,13,14,0,6,3,1,1,0,0,0,0,0,0,0,0,0,0,0,0,0,0,0,1,0,0,1,0,0,0,0,0,0,6,1,1,0,1,0,0,0,4,2,3,1,1,0,0,1,0,2,0,2,9,3,6,1,1,0,0,0,3,2,2,0,0,0,0,0,0,0,1,0,20,15,6,5,5,2,1,3,15,22,16,21,9,8,6,1,0,1,14,17,3,1,0,1,2,0,0,1,0,0,3,2,0,0,1,0,0,0,3,5,7,3,0,3,0,0,2,0,4,3,1,0,1,1,0,0,0,0,2,1,2,1,0,0,0,0,0,0,0,1,0,2,0,0,2,1,0,0,1,3,1,2,0,1,0,0,0,2,1,1,0,0,3,3,0,0,0,0,1,1,5,3,0,2,1,0,0,0,4,7,1,0,0,0,0,0,0,0,0,2,14,3,7,5,2,1,0,2,9,11,5,0,2,0,1,0,0,1,4,4
522.75,0,1,1,0,0,0,0,0,0,0,9,2,4,3,1,0,0,0,2,6,2,2,0,0,0,0,0,1,2,7,0,0,1,0,0,0,0,0,0,0,5,0,1,2,1,1,0,2,2,4,0,0,0,0,0,0,0,0,0,0,1,1,1,0,1,0,0,0,0,1,4,8,5,1,4,5,0,2,2,5,1,1,0,0,0,0,0,1,0,2,0,0,0,0,0,0,0,0,0,0,27,5,3,5,3,5,0,3,12,17,0,0,0,0,0,0,0,0,2,2,0,0,0,0,0,0,0,0,0,0,0,0,0,0,1,0,0,0,0,0,1,1,3,1,0,1,0,1,1,2,2,1,3,1,0,0,0,0,1,0,5,3,4,3,2,2,0,1,1,8,0,0,0,0,0,0,0,0,2,0,16,25,18,3,4,3,0,2,13,26,25,13,13,5,3,1,0,1,10,14,2,5,1,0,0,0,0,0,1,2,4,1,1,2,1,0,0,1,2,4,3,1,7,1,0,0,0,2,2,0,0,1,1,1,2,0,0,0,0,1,2,4,1,2,0,0,0,0,6,0,1,1,2,1,0,2,0,0,1,1,0,0,1,0,0,0,0,0,2,0,3,3,0,2,0,0,0,2,2,4,6,1,4,1,0,0,0,0,3,4,0,0,0,0,0,1,0,0,0,0,21,19,9,3,1,1,2,1,8,12,6,3,1,2,3,0,0,0,0,7
523.25,1,0,0,0,0,0,0,0,0,0,6,1,0,2,0,0,0,0,7,2,8,1,0,0,2,1,0,1,2,2,2,0,0,0,0,0,0,0,0,1,2,3,1,0,1,1,0,0,3,2,0,0,0,0,0,0,0,0,0,0,2,0,0,2,0,0,0,0,1,1,17,3,4,6,1,0,0,0,10,5,2,0,4,0,0,0,0,0,0,1,0,0,0,0,0,0,0,0,0,0,15,15,7,1,1,4,1,0,9,9,0,0,0,0,1,1,0,0,1,1,0,0,0,0,0,0,0,0,0,0,0,0,0,0,1,0,0,0,0,0,4,1,1,0,1,0,0,0,0,0,4,1,0,0,1,1,0,0,3,1,7,9,1,2,1,0,0,0,3,9,0,1,1,0,0,0,0,0,0,0,38,20,18,8,7,6,0,0,15,18,20,14,7,8,3,4,0,2,13,13,1,1,2,1,1,2,0,1,3,0,6,2,0,0,0,2,0,2,2,2,3,3,1,2,1,1,0,1,3,4,2,1,1,0,0,1,0,0,2,0,2,0,1,0,0,0,0,0,2,3,2,3,2,0,1,0,0,0,1,2,3,1,0,0,0,0,0,0,0,0,0,1,2,1,0,0,0,0,1,1,1,3,3,3,2,0,0,1,1,2,0,2,0,0,1,0,0,0,2,3,18,9,13,5,2,1,0,1,8,15,4,2,2,0,0,2,0,2,2,4
523.75,0,0,0,1,0,1,0,0,0,0,4,3,1,2,0,1,0,0,1,6,0,3,6,1,0,0,0,1,2,2,0,1,0,1,1,0,0,0,0,0,1,2,1,1,0,1,0,0,0,2,0,0,0,0,0,0,0,0,0,0,1,0,0,0,0,0,0,0,0,2,10,5,1,7,3,2,0,1,6,2,4,1,0,1,1,0,0,1,0,0,0,0,0,0,0,0,0,0,0,0,19,11,9,4,3,4,0,5,12,5,1,0,0,1,0,0,0,0,1,0,0,0,0,0,0,0,0,0,0,0,0,0,0,0,0,0,1,0,0,0,5,1,0,2,0,3,0,0,2,1,2,2,1,0,1,1,0,0,0,2,9,7,3,2,3,0,0,0,6,3,0,0,0,0,0,0,0,0,2,0,29,17,11,4,6,1,1,2,23,14,29,18,16,6,3,4,0,2,11,18,2,1,1,0,0,1,0,2,1,0,0,4,2,0,0,0,0,1,1,1,7,3,0,1,2,0,0,2,3,5,1,0,0,0,0,0,0,0,0,3,3,2,3,0,0,0,0,0,1,1,1,1,0,0,0,0,0,0,3,0,0,0,0,0,0,0,0,0,1,2,0,1,0,1,0,0,1,0,3,0,4,6,4,1,0,1,1,1,1,3,2,2,0,1,0,1,0,0,0,2,15,9,6,2,2,2,0,3,10,12,6,3,4,0,3,1,1,1,4,4
524.25,2,1,0,0,0,0,0,0,0,0,3,5,5,1,0,0,0,0,2,4,8,3,4,0,1,0,0,0,3,1,0,0,0,0,0,0,0,0,0,0,4,0,1,2,1,0,0,0,0,2,0,0,0,0,0,0,0,0,0,0,1,0,1,2,0,0,1,0,1,1,7,7,6,2,5,1,0,0,4,7,0,1,2,1,0,0,0,0,0,1,0,0,0,0,0,0,0,0,0,0,13,6,12,6,4,3,0,1,11,15,2,0,0,0,0,0,0,0,0,0,0,0,0,0,0,0,0,0,0,0,0,0,0,0,0,0,0,0,0,0,1,2,0,0,0,0,0,0,2,1,5,1,2,1,0,3,0,0,0,3,11,9,6,1,2,1,1,2,2,6,0,0,0,0,0,0,0,0,0,1,21,12,14,10,6,6,2,3,22,18,16,13,6,5,7,7,2,0,14,8,0,1,1,1,0,0,0,0,0,1,3,1,1,1,0,0,0,0,1,2,3,6,4,1,0,0,0,0,5,3,2,0,0,0,0,0,0,1,1,4,0,1,0,1,0,0,0,0,0,0,0,1,0,0,2,0,0,0,2,1,0,1,0,0,1,0,0,0,1,1,3,0,1,0,0,0,0,0,1,1,2,2,3,0,2,1,0,1,6,5,0,0,0,0,1,0,0,0,1,1,16,5,4,2,1,4,3,2,10,16,6,2,2,1,1,0,0,2,5,4
524.75,0,0,1,0,0,0,0,0,0,1,10,2,2,2,2,4,0,0,2,2,5,1,2,2,1,0,0,1,3,2,0,0,0,0,0,0,0,0,0,0,3,4,0,1,0,2,0,0,3,1,0,0,0,0,0,0,0,0,0,1,1,2,0,0,1,0,0,0,0,2,11,4,5,3,3,3,0,0,3,8,0,1,2,0,0,1,0,0,1,1,0,0,0,0,0,0,0,0,0,0,11,7,9,4,3,4,1,2,13,14,1,3,0,0,0,0,0,0,1,0,0,0,0,0,0,0,0,0,0,0,1,0,0,0,0,0,0,0,0,0,4,1,2,2,1,2,0,0,2,0,3,5,2,1,2,0,0,0,1,3,11,7,2,1,0,4,0,1,9,5,2,0,1,0,0,0,0,0,1,1,26,10,15,8,4,10,1,3,11,25,22,11,10,3,6,1,1,2,18,17,2,2,2,0,0,0,1,0,0,1,6,1,1,0,2,1,0,0,2,5,4,0,1,3,1,0,0,0,1,0,1,0,0,0,0,0,0,0,0,0,1,0,2,0,0,0,0,1,0,1,2,1,1,1,1,0,0,1,1,0,1,2,1,1,0,1,0,0,1,1,3,2,1,0,0,0,0,0,0,2,3,1,1,0,0,1,0,1,3,2,1,1,0,0,0,1,0,0,0,1,11,11,8,5,3,2,0,1,10,16,14,2,2,1,1,0,0,1,4,5
